LAT,LON,SPEED,COURSE,HEADING,ELAPSED,DESTINATION,FLAG,LENGTH,ROT,SHIPNAME,SHIPTYPE,SHIP_ID,WIDTH,L_FORE,W_LEFT,DWT,GT_SHIPTYPE,LEGEND,DATETIME,PORT20,date,week_nb,ship_type,port24,is_parked
57.60398,11.66622,90,10,9,2,GRUVON,NL,82,0,CAROLINA,7,257347,12,72,3,3697,9,1,2016-12-20T04:29:13.000Z,gothenborg,2016-12-20T00:00:00.000Z,51,Cargo,gothenborg,0
57.60398,11.66622,90,10,9,2,GRUVON,NL,82,0,CAROLINA,7,257347,12,72,3,3697,9,1,2016-12-20T04:31:13.000Z,gothenborg,2016-12-20T00:00:00.000Z,51,Cargo,gothenborg,0
57.61161,11.66995,91,25,27,2,GRUVON,NL,82,0,CAROLINA,7,257347,12,72,3,3697,9,1,2016-12-20T04:33:13.000Z,gothenborg,2016-12-20T00:00:00.000Z,51,Cargo,gothenborg,0
57.61632,11.67515,92,32,31,2,GRUVON,NL,82,0,CAROLINA,7,257347,12,72,3,3697,9,1,2016-12-20T04:35:04.000Z,gothenborg,2016-12-20T00:00:00.000Z,51,Cargo,gothenborg,0
57.62486,11.68515,91,32,31,2,GRUVON,NL,82,0,CAROLINA,7,257347,12,72,3,3697,9,1,2016-12-20T04:39:13.000Z,gothenborg,2016-12-20T00:00:00.000Z,51,Cargo,gothenborg,0
57.62915,11.69019,91,31,31,2,GRUVON,NL,82,0,CAROLINA,7,257347,12,72,3,3697,9,1,2016-12-20T04:41:05.000Z,gothenborg,2016-12-20T00:00:00.000Z,51,Cargo,gothenborg,0
57.63338,11.69509,91,29,26,2,GRUVON,NL,82,0,CAROLINA,7,257347,12,72,3,3697,9,1,2016-12-20T04:43:05.000Z,gothenborg,2016-12-20T00:00:00.000Z,51,Cargo,gothenborg,0
57.63839,11.69956,91,22,21,2,GRUVON,NL,82,0,CAROLINA,7,257347,12,72,3,3697,9,1,2016-12-20T04:45:05.000Z,gothenborg,2016-12-20T00:00:00.000Z,51,Cargo,gothenborg,0
57.64393,11.7033,91,18,17,2,GRUVON,NL,82,0,CAROLINA,7,257347,12,72,3,3697,9,1,2016-12-20T04:47:12.000Z,gothenborg,2016-12-20T00:00:00.000Z,51,Cargo,gothenborg,0
57.64393,11.7033,91,18,17,2,GRUVON,NL,82,0,CAROLINA,7,257347,12,72,3,3697,9,1,2016-12-20T04:49:05.000Z,gothenborg,2016-12-20T00:00:00.000Z,51,Cargo,gothenborg,0
57.65001,11.71274,87,71,73,2,GRUVON,NL,82,0,CAROLINA,7,257347,12,72,3,3697,9,1,2016-12-20T04:51:05.000Z,gothenborg,2016-12-20T00:00:00.000Z,51,Cargo,gothenborg,0
57.65119,11.72154,89,80,79,2,GRUVON,NL,82,0,CAROLINA,7,257347,12,72,3,3697,9,1,2016-12-20T04:53:12.000Z,gothenborg,2016-12-20T00:00:00.000Z,51,Cargo,gothenborg,0
57.65294,11.73276,90,72,72,2,GRUVON,NL,82,0,CAROLINA,7,257347,12,72,3,3697,9,1,2016-12-20T04:55:05.000Z,gothenborg,2016-12-20T00:00:00.000Z,51,Cargo,gothenborg,0
57.65434,11.74171,89,73,74,2,GRUVON,NL,82,0,CAROLINA,7,257347,12,72,3,3697,9,0,2016-12-20T04:57:05.000Z,gothenborg,2016-12-20T00:00:00.000Z,51,Cargo,gothenborg,0
57.65513,11.74688,91,74,73,3,GRUVON,NL,82,0,CAROLINA,7,257347,12,72,3,3697,9,1,2016-12-20T04:59:06.000Z,gothenborg,2016-12-20T00:00:00.000Z,51,Cargo,gothenborg,0
57.65688,11.75733,90,71,71,2,GRUVON,NL,82,0,CAROLINA,7,257347,12,72,3,3697,9,1,2016-12-20T05:01:03.000Z,gothenborg,2016-12-20T00:00:00.000Z,51,Cargo,gothenborg,0
57.65849,11.7661,89,70,71,2,GRUVON,NL,82,0,CAROLINA,7,257347,12,72,3,3697,9,1,2016-12-20T05:03:06.000Z,gothenborg,2016-12-20T00:00:00.000Z,51,Cargo,gothenborg,0
57.66051,11.77428,87,54,53,2,GRUVON,NL,82,0,CAROLINA,7,257347,12,72,3,3697,9,1,2016-12-20T05:05:05.000Z,gothenborg,2016-12-20T00:00:00.000Z,51,Cargo,gothenborg,0
57.66355,11.78133,88,46,46,2,GRUVON,NL,82,0,CAROLINA,7,257347,12,72,3,3697,9,1,2016-12-20T05:07:05.000Z,gothenborg,2016-12-20T00:00:00.000Z,51,Cargo,gothenborg,0
57.66821,11.79006,89,43,46,1,GRUVON,NL,82,0,CAROLINA,7,257347,12,72,3,3697,9,1,2016-12-20T05:09:14.000Z,gothenborg,2016-12-20T00:00:00.000Z,51,Cargo,gothenborg,0
57.66995,11.79331,87,46,49,2,GRUVON,NL,82,0,CAROLINA,7,257347,12,72,3,3697,9,0,2016-12-20T05:11:05.000Z,gothenborg,2016-12-20T00:00:00.000Z,51,Cargo,gothenborg,0
57.67463,11.80265,87,47,51,2,GRUVON,NL,82,0,CAROLINA,7,257347,12,72,3,3697,9,0,2016-12-20T05:13:12.000Z,gothenborg,2016-12-20T00:00:00.000Z,51,Cargo,gothenborg,0
57.67463,11.80265,87,47,51,2,GRUVON,NL,82,0,CAROLINA,7,257347,12,72,3,3697,9,1,2016-12-20T05:13:15.000Z,gothenborg,2016-12-20T00:00:00.000Z,51,Cargo,gothenborg,0
57.67765,11.81078,89,65,69,1,GRUVON,NL,82,0,CAROLINA,7,257347,12,72,3,3697,9,1,2016-12-20T05:15:05.000Z,gothenborg,2016-12-20T00:00:00.000Z,51,Cargo,gothenborg,0
57.67463,11.80265,87,47,51,2,GRUVON,NL,82,0,CAROLINA,7,257347,12,72,3,3697,9,1,2016-12-20T05:15:07.000Z,gothenborg,2016-12-20T00:00:00.000Z,51,Cargo,gothenborg,0
57.67856,11.81586,88,75,75,2,GRUVON,NL,82,0,CAROLINA,7,257347,12,72,3,3697,9,1,2016-12-20T05:17:05.000Z,gothenborg,2016-12-20T00:00:00.000Z,51,Cargo,gothenborg,0
57.67856,11.81586,88,75,75,2,GRUVON,NL,82,0,CAROLINA,7,257347,12,72,3,3697,9,0,2016-12-20T05:17:07.000Z,gothenborg,2016-12-20T00:00:00.000Z,51,Cargo,gothenborg,0
57.67972,11.82462,85,78,78,2,GRUVON,NL,82,0,CAROLINA,7,257347,12,72,3,3697,9,1,2016-12-20T05:19:05.000Z,gothenborg,2016-12-20T00:00:00.000Z,51,Cargo,gothenborg,0
57.67972,11.82462,85,78,78,2,GRUVON,NL,82,0,CAROLINA,7,257347,12,72,3,3697,9,0,2016-12-20T05:19:07.000Z,gothenborg,2016-12-20T00:00:00.000Z,51,Cargo,gothenborg,0
57.68057,11.83332,85,80,78,2,GRUVON,NL,82,0,CAROLINA,7,257347,12,72,3,3697,9,1,2016-12-20T05:21:12.000Z,gothenborg,2016-12-20T00:00:00.000Z,51,Cargo,gothenborg,0
57.68057,11.83332,85,80,78,2,GRUVON,NL,82,0,CAROLINA,7,257347,12,72,3,3697,9,0,2016-12-20T05:21:15.000Z,gothenborg,2016-12-20T00:00:00.000Z,51,Cargo,gothenborg,0
57.68057,11.83332,85,80,78,2,GRUVON,NL,82,0,CAROLINA,7,257347,12,72,3,3697,9,1,2016-12-20T05:23:05.000Z,gothenborg,2016-12-20T00:00:00.000Z,51,Cargo,gothenborg,0
57.68155,11.84258,84,76,73,2,GRUVON,NL,82,0,CAROLINA,7,257347,12,72,3,3697,9,1,2016-12-20T05:23:07.000Z,gothenborg,2016-12-20T00:00:00.000Z,51,Cargo,gothenborg,0
57.68317,11.85164,85,70,69,2,GRUVON,NL,82,0,CAROLINA,7,257347,12,72,3,3697,9,1,2016-12-20T05:25:05.000Z,gothenborg,2016-12-20T00:00:00.000Z,51,Cargo,gothenborg,0
57.68317,11.85164,85,70,69,2,GRUVON,NL,82,0,CAROLINA,7,257347,12,72,3,3697,9,1,2016-12-20T05:25:07.000Z,gothenborg,2016-12-20T00:00:00.000Z,51,Cargo,gothenborg,0
57.68484,11.86019,69,75,75,2,GRUVON,NL,82,0,CAROLINA,7,257347,12,72,3,3697,9,1,2016-12-20T05:27:05.000Z,gothenborg,2016-12-20T00:00:00.000Z,51,Cargo,gothenborg,0
57.68484,11.86019,69,75,75,2,GRUVON,NL,82,0,CAROLINA,7,257347,12,72,3,3697,9,1,2016-12-20T05:27:08.000Z,gothenborg,2016-12-20T00:00:00.000Z,51,Cargo,gothenborg,0
57.68573,11.86729,72,78,78,2,GRUVON,NL,82,0,CAROLINA,7,257347,12,72,3,3697,9,1,2016-12-20T05:29:05.000Z,gothenborg,2016-12-20T00:00:00.000Z,51,Cargo,gothenborg,0
57.68573,11.86729,72,78,78,2,GRUVON,NL,82,0,CAROLINA,7,257347,12,72,3,3697,9,1,2016-12-20T05:29:07.000Z,gothenborg,2016-12-20T00:00:00.000Z,51,Cargo,gothenborg,0
57.68624,11.87186,79,78,77,1,GRUVON,NL,82,0,CAROLINA,7,257347,12,72,3,3697,9,1,2016-12-20T05:31:06.000Z,gothenborg,2016-12-20T00:00:00.000Z,51,Cargo,gothenborg,0
57.68624,11.87186,79,78,77,2,GRUVON,NL,82,0,CAROLINA,7,257347,12,72,3,3697,9,1,2016-12-20T05:31:08.000Z,gothenborg,2016-12-20T00:00:00.000Z,51,Cargo,gothenborg,0
57.68624,11.87186,79,78,77,2,GRUVON,NL,82,0,CAROLINA,7,257347,12,72,3,3697,9,1,2016-12-20T05:33:05.000Z,gothenborg,2016-12-20T00:00:00.000Z,51,Cargo,gothenborg,0
57.68725,11.88093,84,78,80,2,GRUVON,NL,82,0,CAROLINA,7,257347,12,72,3,3697,9,1,2016-12-20T05:33:07.000Z,gothenborg,2016-12-20T00:00:00.000Z,51,Cargo,gothenborg,0
57.68829,11.89009,83,74,72,2,GRUVON,NL,82,0,CAROLINA,7,257347,12,72,3,3697,9,1,2016-12-20T05:35:05.000Z,gothenborg,2016-12-20T00:00:00.000Z,51,Cargo,gothenborg,0
57.68829,11.89009,83,74,72,2,GRUVON,NL,82,0,CAROLINA,7,257347,12,72,3,3697,9,1,2016-12-20T05:35:07.000Z,gothenborg,2016-12-20T00:00:00.000Z,51,Cargo,gothenborg,0
57.69059,11.89982,82,55,52,1,GRUVON,NL,82,0,CAROLINA,7,257347,12,72,3,3697,9,1,2016-12-20T05:37:05.000Z,gothenborg,2016-12-20T00:00:00.000Z,51,Cargo,gothenborg,0
57.69059,11.89982,82,55,52,1,GRUVON,NL,82,0,CAROLINA,7,257347,12,72,3,3697,9,1,2016-12-20T05:37:07.000Z,gothenborg,2016-12-20T00:00:00.000Z,51,Cargo,gothenborg,0
57.69223,11.90369,79,51,51,2,GRUVON,NL,82,0,CAROLINA,7,257347,12,72,3,3697,9,1,2016-12-20T05:39:05.000Z,gothenborg,2016-12-20T00:00:00.000Z,51,Cargo,gothenborg,0
57.69223,11.90369,79,51,51,2,GRUVON,NL,82,0,CAROLINA,7,257347,12,72,3,3697,9,1,2016-12-20T05:39:07.000Z,gothenborg,2016-12-20T00:00:00.000Z,51,Cargo,gothenborg,0
57.69533,11.91074,76,50,51,2,GRUVON,NL,82,0,CAROLINA,7,257347,12,72,3,3697,9,1,2016-12-20T05:41:05.000Z,gothenborg,2016-12-20T00:00:00.000Z,51,Cargo,gothenborg,0
57.69533,11.91074,76,50,51,2,GRUVON,NL,82,0,CAROLINA,7,257347,12,72,3,3697,9,1,2016-12-20T05:41:07.000Z,gothenborg,2016-12-20T00:00:00.000Z,51,Cargo,gothenborg,0
57.69713,11.91494,76,50,50,3,GRUVON,NL,82,0,CAROLINA,7,257347,12,72,3,3697,9,1,2016-12-20T05:43:05.000Z,gothenborg,2016-12-20T00:00:00.000Z,51,Cargo,gothenborg,0
57.69713,11.91494,76,50,50,3,GRUVON,NL,82,0,CAROLINA,7,257347,12,72,3,3697,9,1,2016-12-20T05:43:07.000Z,gothenborg,2016-12-20T00:00:00.000Z,51,Cargo,gothenborg,0
57.70049,11.92356,77,64,71,2,GRUVON,NL,82,720,CAROLINA,7,257347,12,72,3,3697,9,1,2016-12-20T05:45:04.000Z,gothenborg,2016-12-20T00:00:00.000Z,51,Cargo,gothenborg,0
57.70049,11.92356,77,64,71,2,GRUVON,NL,82,720,CAROLINA,7,257347,12,72,3,3697,9,1,2016-12-20T05:45:07.000Z,gothenborg,2016-12-20T00:00:00.000Z,51,Cargo,gothenborg,0
57.70147,11.93197,76,81,80,2,GRUVON,NL,82,0,CAROLINA,7,257347,12,72,3,3697,9,1,2016-12-20T05:47:05.000Z,gothenborg,2016-12-20T00:00:00.000Z,51,Cargo,gothenborg,0
57.70147,11.93197,76,81,80,2,GRUVON,NL,82,0,CAROLINA,7,257347,12,72,3,3697,9,0,2016-12-20T05:47:07.000Z,gothenborg,2016-12-20T00:00:00.000Z,51,Cargo,gothenborg,0
57.70229,11.9404,76,78,75,2,GRUVON,NL,82,-720,CAROLINA,7,257347,12,72,3,3697,9,0,2016-12-20T05:49:05.000Z,gothenborg,2016-12-20T00:00:00.000Z,51,Cargo,gothenborg,0
57.70229,11.9404,76,78,75,2,GRUVON,NL,82,-720,CAROLINA,7,257347,12,72,3,3697,9,0,2016-12-20T05:49:08.000Z,gothenborg,2016-12-20T00:00:00.000Z,51,Cargo,gothenborg,0
57.70293,11.94506,65,70,69,2,GRUVON,NL,82,0,CAROLINA,7,257347,12,72,3,3697,9,1,2016-12-20T05:51:04.000Z,gothenborg,2016-12-20T00:00:00.000Z,51,Cargo,gothenborg,0
57.70229,11.9404,76,78,75,2,GRUVON,NL,82,-720,CAROLINA,7,257347,12,72,3,3697,9,0,2016-12-20T05:51:06.000Z,gothenborg,2016-12-20T00:00:00.000Z,51,Cargo,gothenborg,0
57.70479,11.9512,56,48,42,2,GRUVON,NL,82,0,CAROLINA,7,257347,12,72,3,3697,9,1,2016-12-20T05:53:06.000Z,gothenborg,2016-12-20T00:00:00.000Z,51,Cargo,gothenborg,0
57.70479,11.9512,56,48,42,2,GRUVON,NL,82,0,CAROLINA,7,257347,12,72,3,3697,9,1,2016-12-20T05:53:08.000Z,gothenborg,2016-12-20T00:00:00.000Z,51,Cargo,gothenborg,0
57.70779,11.95568,56,35,35,2,GRUVON,NL,82,0,CAROLINA,7,257347,12,72,3,3697,9,1,2016-12-20T05:55:05.000Z,gothenborg,2016-12-20T00:00:00.000Z,51,Cargo,gothenborg,0
57.70779,11.95568,56,35,35,2,GRUVON,NL,82,0,CAROLINA,7,257347,12,72,3,3697,9,1,2016-12-20T05:55:07.000Z,gothenborg,2016-12-20T00:00:00.000Z,51,Cargo,gothenborg,0
57.7093,11.95768,56,34,36,2,GRUVON,NL,82,0,CAROLINA,7,257347,12,72,3,3697,9,1,2016-12-20T05:57:06.000Z,gothenborg,2016-12-20T00:00:00.000Z,51,Cargo,gothenborg,0
57.7093,11.95768,56,34,36,2,GRUVON,NL,82,0,CAROLINA,7,257347,12,72,3,3697,9,1,2016-12-20T05:57:16.000Z,gothenborg,2016-12-20T00:00:00.000Z,51,Cargo,gothenborg,0
57.71184,11.96222,39,39,42,2,GRUVON,NL,82,0,CAROLINA,7,257347,12,72,3,3697,9,1,2016-12-20T05:59:05.000Z,gothenborg,2016-12-20T00:00:00.000Z,51,Cargo,gothenborg,0
57.71184,11.96222,39,39,42,2,GRUVON,NL,82,0,CAROLINA,7,257347,12,72,3,3697,9,1,2016-12-20T05:59:08.000Z,gothenborg,2016-12-20T00:00:00.000Z,51,Cargo,gothenborg,0
57.71311,11.96375,21,51,48,2,GRUVON,NL,82,0,CAROLINA,7,257347,12,72,3,3697,9,1,2016-12-20T06:01:05.000Z,gothenborg,2016-12-20T00:00:00.000Z,51,Cargo,gothenborg,0
57.71311,11.96375,21,51,48,2,GRUVON,NL,82,0,CAROLINA,7,257347,12,72,3,3697,9,1,2016-12-20T06:01:08.000Z,gothenborg,2016-12-20T00:00:00.000Z,51,Cargo,gothenborg,0
57.71366,11.96515,17,52,49,2,GRUVON,NL,82,0,CAROLINA,7,257347,12,72,3,3697,9,1,2016-12-20T06:03:05.000Z,gothenborg,2016-12-20T00:00:00.000Z,51,Cargo,gothenborg,0
57.71366,11.96515,17,52,49,2,GRUVON,NL,82,0,CAROLINA,7,257347,12,72,3,3697,9,1,2016-12-20T06:03:07.000Z,gothenborg,2016-12-20T00:00:00.000Z,51,Cargo,gothenborg,0
57.71405,11.96612,21,50,49,2,GRUVON,NL,82,0,CAROLINA,7,257347,12,72,3,3697,9,1,2016-12-20T06:05:05.000Z,gothenborg,2016-12-20T00:00:00.000Z,51,Cargo,gothenborg,0
57.71405,11.96612,21,50,49,2,GRUVON,NL,82,0,CAROLINA,7,257347,12,72,3,3697,9,1,2016-12-20T06:05:08.000Z,gothenborg,2016-12-20T00:00:00.000Z,51,Cargo,gothenborg,0
57.71479,11.96761,31,51,49,3,GRUVON,NL,82,0,CAROLINA,7,257347,12,72,3,3697,9,1,2016-12-20T06:07:05.000Z,gothenborg,2016-12-20T00:00:00.000Z,51,Cargo,gothenborg,0
57.71479,11.96761,31,51,49,3,GRUVON,NL,82,0,CAROLINA,7,257347,12,72,3,3697,9,1,2016-12-20T06:07:07.000Z,gothenborg,2016-12-20T00:00:00.000Z,51,Cargo,gothenborg,0
57.71667,11.97216,31,55,55,2,GRUVON,NL,82,0,CAROLINA,7,257347,12,72,3,3697,9,1,2016-12-20T06:09:04.000Z,gothenborg,2016-12-20T00:00:00.000Z,51,Cargo,gothenborg,0
57.71667,11.97216,31,55,55,2,GRUVON,NL,82,0,CAROLINA,7,257347,12,72,3,3697,9,1,2016-12-20T06:09:07.000Z,gothenborg,2016-12-20T00:00:00.000Z,51,Cargo,gothenborg,0
57.71759,11.97457,25,56,57,2,GRUVON,NL,82,0,CAROLINA,7,257347,12,72,3,3697,9,1,2016-12-20T06:11:05.000Z,gothenborg,2016-12-20T00:00:00.000Z,51,Cargo,gothenborg,0
57.71759,11.97457,25,56,57,2,GRUVON,NL,82,0,CAROLINA,7,257347,12,72,3,3697,9,1,2016-12-20T06:11:08.000Z,gothenborg,2016-12-20T00:00:00.000Z,51,Cargo,gothenborg,0
57.71829,11.97667,23,60,58,2,GRUVON,NL,82,0,CAROLINA,7,257347,12,72,3,3697,9,1,2016-12-20T06:13:05.000Z,gothenborg,2016-12-20T00:00:00.000Z,51,Cargo,gothenborg,0
57.71829,11.97667,23,60,58,2,GRUVON,NL,82,0,CAROLINA,7,257347,12,72,3,3697,9,1,2016-12-20T06:13:07.000Z,gothenborg,2016-12-20T00:00:00.000Z,51,Cargo,gothenborg,0
57.71974,11.98104,21,58,57,2,GRUVON,NL,82,0,CAROLINA,7,257347,12,72,3,3697,9,1,2016-12-20T06:17:06.000Z,gothenborg,2016-12-20T00:00:00.000Z,51,Cargo,gothenborg,0
57.71974,11.98104,21,58,57,2,GRUVON,NL,82,0,CAROLINA,7,257347,12,72,3,3697,9,1,2016-12-20T06:17:08.000Z,gothenborg,2016-12-20T00:00:00.000Z,51,Cargo,gothenborg,0
57.72004,11.98206,20,56,57,2,GRUVON,NL,82,0,CAROLINA,7,257347,12,72,3,3697,9,1,2016-12-20T06:19:05.000Z,gothenborg,2016-12-20T00:00:00.000Z,51,Cargo,gothenborg,0
57.72004,11.98206,20,56,57,2,GRUVON,NL,82,0,CAROLINA,7,257347,12,72,3,3697,9,1,2016-12-20T06:19:08.000Z,gothenborg,2016-12-20T00:00:00.000Z,51,Cargo,gothenborg,0
57.72048,11.98324,19,58,56,3,GRUVON,NL,82,0,CAROLINA,7,257347,12,72,3,3697,9,1,2016-12-20T06:21:13.000Z,gothenborg,2016-12-20T00:00:00.000Z,51,Cargo,gothenborg,0
57.72048,11.98324,19,58,56,3,GRUVON,NL,82,0,CAROLINA,7,257347,12,72,3,3697,9,1,2016-12-20T06:21:21.000Z,gothenborg,2016-12-20T00:00:00.000Z,51,Cargo,gothenborg,0
57.72159,11.98604,18,52,47,2,GRUVON,NL,82,0,CAROLINA,7,257347,12,72,3,3697,9,1,2016-12-20T06:23:05.000Z,gothenborg,2016-12-20T00:00:00.000Z,51,Cargo,gothenborg,0
57.72159,11.98604,18,52,47,2,GRUVON,NL,82,0,CAROLINA,7,257347,12,72,3,3697,9,1,2016-12-20T06:23:08.000Z,gothenborg,2016-12-20T00:00:00.000Z,51,Cargo,gothenborg,0
57.72185,11.98675,18,49,44,3,GRUVON,NL,82,0,CAROLINA,7,257347,12,72,3,3697,9,1,2016-12-20T06:25:06.000Z,gothenborg,2016-12-20T00:00:00.000Z,51,Cargo,gothenborg,0
57.72185,11.98675,18,49,44,3,GRUVON,NL,82,0,CAROLINA,7,257347,12,72,3,3697,9,1,2016-12-20T06:25:08.000Z,gothenborg,2016-12-20T00:00:00.000Z,51,Cargo,gothenborg,0
57.72269,11.98833,18,39,34,2,GRUVON,NL,82,0,CAROLINA,7,257347,12,72,3,3697,9,1,2016-12-20T06:27:06.000Z,gothenborg,2016-12-20T00:00:00.000Z,51,Cargo,gothenborg,0
57.72269,11.98833,18,39,34,2,GRUVON,NL,82,0,CAROLINA,7,257347,12,72,3,3697,9,1,2016-12-20T06:27:08.000Z,gothenborg,2016-12-20T00:00:00.000Z,51,Cargo,gothenborg,0
57.72269,11.98833,18,39,34,2,GRUVON,NL,82,0,CAROLINA,7,257347,12,72,3,3697,9,1,2016-12-20T06:29:05.000Z,gothenborg,2016-12-20T00:00:00.000Z,51,Cargo,gothenborg,0
57.72367,11.98957,13,31,29,2,GRUVON,NL,82,0,CAROLINA,7,257347,12,72,3,3697,9,1,2016-12-20T06:29:08.000Z,gothenborg,2016-12-20T00:00:00.000Z,51,Cargo,gothenborg,0
57.72425,11.99029,11,30,24,2,GRUVON,NL,82,-720,CAROLINA,7,257347,12,72,3,3697,9,1,2016-12-20T06:31:05.000Z,gothenborg,2016-12-20T00:00:00.000Z,51,Cargo,gothenborg,0
57.72425,11.99029,11,30,24,2,GRUVON,NL,82,-720,CAROLINA,7,257347,12,72,3,3697,9,1,2016-12-20T06:31:08.000Z,gothenborg,2016-12-20T00:00:00.000Z,51,Cargo,gothenborg,0
57.72485,11.99087,10,23,18,2,GRUVON,NL,82,0,CAROLINA,7,257347,12,72,3,3697,9,1,2016-12-20T06:33:05.000Z,gothenborg,2016-12-20T00:00:00.000Z,51,Cargo,gothenborg,0
57.72485,11.99087,10,23,18,2,GRUVON,NL,82,0,CAROLINA,7,257347,12,72,3,3697,9,1,2016-12-20T06:33:07.000Z,gothenborg,2016-12-20T00:00:00.000Z,51,Cargo,gothenborg,0
57.72485,11.99087,10,23,18,2,GRUVON,NL,82,0,CAROLINA,7,257347,12,72,3,3697,9,1,2016-12-20T06:35:05.000Z,gothenborg,2016-12-20T00:00:00.000Z,51,Cargo,gothenborg,0
57.72485,11.99087,10,23,18,4,GRUVON,NL,82,0,CAROLINA,7,257347,12,72,3,3697,9,1,2016-12-20T06:35:07.000Z,gothenborg,2016-12-20T00:00:00.000Z,51,Cargo,gothenborg,0
57.72553,11.99123,9,8,14,3,GRUVON,NL,82,0,CAROLINA,7,257347,12,72,3,3697,9,1,2016-12-20T06:37:15.000Z,gothenborg,2016-12-20T00:00:00.000Z,51,Cargo,gothenborg,0
57.72553,11.99123,9,8,14,3,GRUVON,NL,82,0,CAROLINA,7,257347,12,72,3,3697,9,1,2016-12-20T06:37:17.000Z,gothenborg,2016-12-20T00:00:00.000Z,51,Cargo,gothenborg,0
57.72827,11.99278,49,18,19,1,GRUVON,NL,82,0,CAROLINA,7,257347,12,72,3,3697,9,1,2016-12-20T06:39:05.000Z,gothenborg,2016-12-20T00:00:00.000Z,51,Cargo,gothenborg,0
57.72827,11.99278,49,18,19,1,GRUVON,NL,82,0,CAROLINA,7,257347,12,72,3,3697,9,1,2016-12-20T06:39:08.000Z,gothenborg,2016-12-20T00:00:00.000Z,51,Cargo,gothenborg,0
57.72981,11.99378,52,18,19,2,GRUVON,NL,82,0,CAROLINA,7,257347,12,72,3,3697,9,1,2016-12-20T06:41:05.000Z,gothenborg,2016-12-20T00:00:00.000Z,51,Cargo,gothenborg,0
57.72981,11.99378,52,18,19,2,GRUVON,NL,82,0,CAROLINA,7,257347,12,72,3,3697,9,1,2016-12-20T06:41:07.000Z,gothenborg,2016-12-20T00:00:00.000Z,51,Cargo,gothenborg,0
57.73345,11.99623,59,18,18,2,GRUVON,NL,82,0,CAROLINA,7,257347,12,72,3,3697,9,1,2016-12-20T06:43:04.000Z,gothenborg,2016-12-20T00:00:00.000Z,51,Cargo,gothenborg,0
57.73345,11.99623,59,18,18,2,GRUVON,NL,82,0,CAROLINA,7,257347,12,72,3,3697,9,1,2016-12-20T06:43:07.000Z,gothenborg,2016-12-20T00:00:00.000Z,51,Cargo,gothenborg,0
57.73558,11.99748,61,17,20,2,GRUVON,NL,82,0,CAROLINA,7,257347,12,72,3,3697,9,1,2016-12-20T06:45:05.000Z,gothenborg,2016-12-20T00:00:00.000Z,51,Cargo,gothenborg,0
57.73558,11.99748,61,17,20,2,GRUVON,NL,82,0,CAROLINA,7,257347,12,72,3,3697,9,1,2016-12-20T06:45:07.000Z,gothenborg,2016-12-20T00:00:00.000Z,51,Cargo,gothenborg,0
57.73899,11.99981,61,19,20,2,GRUVON,NL,82,0,CAROLINA,7,257347,12,72,3,3697,9,1,2016-12-20T06:47:05.000Z,gothenborg,2016-12-20T00:00:00.000Z,51,Cargo,gothenborg,0
57.73899,11.99981,61,19,20,2,GRUVON,NL,82,0,CAROLINA,7,257347,12,72,3,3697,9,1,2016-12-20T06:47:08.000Z,gothenborg,2016-12-20T00:00:00.000Z,51,Cargo,gothenborg,0
57.74294,12.00239,59,16,17,2,GRUVON,NL,82,0,CAROLINA,7,257347,12,72,3,3697,9,1,2016-12-20T06:49:05.000Z,gothenborg,2016-12-20T00:00:00.000Z,51,Cargo,gothenborg,0
57.74294,12.00239,59,16,17,2,GRUVON,NL,82,0,CAROLINA,7,257347,12,72,3,3697,9,1,2016-12-20T06:49:07.000Z,gothenborg,2016-12-20T00:00:00.000Z,51,Cargo,gothenborg,0
57.74606,12.00358,55,356,353,1,GRUVON,NL,82,0,CAROLINA,7,257347,12,72,3,3697,9,1,2016-12-20T06:51:05.000Z,gothenborg,2016-12-20T00:00:00.000Z,51,Cargo,gothenborg,0
57.74606,12.00358,55,356,353,2,GRUVON,NL,82,0,CAROLINA,7,257347,12,72,3,3697,9,1,2016-12-20T06:51:15.000Z,gothenborg,2016-12-20T00:00:00.000Z,51,Cargo,gothenborg,0
57.74795,12.00313,57,348,347,3,GRUVON,NL,82,0,CAROLINA,7,257347,12,72,3,3697,9,1,2016-12-20T06:53:05.000Z,gothenborg,2016-12-20T00:00:00.000Z,51,Cargo,gothenborg,0
57.74795,12.00313,57,348,347,3,GRUVON,NL,82,0,CAROLINA,7,257347,12,72,3,3697,9,1,2016-12-20T06:53:07.000Z,gothenborg,2016-12-20T00:00:00.000Z,51,Cargo,gothenborg,0
57.75306,12.00108,63,347,346,2,GRUVON,NL,82,0,CAROLINA,7,257347,12,72,3,3697,9,1,2016-12-20T06:55:05.000Z,gothenborg,2016-12-20T00:00:00.000Z,51,Cargo,gothenborg,0
57.75306,12.00108,63,347,346,2,GRUVON,NL,82,0,CAROLINA,7,257347,12,72,3,3697,9,1,2016-12-20T06:55:07.000Z,gothenborg,2016-12-20T00:00:00.000Z,51,Cargo,gothenborg,0
57.75306,12.00108,63,347,346,4,GRUVON,NL,82,0,CAROLINA,7,257347,12,72,3,3697,9,1,2016-12-20T06:57:05.000Z,gothenborg,2016-12-20T00:00:00.000Z,51,Cargo,gothenborg,0
57.75306,12.00108,63,347,346,4,GRUVON,NL,82,0,CAROLINA,7,257347,12,72,3,3697,9,1,2016-12-20T06:57:07.000Z,gothenborg,2016-12-20T00:00:00.000Z,51,Cargo,gothenborg,0
57.75853,11.99872,64,350,354,2,GRUVON,NL,82,0,CAROLINA,7,257347,12,72,3,3697,9,1,2016-12-20T06:59:05.000Z,gothenborg,2016-12-20T00:00:00.000Z,51,Cargo,gothenborg,0
57.75853,11.99872,64,350,354,2,GRUVON,NL,82,0,CAROLINA,7,257347,12,72,3,3697,9,1,2016-12-20T06:59:08.000Z,gothenborg,2016-12-20T00:00:00.000Z,51,Cargo,gothenborg,0
57.76052,11.99862,64,7,16,3,GRUVON,NL,82,720,CAROLINA,7,257347,12,72,3,3697,9,1,2016-12-20T07:01:06.000Z,gothenborg,2016-12-20T00:00:00.000Z,51,Cargo,gothenborg,0
57.76052,11.99862,64,7,16,3,GRUVON,NL,82,720,CAROLINA,7,257347,12,72,3,3697,9,1,2016-12-20T07:01:08.000Z,gothenborg,2016-12-20T00:00:00.000Z,51,Cargo,gothenborg,0
57.76507,12.0029,63,28,24,2,GRUVON,NL,82,-720,CAROLINA,7,257347,12,72,3,3697,9,1,2016-12-20T07:03:05.000Z,gothenborg,2016-12-20T00:00:00.000Z,51,Cargo,gothenborg,0
57.76507,12.0029,63,28,24,2,GRUVON,NL,82,-720,CAROLINA,7,257347,12,72,3,3697,9,1,2016-12-20T07:03:07.000Z,gothenborg,2016-12-20T00:00:00.000Z,51,Cargo,gothenborg,0
57.76885,12.00517,61,7,3,1,GRUVON,NL,82,0,CAROLINA,7,257347,12,72,3,3697,9,1,2016-12-20T07:05:05.000Z,gothenborg,2016-12-20T00:00:00.000Z,51,Cargo,gothenborg,0
57.76885,12.00517,61,7,3,2,GRUVON,NL,82,0,CAROLINA,7,257347,12,72,3,3697,9,1,2016-12-20T07:05:07.000Z,gothenborg,2016-12-20T00:00:00.000Z,51,Cargo,gothenborg,0
57.77174,12.00537,63,359,357,2,GRUVON,NL,82,0,CAROLINA,7,257347,12,72,3,3697,9,1,2016-12-20T07:07:05.000Z,gothenborg,2016-12-20T00:00:00.000Z,51,Cargo,gothenborg,0
57.77174,12.00537,63,359,357,2,GRUVON,NL,82,0,CAROLINA,7,257347,12,72,3,3697,9,1,2016-12-20T07:07:07.000Z,gothenborg,2016-12-20T00:00:00.000Z,51,Cargo,gothenborg,0
57.77432,12.00517,63,356,355,3,GRUVON,NL,82,0,CAROLINA,7,257347,12,72,3,3697,9,1,2016-12-20T07:09:06.000Z,gothenborg,2016-12-20T00:00:00.000Z,51,Cargo,gothenborg,0
57.77432,12.00517,63,356,355,3,GRUVON,NL,82,0,CAROLINA,7,257347,12,72,3,3697,9,1,2016-12-20T07:09:08.000Z,gothenborg,2016-12-20T00:00:00.000Z,51,Cargo,gothenborg,0
57.77926,12.00448,64,358,0,2,GRUVON,NL,82,0,CAROLINA,7,257347,12,72,3,3697,9,1,2016-12-20T07:11:05.000Z,gothenborg,2016-12-20T00:00:00.000Z,51,Cargo,gothenborg,0
57.77926,12.00448,64,358,0,2,GRUVON,NL,82,0,CAROLINA,7,257347,12,72,3,3697,9,1,2016-12-20T07:11:07.000Z,gothenborg,2016-12-20T00:00:00.000Z,51,Cargo,gothenborg,0
57.78374,12.00543,64,12,12,1,GRUVON,NL,82,0,CAROLINA,7,257347,12,72,3,3697,9,1,2016-12-20T07:13:04.000Z,gothenborg,2016-12-20T00:00:00.000Z,51,Cargo,gothenborg,0
57.78374,12.00543,64,12,12,1,GRUVON,NL,82,0,CAROLINA,7,257347,12,72,3,3697,9,1,2016-12-20T07:13:07.000Z,gothenborg,2016-12-20T00:00:00.000Z,51,Cargo,gothenborg,0
57.78547,12.00618,63,14,18,2,GRUVON,NL,82,0,CAROLINA,7,257347,12,72,3,3697,9,1,2016-12-20T07:15:05.000Z,gothenborg,2016-12-20T00:00:00.000Z,51,Cargo,gothenborg,0
57.78547,12.00618,63,14,18,2,GRUVON,NL,82,0,CAROLINA,7,257347,12,72,3,3697,9,1,2016-12-20T07:15:07.000Z,gothenborg,2016-12-20T00:00:00.000Z,51,Cargo,gothenborg,0
57.7876,12.00763,56,21,20,3,GRUVON,NL,82,0,CAROLINA,7,257347,12,72,3,3697,9,1,2016-12-20T07:17:05.000Z,gothenborg,2016-12-20T00:00:00.000Z,51,Cargo,gothenborg,0
57.7876,12.00763,56,21,20,3,GRUVON,NL,82,0,CAROLINA,7,257347,12,72,3,3697,9,1,2016-12-20T07:17:07.000Z,gothenborg,2016-12-20T00:00:00.000Z,51,Cargo,gothenborg,0
57.79147,12.01024,60,18,16,2,GRUVON,NL,82,0,CAROLINA,7,257347,12,72,3,3697,9,1,2016-12-20T07:19:06.000Z,gothenborg,2016-12-20T00:00:00.000Z,51,Cargo,gothenborg,0
57.79147,12.01024,60,18,16,2,GRUVON,NL,82,0,CAROLINA,7,257347,12,72,3,3697,9,1,2016-12-20T07:19:09.000Z,gothenborg,2016-12-20T00:00:00.000Z,51,Cargo,gothenborg,0
57.79429,12.01184,67,13,11,2,GRUVON,NL,82,0,CAROLINA,7,257347,12,72,3,3697,9,1,2016-12-20T07:21:05.000Z,gothenborg,2016-12-20T00:00:00.000Z,51,Cargo,gothenborg,0
57.79429,12.01184,67,13,11,2,GRUVON,NL,82,0,CAROLINA,7,257347,12,72,3,3697,9,1,2016-12-20T07:21:07.000Z,gothenborg,2016-12-20T00:00:00.000Z,51,Cargo,gothenborg,0
57.79796,12.01316,67,8,6,3,GRUVON,NL,82,0,CAROLINA,7,257347,12,72,3,3697,9,1,2016-12-20T07:23:05.000Z,gothenborg,2016-12-20T00:00:00.000Z,51,Cargo,gothenborg,0
57.79796,12.01316,67,8,6,3,GRUVON,NL,82,0,CAROLINA,7,257347,12,72,3,3697,9,1,2016-12-20T07:23:15.000Z,gothenborg,2016-12-20T00:00:00.000Z,51,Cargo,gothenborg,0
57.80263,12.01381,69,1,0,2,GRUVON,NL,82,0,CAROLINA,7,257347,12,72,3,3697,9,1,2016-12-20T07:25:05.000Z,gothenborg,2016-12-20T00:00:00.000Z,51,Cargo,gothenborg,0
57.79796,12.01316,67,8,6,3,GRUVON,NL,82,0,CAROLINA,7,257347,12,72,3,3697,9,1,2016-12-20T07:25:07.000Z,gothenborg,2016-12-20T00:00:00.000Z,51,Cargo,gothenborg,0
57.80739,12.01384,67,0,2,2,GRUVON,NL,82,0,CAROLINA,7,257347,12,72,3,3697,9,1,2016-12-20T07:27:05.000Z,gothenborg,2016-12-20T00:00:00.000Z,51,Cargo,gothenborg,0
57.80739,12.01384,67,0,2,2,GRUVON,NL,82,0,CAROLINA,7,257347,12,72,3,3697,9,1,2016-12-20T07:27:07.000Z,gothenborg,2016-12-20T00:00:00.000Z,51,Cargo,gothenborg,0
57.81109,12.01412,67,1,0,2,GRUVON,NL,82,0,CAROLINA,7,257347,12,72,3,3697,9,1,2016-12-20T07:29:05.000Z,gothenborg,2016-12-20T00:00:00.000Z,51,Cargo,gothenborg,0
57.81109,12.01412,67,1,0,2,GRUVON,NL,82,0,CAROLINA,7,257347,12,72,3,3697,9,1,2016-12-20T07:29:07.000Z,gothenborg,2016-12-20T00:00:00.000Z,51,Cargo,gothenborg,0
57.81331,12.01404,67,356,355,1,GRUVON,NL,82,0,CAROLINA,7,257347,12,72,3,3697,9,1,2016-12-20T07:31:05.000Z,gothenborg,2016-12-20T00:00:00.000Z,51,Cargo,gothenborg,0
57.81331,12.01404,67,356,355,2,GRUVON,NL,82,0,CAROLINA,7,257347,12,72,3,3697,9,1,2016-12-20T07:31:09.000Z,gothenborg,2016-12-20T00:00:00.000Z,51,Cargo,gothenborg,0
57.81755,12.01295,65,345,342,2,GRUVON,NL,82,0,CAROLINA,7,257347,12,72,3,3697,9,1,2016-12-20T07:33:05.000Z,gothenborg,2016-12-20T00:00:00.000Z,51,Cargo,gothenborg,0
57.81755,12.01295,65,345,342,2,GRUVON,NL,82,0,CAROLINA,7,257347,12,72,3,3697,9,1,2016-12-20T07:33:07.000Z,gothenborg,2016-12-20T00:00:00.000Z,51,Cargo,gothenborg,0
57.822,12.01066,69,348,350,2,GRUVON,NL,82,0,CAROLINA,7,257347,12,72,3,3697,9,1,2016-12-20T07:35:05.000Z,gothenborg,2016-12-20T00:00:00.000Z,51,Cargo,gothenborg,0
57.822,12.01066,69,348,350,2,GRUVON,NL,82,0,CAROLINA,7,257347,12,72,3,3697,9,1,2016-12-20T07:35:07.000Z,gothenborg,2016-12-20T00:00:00.000Z,51,Cargo,gothenborg,0
57.82491,12.00977,67,351,350,2,GRUVON,NL,82,-720,CAROLINA,7,257347,12,72,3,3697,9,1,2016-12-20T07:37:05.000Z,gothenborg,2016-12-20T00:00:00.000Z,51,Cargo,gothenborg,0
57.82491,12.00977,67,351,350,2,GRUVON,NL,82,-720,CAROLINA,7,257347,12,72,3,3697,9,1,2016-12-20T07:37:07.000Z,gothenborg,2016-12-20T00:00:00.000Z,51,Cargo,gothenborg,0
57.82699,12.00909,67,349,350,3,GRUVON,NL,82,0,CAROLINA,7,257347,12,72,3,3697,9,1,2016-12-20T07:39:05.000Z,gothenborg,2016-12-20T00:00:00.000Z,51,Cargo,gothenborg,0
57.82699,12.00909,67,349,350,3,GRUVON,NL,82,0,CAROLINA,7,257347,12,72,3,3697,9,1,2016-12-20T07:39:08.000Z,gothenborg,2016-12-20T00:00:00.000Z,51,Cargo,gothenborg,0
57.83122,12.00859,48,0,0,2,GRUVON,NL,82,0,CAROLINA,7,257347,12,72,3,3697,9,1,2016-12-20T07:41:05.000Z,gothenborg,2016-12-20T00:00:00.000Z,51,Cargo,gothenborg,0
57.83122,12.00859,48,0,0,2,GRUVON,NL,82,0,CAROLINA,7,257347,12,72,3,3697,9,1,2016-12-20T07:41:07.000Z,gothenborg,2016-12-20T00:00:00.000Z,51,Cargo,gothenborg,0
57.83447,12.0088,57,2,3,1,GRUVON,NL,82,0,CAROLINA,7,257347,12,72,3,3697,9,1,2016-12-20T07:43:05.000Z,gothenborg,2016-12-20T00:00:00.000Z,51,Cargo,gothenborg,0
57.83447,12.0088,57,2,3,2,GRUVON,NL,82,0,CAROLINA,7,257347,12,72,3,3697,9,1,2016-12-20T07:43:07.000Z,gothenborg,2016-12-20T00:00:00.000Z,51,Cargo,gothenborg,0
57.83613,12.00901,63,4,4,3,GRUVON,NL,82,0,CAROLINA,7,257347,12,72,3,3697,9,1,2016-12-20T07:45:05.000Z,gothenborg,2016-12-20T00:00:00.000Z,51,Cargo,gothenborg,0
57.83613,12.00901,63,4,4,3,GRUVON,NL,82,0,CAROLINA,7,257347,12,72,3,3697,9,1,2016-12-20T07:45:07.000Z,gothenborg,2016-12-20T00:00:00.000Z,51,Cargo,gothenborg,0
57.84071,12.00975,67,3,3,2,GRUVON,NL,82,0,CAROLINA,7,257347,12,72,3,3697,9,1,2016-12-20T07:47:13.000Z,gothenborg,2016-12-20T00:00:00.000Z,51,Cargo,gothenborg,0
57.84071,12.00975,67,3,3,2,GRUVON,NL,82,0,CAROLINA,7,257347,12,72,3,3697,9,1,2016-12-20T07:47:15.000Z,gothenborg,2016-12-20T00:00:00.000Z,51,Cargo,gothenborg,0
57.84475,12.01013,64,356,351,2,GRUVON,NL,82,0,CAROLINA,7,257347,12,72,3,3697,9,1,2016-12-20T07:49:05.000Z,gothenborg,2016-12-20T00:00:00.000Z,51,Cargo,gothenborg,0
57.84475,12.01013,64,356,351,2,GRUVON,NL,82,0,CAROLINA,7,257347,12,72,3,3697,9,1,2016-12-20T07:49:08.000Z,gothenborg,2016-12-20T00:00:00.000Z,51,Cargo,gothenborg,0
57.84916,12.0084,56,343,347,1,GRUVON,NL,82,0,CAROLINA,7,257347,12,72,3,3697,9,1,2016-12-20T07:51:05.000Z,gothenborg,2016-12-20T00:00:00.000Z,51,Cargo,gothenborg,0
57.84916,12.0084,56,343,347,1,GRUVON,NL,82,0,CAROLINA,7,257347,12,72,3,3697,9,1,2016-12-20T07:51:08.000Z,gothenborg,2016-12-20T00:00:00.000Z,51,Cargo,gothenborg,0
57.85098,12.00769,57,351,354,2,GRUVON,NL,82,0,CAROLINA,7,257347,12,72,3,3697,9,1,2016-12-20T07:53:05.000Z,gothenborg,2016-12-20T00:00:00.000Z,51,Cargo,gothenborg,0
57.85098,12.00769,57,351,354,2,GRUVON,NL,82,0,CAROLINA,7,257347,12,72,3,3697,9,1,2016-12-20T07:53:07.000Z,gothenborg,2016-12-20T00:00:00.000Z,51,Cargo,gothenborg,0
57.85511,12.00873,65,24,25,2,GRUVON,NL,82,0,CAROLINA,7,257347,12,72,3,3697,9,1,2016-12-20T07:55:13.000Z,gothenborg,2016-12-20T00:00:00.000Z,51,Cargo,gothenborg,0
57.85511,12.00873,65,24,25,2,GRUVON,NL,82,0,CAROLINA,7,257347,12,72,3,3697,9,1,2016-12-20T07:55:15.000Z,gothenborg,2016-12-20T00:00:00.000Z,51,Cargo,gothenborg,0
57.85798,12.01122,70,23,24,2,GRUVON,NL,82,0,CAROLINA,7,257347,12,72,3,3697,9,1,2016-12-20T07:57:05.000Z,gothenborg,2016-12-20T00:00:00.000Z,51,Cargo,gothenborg,0
57.85511,12.00873,65,24,25,2,GRUVON,NL,82,0,CAROLINA,7,257347,12,72,3,3697,9,1,2016-12-20T07:57:07.000Z,gothenborg,2016-12-20T00:00:00.000Z,51,Cargo,gothenborg,0
57.86115,12.01405,83,25,24,1,GRUVON,NL,82,0,CAROLINA,7,257347,12,72,3,3697,9,1,2016-12-20T07:59:04.000Z,gothenborg,2016-12-20T00:00:00.000Z,51,Cargo,gothenborg,0
57.86115,12.01405,83,25,24,2,GRUVON,NL,82,0,CAROLINA,7,257347,12,72,3,3697,9,1,2016-12-20T07:59:07.000Z,gothenborg,2016-12-20T00:00:00.000Z,51,Cargo,gothenborg,0
57.86611,12.01835,94,23,23,2,GRUVON,NL,82,0,CAROLINA,7,257347,12,72,3,3697,9,1,2016-12-20T08:01:05.000Z,gothenborg,2016-12-20T00:00:00.000Z,51,Cargo,gothenborg,0
57.86611,12.01835,94,23,23,2,GRUVON,NL,82,0,CAROLINA,7,257347,12,72,3,3697,9,1,2016-12-20T08:01:07.000Z,gothenborg,2016-12-20T00:00:00.000Z,51,Cargo,gothenborg,0
57.87264,12.0232,94,17,19,2,GRUVON,NL,82,0,CAROLINA,7,257347,12,72,3,3697,9,1,2016-12-20T08:03:04.000Z,gothenborg,2016-12-20T00:00:00.000Z,51,Cargo,gothenborg,0
57.87264,12.0232,94,17,19,2,GRUVON,NL,82,0,CAROLINA,7,257347,12,72,3,3697,9,1,2016-12-20T08:03:07.000Z,gothenborg,2016-12-20T00:00:00.000Z,51,Cargo,gothenborg,0
57.87627,12.02585,96,23,23,2,GRUVON,NL,82,0,CAROLINA,7,257347,12,72,3,3697,9,1,2016-12-20T08:05:05.000Z,gothenborg,2016-12-20T00:00:00.000Z,51,Cargo,gothenborg,0
57.87627,12.02585,96,23,23,2,GRUVON,NL,82,0,CAROLINA,7,257347,12,72,3,3697,9,1,2016-12-20T08:05:07.000Z,gothenborg,2016-12-20T00:00:00.000Z,51,Cargo,gothenborg,0
57.87627,12.02585,96,23,23,4,GRUVON,NL,82,0,CAROLINA,7,257347,12,72,3,3697,9,1,2016-12-20T08:07:05.000Z,gothenborg,2016-12-20T00:00:00.000Z,51,Cargo,gothenborg,0
57.87627,12.02585,96,23,23,4,GRUVON,NL,82,0,CAROLINA,7,257347,12,72,3,3697,9,1,2016-12-20T08:07:08.000Z,gothenborg,2016-12-20T00:00:00.000Z,51,Cargo,gothenborg,0
57.87627,12.02585,96,23,23,6,GRUVON,NL,82,0,CAROLINA,7,257347,12,72,3,3697,9,1,2016-12-20T08:09:06.000Z,gothenborg,2016-12-20T00:00:00.000Z,51,Cargo,gothenborg,0
57.87627,12.02585,96,23,23,6,GRUVON,NL,82,0,CAROLINA,7,257347,12,72,3,3697,9,1,2016-12-20T08:09:16.000Z,gothenborg,2016-12-20T00:00:00.000Z,51,Cargo,gothenborg,0
57.87627,12.02585,96,23,23,8,GRUVON,NL,82,0,CAROLINA,7,257347,12,72,3,3697,9,1,2016-12-20T08:11:05.000Z,gothenborg,2016-12-20T00:00:00.000Z,51,Cargo,gothenborg,0
57.87627,12.02585,96,23,23,8,GRUVON,NL,82,0,CAROLINA,7,257347,12,72,3,3697,9,1,2016-12-20T08:11:18.000Z,gothenborg,2016-12-20T00:00:00.000Z,51,Cargo,gothenborg,0
57.89535,12.03937,95,15,15,2,GRUVON,NL,82,0,CAROLINA,7,257347,12,72,3,3697,9,1,2016-12-20T08:13:05.000Z,gothenborg,2016-12-20T00:00:00.000Z,51,Cargo,gothenborg,0
57.89535,12.03937,95,15,15,2,GRUVON,NL,82,0,CAROLINA,7,257347,12,72,3,3697,9,1,2016-12-20T08:13:07.000Z,gothenborg,2016-12-20T00:00:00.000Z,51,Cargo,gothenborg,0
57.89535,12.03937,95,15,15,4,GRUVON,NL,82,0,CAROLINA,7,257347,12,72,3,3697,9,1,2016-12-20T08:15:13.000Z,gothenborg,2016-12-20T00:00:00.000Z,51,Cargo,gothenborg,0
57.89535,12.03937,95,15,15,4,GRUVON,NL,82,0,CAROLINA,7,257347,12,72,3,3697,9,1,2016-12-20T08:15:15.000Z,gothenborg,2016-12-20T00:00:00.000Z,51,Cargo,gothenborg,0
57.89535,12.03937,95,15,15,6,GRUVON,NL,82,0,CAROLINA,7,257347,12,72,3,3697,9,1,2016-12-20T08:17:05.000Z,gothenborg,2016-12-20T00:00:00.000Z,51,Cargo,gothenborg,0
57.89535,12.03937,95,15,15,6,GRUVON,NL,82,0,CAROLINA,7,257347,12,72,3,3697,9,1,2016-12-20T08:17:07.000Z,gothenborg,2016-12-20T00:00:00.000Z,51,Cargo,gothenborg,0
57.89535,12.03937,95,15,15,7,GRUVON,NL,82,0,CAROLINA,7,257347,12,72,3,3697,9,1,2016-12-20T08:19:05.000Z,gothenborg,2016-12-20T00:00:00.000Z,51,Cargo,gothenborg,0
57.89535,12.03937,95,15,15,8,GRUVON,NL,82,0,CAROLINA,7,257347,12,72,3,3697,9,1,2016-12-20T08:19:07.000Z,gothenborg,2016-12-20T00:00:00.000Z,51,Cargo,gothenborg,0
57.89535,12.03937,95,15,15,10,GRUVON,NL,82,0,CAROLINA,7,257347,12,72,3,3697,9,1,2016-12-20T08:21:04.000Z,gothenborg,2016-12-20T00:00:00.000Z,51,Cargo,gothenborg,0
57.89535,12.03937,95,15,15,10,GRUVON,NL,82,0,CAROLINA,7,257347,12,72,3,3697,9,1,2016-12-20T08:21:07.000Z,gothenborg,2016-12-20T00:00:00.000Z,51,Cargo,gothenborg,0
57.89535,12.03937,95,15,15,12,GRUVON,NL,82,0,CAROLINA,7,257347,12,72,3,3697,9,1,2016-12-20T08:23:05.000Z,gothenborg,2016-12-20T00:00:00.000Z,51,Cargo,gothenborg,0
57.89535,12.03937,95,15,15,12,GRUVON,NL,82,0,CAROLINA,7,257347,12,72,3,3697,9,1,2016-12-20T08:23:07.000Z,gothenborg,2016-12-20T00:00:00.000Z,51,Cargo,gothenborg,0
57.89535,12.03937,95,15,15,14,GRUVON,NL,82,0,CAROLINA,7,257347,12,72,3,3697,9,1,2016-12-20T08:25:05.000Z,gothenborg,2016-12-20T00:00:00.000Z,51,Cargo,gothenborg,0
57.89535,12.03937,95,15,15,14,GRUVON,NL,82,0,CAROLINA,7,257347,12,72,3,3697,9,1,2016-12-20T08:25:08.000Z,gothenborg,2016-12-20T00:00:00.000Z,51,Cargo,gothenborg,0
57.89535,12.03937,95,15,15,16,GRUVON,NL,82,0,CAROLINA,7,257347,12,72,3,3697,9,1,2016-12-20T08:27:13.000Z,gothenborg,2016-12-20T00:00:00.000Z,51,Cargo,gothenborg,0
57.89535,12.03937,95,15,15,16,GRUVON,NL,82,0,CAROLINA,7,257347,12,72,3,3697,9,1,2016-12-20T08:27:15.000Z,gothenborg,2016-12-20T00:00:00.000Z,51,Cargo,gothenborg,0
57.89535,12.03937,95,15,15,18,GRUVON,NL,82,0,CAROLINA,7,257347,12,72,3,3697,9,1,2016-12-20T08:29:05.000Z,gothenborg,2016-12-20T00:00:00.000Z,51,Cargo,gothenborg,0
57.89535,12.03937,95,15,15,18,GRUVON,NL,82,0,CAROLINA,7,257347,12,72,3,3697,9,1,2016-12-20T08:29:07.000Z,gothenborg,2016-12-20T00:00:00.000Z,51,Cargo,gothenborg,0
57.89535,12.03937,95,15,15,20,GRUVON,NL,82,0,CAROLINA,7,257347,12,72,3,3697,9,1,2016-12-20T08:31:05.000Z,gothenborg,2016-12-20T00:00:00.000Z,51,Cargo,gothenborg,0
57.89535,12.03937,95,15,15,20,GRUVON,NL,82,0,CAROLINA,7,257347,12,72,3,3697,9,1,2016-12-20T08:31:15.000Z,gothenborg,2016-12-20T00:00:00.000Z,51,Cargo,gothenborg,0
57.89535,12.03937,95,15,15,22,GRUVON,NL,82,0,CAROLINA,7,257347,12,72,3,3697,9,1,2016-12-20T08:33:04.000Z,gothenborg,2016-12-20T00:00:00.000Z,51,Cargo,gothenborg,0
57.89535,12.03937,95,15,15,22,GRUVON,NL,82,0,CAROLINA,7,257347,12,72,3,3697,9,1,2016-12-20T08:33:07.000Z,gothenborg,2016-12-20T00:00:00.000Z,51,Cargo,gothenborg,0
57.89535,12.03937,95,15,15,24,GRUVON,NL,82,0,CAROLINA,7,257347,12,72,3,3697,9,1,2016-12-20T08:35:13.000Z,gothenborg,2016-12-20T00:00:00.000Z,51,Cargo,gothenborg,0
57.89535,12.03937,95,15,15,24,GRUVON,NL,82,0,CAROLINA,7,257347,12,72,3,3697,9,1,2016-12-20T08:35:16.000Z,gothenborg,2016-12-20T00:00:00.000Z,51,Cargo,gothenborg,0
57.94847,12.08942,68,46,43,3,GRUVON,NL,82,0,CAROLINA,7,257347,12,72,3,3697,9,1,2016-12-20T08:37:05.000Z,gothenborg,2016-12-20T00:00:00.000Z,51,Cargo,gothenborg,0
57.94847,12.08942,68,46,43,3,GRUVON,NL,82,0,CAROLINA,7,257347,12,72,3,3697,9,1,2016-12-20T08:37:07.000Z,gothenborg,2016-12-20T00:00:00.000Z,51,Cargo,gothenborg,0
57.9523,12.09682,69,45,46,2,GRUVON,NL,82,0,CAROLINA,7,257347,12,72,3,3697,9,1,2016-12-20T08:39:05.000Z,gothenborg,2016-12-20T00:00:00.000Z,51,Cargo,gothenborg,0
57.9523,12.09682,69,45,46,2,GRUVON,NL,82,0,CAROLINA,7,257347,12,72,3,3697,9,1,2016-12-20T08:39:08.000Z,gothenborg,2016-12-20T00:00:00.000Z,51,Cargo,gothenborg,0
57.95408,12.1004,69,47,46,2,GRUVON,NL,82,0,CAROLINA,7,257347,12,72,3,3697,9,1,2016-12-20T08:41:05.000Z,gothenborg,2016-12-20T00:00:00.000Z,51,Cargo,gothenborg,0
57.9523,12.09682,69,45,46,2,GRUVON,NL,82,0,CAROLINA,7,257347,12,72,3,3697,9,1,2016-12-20T08:41:07.000Z,gothenborg,2016-12-20T00:00:00.000Z,51,Cargo,gothenborg,0
57.95579,12.10386,68,51,50,3,GRUVON,NL,82,0,CAROLINA,7,257347,12,72,3,3697,9,1,2016-12-20T08:43:13.000Z,gothenborg,2016-12-20T00:00:00.000Z,51,Cargo,gothenborg,0
57.95579,12.10386,68,51,50,3,GRUVON,NL,82,0,CAROLINA,7,257347,12,72,3,3697,9,1,2016-12-20T08:43:15.000Z,gothenborg,2016-12-20T00:00:00.000Z,51,Cargo,gothenborg,0
57.95579,12.10386,68,51,50,4,GRUVON,NL,82,0,CAROLINA,7,257347,12,72,3,3697,9,1,2016-12-20T08:45:05.000Z,gothenborg,2016-12-20T00:00:00.000Z,51,Cargo,gothenborg,0
57.95579,12.10386,68,51,50,5,GRUVON,NL,82,0,CAROLINA,7,257347,12,72,3,3697,9,1,2016-12-20T08:45:08.000Z,gothenborg,2016-12-20T00:00:00.000Z,51,Cargo,gothenborg,0
57.95579,12.10386,68,51,50,7,GRUVON,NL,82,0,CAROLINA,7,257347,12,72,3,3697,9,1,2016-12-20T08:47:05.000Z,gothenborg,2016-12-20T00:00:00.000Z,51,Cargo,gothenborg,0
57.95579,12.10386,68,51,50,7,GRUVON,NL,82,0,CAROLINA,7,257347,12,72,3,3697,9,1,2016-12-20T08:47:07.000Z,gothenborg,2016-12-20T00:00:00.000Z,51,Cargo,gothenborg,0
57.96249,12.12002,67,47,46,3,GRUVON,NL,82,-720,CAROLINA,7,257347,12,72,3,3697,9,1,2016-12-20T08:49:06.000Z,gothenborg,2016-12-20T00:00:00.000Z,51,Cargo,gothenborg,0
57.96249,12.12002,67,47,46,3,GRUVON,NL,82,-720,CAROLINA,7,257347,12,72,3,3697,9,1,2016-12-20T08:49:08.000Z,gothenborg,2016-12-20T00:00:00.000Z,51,Cargo,gothenborg,0
57.96249,12.12002,67,47,46,5,GRUVON,NL,82,-720,CAROLINA,7,257347,12,72,3,3697,9,1,2016-12-20T08:51:05.000Z,gothenborg,2016-12-20T00:00:00.000Z,51,Cargo,gothenborg,0
57.96249,12.12002,67,47,46,5,GRUVON,NL,82,-720,CAROLINA,7,257347,12,72,3,3697,9,1,2016-12-20T08:51:08.000Z,gothenborg,2016-12-20T00:00:00.000Z,51,Cargo,gothenborg,0
57.96249,12.12002,67,47,46,7,GRUVON,NL,82,-720,CAROLINA,7,257347,12,72,3,3697,9,1,2016-12-20T08:53:05.000Z,gothenborg,2016-12-20T00:00:00.000Z,51,Cargo,gothenborg,0
57.96249,12.12002,67,47,46,5,GRUVON,NL,82,-720,CAROLINA,7,257347,12,72,3,3697,9,1,2016-12-20T08:53:07.000Z,gothenborg,2016-12-20T00:00:00.000Z,51,Cargo,gothenborg,0
57.96249,12.12002,67,47,46,7,GRUVON,NL,82,-720,CAROLINA,7,257347,12,72,3,3697,9,1,2016-12-20T08:55:05.000Z,gothenborg,2016-12-20T00:00:00.000Z,51,Cargo,gothenborg,0
57.96249,12.12002,67,47,46,9,GRUVON,NL,82,-720,CAROLINA,7,257347,12,72,3,3697,9,1,2016-12-20T08:55:07.000Z,gothenborg,2016-12-20T00:00:00.000Z,51,Cargo,gothenborg,0
57.96249,12.12002,67,47,46,11,GRUVON,NL,82,-720,CAROLINA,7,257347,12,72,3,3697,9,1,2016-12-20T08:57:05.000Z,gothenborg,2016-12-20T00:00:00.000Z,51,Cargo,gothenborg,0
57.96249,12.12002,67,47,46,11,GRUVON,NL,82,-720,CAROLINA,7,257347,12,72,3,3697,9,1,2016-12-20T08:57:15.000Z,gothenborg,2016-12-20T00:00:00.000Z,51,Cargo,gothenborg,0
57.96249,12.12002,67,47,46,13,GRUVON,NL,82,-720,CAROLINA,7,257347,12,72,3,3697,9,1,2016-12-20T08:59:13.000Z,gothenborg,2016-12-20T00:00:00.000Z,51,Cargo,gothenborg,0
57.96249,12.12002,67,47,46,13,GRUVON,NL,82,-720,CAROLINA,7,257347,12,72,3,3697,9,1,2016-12-20T08:59:15.000Z,gothenborg,2016-12-20T00:00:00.000Z,51,Cargo,gothenborg,0
57.96249,12.12002,67,47,46,13,GRUVON,NL,82,-720,CAROLINA,7,257347,12,72,3,3697,9,1,2016-12-20T09:01:03.000Z,gothenborg,2016-12-20T00:00:00.000Z,51,Cargo,gothenborg,0
57.98871,12.1271,92,7,10,2,GRUVON,NL,82,0,CAROLINA,7,257347,12,72,3,3697,9,1,2016-12-20T09:01:05.000Z,gothenborg,2016-12-20T00:00:00.000Z,51,Cargo,gothenborg,0
57.98871,12.1271,92,7,10,3,GRUVON,NL,82,0,CAROLINA,7,257347,12,72,3,3697,9,1,2016-12-20T09:03:04.000Z,gothenborg,2016-12-20T00:00:00.000Z,51,Cargo,gothenborg,0
57.98871,12.1271,92,7,10,4,GRUVON,NL,82,0,CAROLINA,7,257347,12,72,3,3697,9,1,2016-12-20T09:03:06.000Z,gothenborg,2016-12-20T00:00:00.000Z,51,Cargo,gothenborg,0
57.98871,12.1271,92,7,10,6,GRUVON,NL,82,0,CAROLINA,7,257347,12,72,3,3697,9,1,2016-12-20T09:05:05.000Z,gothenborg,2016-12-20T00:00:00.000Z,51,Cargo,gothenborg,0
57.98871,12.1271,92,7,10,6,GRUVON,NL,82,0,CAROLINA,7,257347,12,72,3,3697,9,1,2016-12-20T09:05:07.000Z,gothenborg,2016-12-20T00:00:00.000Z,51,Cargo,gothenborg,0
57.98871,12.1271,92,7,10,8,GRUVON,NL,82,0,CAROLINA,7,257347,12,72,3,3697,9,1,2016-12-20T09:07:05.000Z,gothenborg,2016-12-20T00:00:00.000Z,51,Cargo,gothenborg,0
57.98871,12.1271,92,7,10,8,GRUVON,NL,82,0,CAROLINA,7,257347,12,72,3,3697,9,1,2016-12-20T09:07:07.000Z,gothenborg,2016-12-20T00:00:00.000Z,51,Cargo,gothenborg,0
57.98871,12.1271,92,7,10,10,GRUVON,NL,82,0,CAROLINA,7,257347,12,72,3,3697,9,1,2016-12-20T09:09:13.000Z,gothenborg,2016-12-20T00:00:00.000Z,51,Cargo,gothenborg,0
57.98871,12.1271,92,7,10,10,GRUVON,NL,82,0,CAROLINA,7,257347,12,72,3,3697,9,1,2016-12-20T09:09:15.000Z,gothenborg,2016-12-20T00:00:00.000Z,51,Cargo,gothenborg,0
57.98871,12.1271,92,7,10,12,GRUVON,NL,82,0,CAROLINA,7,257347,12,72,3,3697,9,1,2016-12-20T09:11:05.000Z,gothenborg,2016-12-20T00:00:00.000Z,51,Cargo,gothenborg,0
57.98871,12.1271,92,7,10,12,GRUVON,NL,82,0,CAROLINA,7,257347,12,72,3,3697,9,1,2016-12-20T09:11:08.000Z,gothenborg,2016-12-20T00:00:00.000Z,51,Cargo,gothenborg,0
57.98871,12.1271,92,7,10,32,GRUVON,NL,82,0,CAROLINA,7,257347,12,72,3,3697,9,1,2016-12-20T09:31:05.000Z,gothenborg,2016-12-20T00:00:00.000Z,51,Cargo,gothenborg,0
57.98871,12.1271,92,7,10,32,GRUVON,NL,82,0,CAROLINA,7,257347,12,72,3,3697,9,1,2016-12-20T09:31:08.000Z,gothenborg,2016-12-20T00:00:00.000Z,51,Cargo,gothenborg,0
57.98871,12.1271,92,7,10,34,GRUVON,NL,82,0,CAROLINA,7,257347,12,72,3,3697,9,1,2016-12-20T09:33:04.000Z,gothenborg,2016-12-20T00:00:00.000Z,51,Cargo,gothenborg,0
57.98871,12.1271,92,7,10,38,GRUVON,NL,82,0,CAROLINA,7,257347,12,72,3,3697,9,1,2016-12-20T09:37:05.000Z,gothenborg,2016-12-20T00:00:00.000Z,51,Cargo,gothenborg,0
57.98871,12.1271,92,7,10,38,GRUVON,NL,82,0,CAROLINA,7,257347,12,72,3,3697,9,1,2016-12-20T09:37:07.000Z,gothenborg,2016-12-20T00:00:00.000Z,51,Cargo,gothenborg,0
57.98871,12.1271,92,7,10,48,GRUVON,NL,82,0,CAROLINA,7,257347,12,72,3,3697,9,1,2016-12-20T09:47:05.000Z,gothenborg,2016-12-20T00:00:00.000Z,51,Cargo,gothenborg,0
57.98871,12.1271,92,7,10,48,GRUVON,NL,82,0,CAROLINA,7,257347,12,72,3,3697,9,1,2016-12-20T09:47:08.000Z,gothenborg,2016-12-20T00:00:00.000Z,51,Cargo,gothenborg,0
57.98871,12.1271,92,7,10,56,GRUVON,NL,82,0,CAROLINA,7,257347,12,72,3,3697,9,1,2016-12-20T09:55:05.000Z,gothenborg,2016-12-20T00:00:00.000Z,51,Cargo,gothenborg,0
57.98871,12.1271,92,7,10,56,GRUVON,NL,82,0,CAROLINA,7,257347,12,72,3,3697,9,1,2016-12-20T09:55:07.000Z,gothenborg,2016-12-20T00:00:00.000Z,51,Cargo,gothenborg,0
57.98871,12.1271,92,7,10,64,GRUVON,NL,82,0,CAROLINA,7,257347,12,72,3,3697,9,1,2016-12-20T10:03:05.000Z,gothenborg,2016-12-20T00:00:00.000Z,51,Cargo,gothenborg,0
57.98871,12.1271,92,7,10,72,GRUVON,NL,82,0,CAROLINA,7,257347,12,72,3,3697,9,1,2016-12-20T10:11:05.000Z,gothenborg,2016-12-20T00:00:00.000Z,51,Cargo,gothenborg,0
57.98871,12.1271,92,7,10,88,GRUVON,NL,82,0,CAROLINA,7,257347,12,72,3,3697,9,1,2016-12-20T10:27:05.000Z,gothenborg,2016-12-20T00:00:00.000Z,51,Cargo,gothenborg,0
57.98871,12.1271,92,7,10,88,GRUVON,NL,82,0,CAROLINA,7,257347,12,72,3,3697,9,1,2016-12-20T10:27:07.000Z,gothenborg,2016-12-20T00:00:00.000Z,51,Cargo,gothenborg,0
57.98871,12.1271,92,7,10,90,GRUVON,NL,82,0,CAROLINA,7,257347,12,72,3,3697,9,1,2016-12-20T10:29:05.000Z,gothenborg,2016-12-20T00:00:00.000Z,51,Cargo,gothenborg,0
57.98871,12.1271,92,7,10,94,GRUVON,NL,82,0,CAROLINA,7,257347,12,72,3,3697,9,1,2016-12-20T10:33:05.000Z,gothenborg,2016-12-20T00:00:00.000Z,51,Cargo,gothenborg,0
57.98871,12.1271,92,7,10,94,GRUVON,NL,82,0,CAROLINA,7,257347,12,72,3,3697,9,1,2016-12-20T10:33:07.000Z,gothenborg,2016-12-20T00:00:00.000Z,51,Cargo,gothenborg,0
