LAT,LON,SPEED,COURSE,HEADING,ELAPSED,DESTINATION,FLAG,LENGTH,ROT,SHIPNAME,SHIPTYPE,SHIP_ID,WIDTH,L_FORE,W_LEFT,DWT,GT_SHIPTYPE,LEGEND,DATETIME,PORT20,date,week_nb,ship_type,port24,is_parked
57.70705,11.65931,0,209,205,4,FISKE PLATS,DK,47,0,STELLA NOVA,2,156348,9,25,5,0,43,1,2016-12-13T11:31:05.000Z,gothenborg,2016-12-13T00:00:00.000Z,50,Fishing,gothenborg,1
57.70705,11.65931,0,209,205,5,FISKE PLATS,DK,47,0,STELLA NOVA,2,156348,9,25,5,0,43,1,2016-12-13T11:33:05.000Z,gothenborg,2016-12-13T00:00:00.000Z,50,Fishing,gothenborg,1
57.70705,11.65929,0,296,205,4,FISKE PLATS,DK,47,0,STELLA NOVA,2,156348,9,25,5,0,43,1,2016-12-13T11:35:05.000Z,gothenborg,2016-12-13T00:00:00.000Z,50,Fishing,gothenborg,1
57.70705,11.65929,0,296,205,6,FISKE PLATS,DK,47,0,STELLA NOVA,2,156348,9,25,5,0,43,1,2016-12-13T11:37:05.000Z,gothenborg,2016-12-13T00:00:00.000Z,50,Fishing,gothenborg,1
57.70705,11.65929,0,267,206,3,FISKE PLATS,DK,47,0,STELLA NOVA,2,156348,9,25,5,0,43,1,2016-12-13T11:39:05.000Z,gothenborg,2016-12-13T00:00:00.000Z,50,Fishing,gothenborg,1
57.70705,11.65929,0,267,206,5,FISKE PLATS,DK,47,0,STELLA NOVA,2,156348,9,25,5,0,43,1,2016-12-13T11:41:06.000Z,gothenborg,2016-12-13T00:00:00.000Z,50,Fishing,gothenborg,1
57.70705,11.6593,0,324,206,3,FISKE PLATS,DK,47,0,STELLA NOVA,2,156348,9,25,5,0,43,1,2016-12-13T11:43:05.000Z,gothenborg,2016-12-13T00:00:00.000Z,50,Fishing,gothenborg,1
57.70705,11.6593,0,324,206,5,FISKE PLATS,DK,47,0,STELLA NOVA,2,156348,9,25,5,0,43,1,2016-12-13T11:45:05.000Z,gothenborg,2016-12-13T00:00:00.000Z,50,Fishing,gothenborg,1
57.70706,11.65927,0,342,206,3,FISKE PLATS,DK,47,0,STELLA NOVA,2,156348,9,25,5,0,43,1,2016-12-13T11:47:06.000Z,gothenborg,2016-12-13T00:00:00.000Z,50,Fishing,gothenborg,1
57.70706,11.65927,0,342,206,5,FISKE PLATS,DK,47,0,STELLA NOVA,2,156348,9,25,5,0,43,1,2016-12-13T11:49:06.000Z,gothenborg,2016-12-13T00:00:00.000Z,50,Fishing,gothenborg,1
57.70706,11.65928,0,293,205,2,FISKE PLATS,DK,47,0,STELLA NOVA,2,156348,9,25,5,0,43,1,2016-12-13T11:51:05.000Z,gothenborg,2016-12-13T00:00:00.000Z,50,Fishing,gothenborg,1
57.70706,11.65928,0,293,205,5,FISKE PLATS,DK,47,0,STELLA NOVA,2,156348,9,25,5,0,43,1,2016-12-13T11:53:05.000Z,gothenborg,2016-12-13T00:00:00.000Z,50,Fishing,gothenborg,1
57.70705,11.65926,0,320,205,3,FISKE PLATS,DK,47,0,STELLA NOVA,2,156348,9,25,5,0,43,1,2016-12-13T11:55:05.000Z,gothenborg,2016-12-13T00:00:00.000Z,50,Fishing,gothenborg,1
57.70705,11.65926,0,320,205,5,FISKE PLATS,DK,47,0,STELLA NOVA,2,156348,9,25,5,0,43,1,2016-12-13T11:57:06.000Z,gothenborg,2016-12-13T00:00:00.000Z,50,Fishing,gothenborg,1
57.70707,11.65928,0,344,204,3,FISKE PLATS,DK,47,0,STELLA NOVA,2,156348,9,25,5,0,43,1,2016-12-13T11:59:05.000Z,gothenborg,2016-12-13T00:00:00.000Z,50,Fishing,gothenborg,1
57.70707,11.65928,0,344,204,4,FISKE PLATS,DK,47,0,STELLA NOVA,2,156348,9,25,5,0,43,1,2016-12-13T12:01:06.000Z,gothenborg,2016-12-13T00:00:00.000Z,50,Fishing,gothenborg,1
57.70707,11.65926,0,344,205,1,FISKE PLATS,DK,47,0,STELLA NOVA,2,156348,9,25,5,0,43,1,2016-12-13T12:03:05.000Z,gothenborg,2016-12-13T00:00:00.000Z,50,Fishing,gothenborg,1
57.70707,11.65926,0,344,205,5,FISKE PLATS,DK,47,0,STELLA NOVA,2,156348,9,25,5,0,43,1,2016-12-13T12:05:05.000Z,gothenborg,2016-12-13T00:00:00.000Z,50,Fishing,gothenborg,1
57.70707,11.65927,0,10,205,2,FISKE PLATS,DK,47,0,STELLA NOVA,2,156348,9,25,5,0,43,1,2016-12-13T12:07:06.000Z,gothenborg,2016-12-13T00:00:00.000Z,50,Fishing,gothenborg,1
57.70707,11.65927,0,10,205,2,FISKE PLATS,DK,47,0,STELLA NOVA,2,156348,9,25,5,0,43,1,2016-12-13T12:09:05.000Z,gothenborg,2016-12-13T00:00:00.000Z,50,Fishing,gothenborg,1
57.70707,11.65927,0,10,205,4,FISKE PLATS,DK,47,0,STELLA NOVA,2,156348,9,25,5,0,43,1,2016-12-13T12:11:06.000Z,gothenborg,2016-12-13T00:00:00.000Z,50,Fishing,gothenborg,1
57.70706,11.65928,0,338,205,2,FISKE PLATS,DK,47,0,STELLA NOVA,2,156348,9,25,5,0,43,1,2016-12-13T12:13:06.000Z,gothenborg,2016-12-13T00:00:00.000Z,50,Fishing,gothenborg,1
57.70707,11.65927,0,357,205,2,FISKE PLATS,DK,47,0,STELLA NOVA,2,156348,9,25,5,0,43,1,2016-12-13T12:15:07.000Z,gothenborg,2016-12-13T00:00:00.000Z,50,Fishing,gothenborg,1
57.70707,11.65927,0,357,205,4,FISKE PLATS,DK,47,0,STELLA NOVA,2,156348,9,25,5,0,43,1,2016-12-13T12:17:06.000Z,gothenborg,2016-12-13T00:00:00.000Z,50,Fishing,gothenborg,1
57.70707,11.65927,0,357,205,4,FISKE PLATS,DK,47,0,STELLA NOVA,2,156348,9,25,5,0,43,1,2016-12-13T12:19:06.000Z,gothenborg,2016-12-13T00:00:00.000Z,50,Fishing,gothenborg,1
57.70707,11.65928,0,275,205,4,FISKE PLATS,DK,47,0,STELLA NOVA,2,156348,9,25,5,0,43,1,2016-12-13T12:21:06.000Z,gothenborg,2016-12-13T00:00:00.000Z,50,Fishing,gothenborg,1
57.70707,11.65928,0,275,205,4,FISKE PLATS,DK,47,0,STELLA NOVA,2,156348,9,25,5,0,43,1,2016-12-13T12:23:07.000Z,gothenborg,2016-12-13T00:00:00.000Z,50,Fishing,gothenborg,1
57.70705,11.65928,0,38,205,4,FISKE PLATS,DK,47,0,STELLA NOVA,2,156348,9,25,5,0,43,1,2016-12-13T12:25:07.000Z,gothenborg,2016-12-13T00:00:00.000Z,50,Fishing,gothenborg,1
57.70705,11.65928,0,38,205,5,FISKE PLATS,DK,47,0,STELLA NOVA,2,156348,9,25,5,0,43,1,2016-12-13T12:27:05.000Z,gothenborg,2016-12-13T00:00:00.000Z,50,Fishing,gothenborg,1
57.70707,11.65928,0,62,205,4,FISKE PLATS,DK,47,0,STELLA NOVA,2,156348,9,25,5,0,43,1,2016-12-13T12:29:05.000Z,gothenborg,2016-12-13T00:00:00.000Z,50,Fishing,gothenborg,1
57.70705,11.65929,0,207,205,1,FISKE PLATS,DK,47,0,STELLA NOVA,2,156348,9,25,5,0,43,1,2016-12-13T12:31:06.000Z,gothenborg,2016-12-13T00:00:00.000Z,50,Fishing,gothenborg,1
57.70705,11.65929,0,207,205,4,FISKE PLATS,DK,47,0,STELLA NOVA,2,156348,9,25,5,0,43,1,2016-12-13T12:33:05.000Z,gothenborg,2016-12-13T00:00:00.000Z,50,Fishing,gothenborg,1
57.70705,11.65929,0,207,205,6,FISKE PLATS,DK,47,0,STELLA NOVA,2,156348,9,25,5,0,43,1,2016-12-13T12:35:06.000Z,gothenborg,2016-12-13T00:00:00.000Z,50,Fishing,gothenborg,1
57.70707,11.65928,0,231,205,3,FISKE PLATS,DK,47,0,STELLA NOVA,2,156348,9,25,5,0,43,1,2016-12-13T12:37:06.000Z,gothenborg,2016-12-13T00:00:00.000Z,50,Fishing,gothenborg,1
57.70707,11.65928,0,231,205,5,FISKE PLATS,DK,47,0,STELLA NOVA,2,156348,9,25,5,0,43,1,2016-12-13T12:39:06.000Z,gothenborg,2016-12-13T00:00:00.000Z,50,Fishing,gothenborg,1
57.70705,11.65929,0,174,205,3,FISKE PLATS,DK,47,0,STELLA NOVA,2,156348,9,25,5,0,43,1,2016-12-13T12:41:05.000Z,gothenborg,2016-12-13T00:00:00.000Z,50,Fishing,gothenborg,1
57.70705,11.65926,0,159,205,2,FISKE PLATS,DK,47,0,STELLA NOVA,2,156348,9,25,5,0,43,1,2016-12-13T12:43:05.000Z,gothenborg,2016-12-13T00:00:00.000Z,50,Fishing,gothenborg,1
57.70705,11.65926,0,159,205,4,FISKE PLATS,DK,47,0,STELLA NOVA,2,156348,9,25,5,0,43,1,2016-12-13T12:45:06.000Z,gothenborg,2016-12-13T00:00:00.000Z,50,Fishing,gothenborg,1
57.70705,11.65926,0,159,205,6,FISKE PLATS,DK,47,0,STELLA NOVA,2,156348,9,25,5,0,43,1,2016-12-13T12:47:05.000Z,gothenborg,2016-12-13T00:00:00.000Z,50,Fishing,gothenborg,1
57.70705,11.65926,0,159,205,8,FISKE PLATS,DK,47,0,STELLA NOVA,2,156348,9,25,5,0,43,1,2016-12-13T12:49:06.000Z,gothenborg,2016-12-13T00:00:00.000Z,50,Fishing,gothenborg,1
57.70707,11.65931,0,27,205,2,FISKE PLATS,DK,47,0,STELLA NOVA,2,156348,9,25,5,0,43,1,2016-12-13T12:51:05.000Z,gothenborg,2016-12-13T00:00:00.000Z,50,Fishing,gothenborg,1
57.70707,11.65931,0,27,205,4,FISKE PLATS,DK,47,0,STELLA NOVA,2,156348,9,25,5,0,43,1,2016-12-13T12:53:05.000Z,gothenborg,2016-12-13T00:00:00.000Z,50,Fishing,gothenborg,1
57.70707,11.65928,0,311,204,2,FISKE PLATS,DK,47,0,STELLA NOVA,2,156348,9,25,5,0,43,1,2016-12-13T12:55:06.000Z,gothenborg,2016-12-13T00:00:00.000Z,50,Fishing,gothenborg,1
57.70707,11.65928,0,311,204,4,FISKE PLATS,DK,47,0,STELLA NOVA,2,156348,9,25,5,0,43,1,2016-12-13T12:57:05.000Z,gothenborg,2016-12-13T00:00:00.000Z,50,Fishing,gothenborg,1
57.70708,11.6593,0,336,205,2,FISKE PLATS,DK,47,0,STELLA NOVA,2,156348,9,25,5,0,43,1,2016-12-13T12:59:06.000Z,gothenborg,2016-12-13T00:00:00.000Z,50,Fishing,gothenborg,1
57.70708,11.6593,0,336,205,4,FISKE PLATS,DK,47,0,STELLA NOVA,2,156348,9,25,5,0,43,1,2016-12-13T13:01:05.000Z,gothenborg,2016-12-13T00:00:00.000Z,50,Fishing,gothenborg,1
57.70708,11.65927,0,317,205,2,FISKE PLATS,DK,47,0,STELLA NOVA,2,156348,9,25,5,0,43,1,2016-12-13T13:03:06.000Z,gothenborg,2016-12-13T00:00:00.000Z,50,Fishing,gothenborg,1
57.70708,11.65927,0,317,205,2,FISKE PLATS,DK,47,0,STELLA NOVA,2,156348,9,25,5,0,43,1,2016-12-13T13:05:05.000Z,gothenborg,2016-12-13T00:00:00.000Z,50,Fishing,gothenborg,1
57.70707,11.65928,0,219,205,2,FISKE PLATS,DK,47,0,STELLA NOVA,2,156348,9,25,5,0,43,1,2016-12-13T13:07:06.000Z,gothenborg,2016-12-13T00:00:00.000Z,50,Fishing,gothenborg,1
57.70707,11.65928,0,219,205,4,FISKE PLATS,DK,47,0,STELLA NOVA,2,156348,9,25,5,0,43,1,2016-12-13T13:09:05.000Z,gothenborg,2016-12-13T00:00:00.000Z,50,Fishing,gothenborg,1
57.70704,11.6593,0,357,205,2,FISKE PLATS,DK,47,0,STELLA NOVA,2,156348,9,25,5,0,43,1,2016-12-13T13:11:05.000Z,gothenborg,2016-12-13T00:00:00.000Z,50,Fishing,gothenborg,1
57.70704,11.6593,0,357,205,2,FISKE PLATS,DK,47,0,STELLA NOVA,2,156348,9,25,5,0,43,1,2016-12-13T13:13:05.000Z,gothenborg,2016-12-13T00:00:00.000Z,50,Fishing,gothenborg,1
57.70704,11.6593,0,357,205,6,FISKE PLATS,DK,47,0,STELLA NOVA,2,156348,9,25,5,0,43,1,2016-12-13T13:15:05.000Z,gothenborg,2016-12-13T00:00:00.000Z,50,Fishing,gothenborg,1
57.70705,11.65934,0,271,205,3,FISKE PLATS,DK,47,0,STELLA NOVA,2,156348,9,25,5,0,43,1,2016-12-13T13:17:05.000Z,gothenborg,2016-12-13T00:00:00.000Z,50,Fishing,gothenborg,1
57.70705,11.65934,0,271,205,5,FISKE PLATS,DK,47,0,STELLA NOVA,2,156348,9,25,5,0,43,1,2016-12-13T13:19:06.000Z,gothenborg,2016-12-13T00:00:00.000Z,50,Fishing,gothenborg,1
57.70707,11.65928,0,297,206,3,FISKE PLATS,DK,47,0,STELLA NOVA,2,156348,9,25,5,0,43,1,2016-12-13T13:21:05.000Z,gothenborg,2016-12-13T00:00:00.000Z,50,Fishing,gothenborg,1
57.70707,11.65928,0,297,206,5,FISKE PLATS,DK,47,0,STELLA NOVA,2,156348,9,25,5,0,43,1,2016-12-13T13:23:06.000Z,gothenborg,2016-12-13T00:00:00.000Z,50,Fishing,gothenborg,1
57.70705,11.65931,0,255,205,3,FISKE PLATS,DK,47,0,STELLA NOVA,2,156348,9,25,5,0,43,1,2016-12-13T13:25:05.000Z,gothenborg,2016-12-13T00:00:00.000Z,50,Fishing,gothenborg,1
57.70705,11.65931,0,255,205,5,FISKE PLATS,DK,47,0,STELLA NOVA,2,156348,9,25,5,0,43,1,2016-12-13T13:27:06.000Z,gothenborg,2016-12-13T00:00:00.000Z,50,Fishing,gothenborg,1
57.70705,11.65929,0,282,205,3,FISKE PLATS,DK,47,0,STELLA NOVA,2,156348,9,25,5,0,43,1,2016-12-13T13:29:05.000Z,gothenborg,2016-12-13T00:00:00.000Z,50,Fishing,gothenborg,1
57.70707,11.6593,0,296,204,2,FISKE PLATS,DK,47,0,STELLA NOVA,2,156348,9,25,5,0,43,1,2016-12-13T13:31:05.000Z,gothenborg,2016-12-13T00:00:00.000Z,50,Fishing,gothenborg,1
57.70707,11.6593,0,296,204,4,FISKE PLATS,DK,47,0,STELLA NOVA,2,156348,9,25,5,0,43,1,2016-12-13T13:33:06.000Z,gothenborg,2016-12-13T00:00:00.000Z,50,Fishing,gothenborg,1
57.70707,11.65927,0,253,205,2,FISKE PLATS,DK,47,0,STELLA NOVA,2,156348,9,25,5,0,43,1,2016-12-13T13:35:06.000Z,gothenborg,2016-12-13T00:00:00.000Z,50,Fishing,gothenborg,1
57.70707,11.65927,0,253,205,2,FISKE PLATS,DK,47,0,STELLA NOVA,2,156348,9,25,5,0,43,1,2016-12-13T13:37:05.000Z,gothenborg,2016-12-13T00:00:00.000Z,50,Fishing,gothenborg,1
57.70707,11.6593,0,267,205,3,FISKE PLATS,DK,47,0,STELLA NOVA,2,156348,9,25,5,0,43,1,2016-12-13T13:39:06.000Z,gothenborg,2016-12-13T00:00:00.000Z,50,Fishing,gothenborg,1
57.70707,11.6593,0,267,205,4,FISKE PLATS,DK,47,0,STELLA NOVA,2,156348,9,25,5,0,43,1,2016-12-13T13:41:05.000Z,gothenborg,2016-12-13T00:00:00.000Z,50,Fishing,gothenborg,1
57.70705,11.65928,0,280,206,4,FISKE PLATS,DK,47,0,STELLA NOVA,2,156348,9,25,5,0,43,1,2016-12-13T13:43:05.000Z,gothenborg,2016-12-13T00:00:00.000Z,50,Fishing,gothenborg,1
57.70707,11.65929,0,211,205,2,FISKE PLATS,DK,47,0,STELLA NOVA,2,156348,9,25,5,0,43,1,2016-12-13T13:45:07.000Z,gothenborg,2016-12-13T00:00:00.000Z,50,Fishing,gothenborg,1
57.70707,11.65929,0,211,205,2,FISKE PLATS,DK,47,0,STELLA NOVA,2,156348,9,25,5,0,43,1,2016-12-13T13:47:05.000Z,gothenborg,2016-12-13T00:00:00.000Z,50,Fishing,gothenborg,1
57.70706,11.65928,0,199,204,2,FISKE PLATS,DK,47,0,STELLA NOVA,2,156348,9,25,5,0,43,1,2016-12-13T13:49:05.000Z,gothenborg,2016-12-13T00:00:00.000Z,50,Fishing,gothenborg,1
57.70705,11.65928,0,238,204,2,FISKE PLATS,DK,47,0,STELLA NOVA,2,156348,9,25,5,0,43,1,2016-12-13T13:51:05.000Z,gothenborg,2016-12-13T00:00:00.000Z,50,Fishing,gothenborg,1
57.70705,11.65928,0,238,204,4,FISKE PLATS,DK,47,0,STELLA NOVA,2,156348,9,25,5,0,43,1,2016-12-13T13:53:05.000Z,gothenborg,2016-12-13T00:00:00.000Z,50,Fishing,gothenborg,1
57.70706,11.65926,0,213,204,3,FISKE PLATS,DK,47,0,STELLA NOVA,2,156348,9,25,5,0,43,1,2016-12-13T13:55:06.000Z,gothenborg,2016-12-13T00:00:00.000Z,50,Fishing,gothenborg,1
57.70705,11.65929,0,271,204,2,FISKE PLATS,DK,47,0,STELLA NOVA,2,156348,9,25,5,0,43,1,2016-12-13T13:57:06.000Z,gothenborg,2016-12-13T00:00:00.000Z,50,Fishing,gothenborg,1
57.70705,11.65929,0,271,204,4,FISKE PLATS,DK,47,0,STELLA NOVA,2,156348,9,25,5,0,43,1,2016-12-13T13:59:05.000Z,gothenborg,2016-12-13T00:00:00.000Z,50,Fishing,gothenborg,1
57.70707,11.65929,0,123,205,2,FISKE PLATS,DK,47,0,STELLA NOVA,2,156348,9,25,5,0,43,1,2016-12-13T14:01:05.000Z,gothenborg,2016-12-13T00:00:00.000Z,50,Fishing,gothenborg,1
57.70707,11.65929,0,123,205,4,FISKE PLATS,DK,47,0,STELLA NOVA,2,156348,9,25,5,0,43,1,2016-12-13T14:03:06.000Z,gothenborg,2016-12-13T00:00:00.000Z,50,Fishing,gothenborg,1
57.70705,11.65931,0,197,206,2,FISKE PLATS,DK,47,0,STELLA NOVA,2,156348,9,25,5,0,43,1,2016-12-13T14:05:05.000Z,gothenborg,2016-12-13T00:00:00.000Z,50,Fishing,gothenborg,1
57.70705,11.65931,0,197,206,4,FISKE PLATS,DK,47,0,STELLA NOVA,2,156348,9,25,5,0,43,1,2016-12-13T14:07:06.000Z,gothenborg,2016-12-13T00:00:00.000Z,50,Fishing,gothenborg,1
57.70709,11.65926,0,245,206,3,FISKE PLATS,DK,47,0,STELLA NOVA,2,156348,9,25,5,0,43,1,2016-12-13T14:09:06.000Z,gothenborg,2016-12-13T00:00:00.000Z,50,Fishing,gothenborg,1
57.70705,11.6593,0,327,205,2,FISKE PLATS,DK,47,0,STELLA NOVA,2,156348,9,25,5,0,43,1,2016-12-13T14:11:05.000Z,gothenborg,2016-12-13T00:00:00.000Z,50,Fishing,gothenborg,1
57.70705,11.6593,0,327,205,4,FISKE PLATS,DK,47,0,STELLA NOVA,2,156348,9,25,5,0,43,1,2016-12-13T14:13:06.000Z,gothenborg,2016-12-13T00:00:00.000Z,50,Fishing,gothenborg,1
57.70707,11.65927,0,263,206,2,FISKE PLATS,DK,47,0,STELLA NOVA,2,156348,9,25,5,0,43,1,2016-12-13T14:15:06.000Z,gothenborg,2016-12-13T00:00:00.000Z,50,Fishing,gothenborg,1
57.70707,11.65927,0,263,206,4,FISKE PLATS,DK,47,0,STELLA NOVA,2,156348,9,25,5,0,43,1,2016-12-13T14:17:05.000Z,gothenborg,2016-12-13T00:00:00.000Z,50,Fishing,gothenborg,1
57.70707,11.65929,0,222,206,2,FISKE PLATS,DK,47,0,STELLA NOVA,2,156348,9,25,5,0,43,1,2016-12-13T14:19:06.000Z,gothenborg,2016-12-13T00:00:00.000Z,50,Fishing,gothenborg,1
57.70707,11.65929,0,222,206,4,FISKE PLATS,DK,47,0,STELLA NOVA,2,156348,9,25,5,0,43,1,2016-12-13T14:21:05.000Z,gothenborg,2016-12-13T00:00:00.000Z,50,Fishing,gothenborg,1
57.70706,11.65927,0,282,205,3,FISKE PLATS,DK,47,0,STELLA NOVA,2,156348,9,25,5,0,43,1,2016-12-13T14:23:05.000Z,gothenborg,2016-12-13T00:00:00.000Z,50,Fishing,gothenborg,1
57.70705,11.6593,0,285,206,2,FISKE PLATS,DK,47,0,STELLA NOVA,2,156348,9,25,5,0,43,1,2016-12-13T14:25:06.000Z,gothenborg,2016-12-13T00:00:00.000Z,50,Fishing,gothenborg,1
57.70705,11.6593,0,285,206,2,FISKE PLATS,DK,47,0,STELLA NOVA,2,156348,9,25,5,0,43,1,2016-12-13T14:27:05.000Z,gothenborg,2016-12-13T00:00:00.000Z,50,Fishing,gothenborg,1
57.70705,11.6593,0,285,206,5,FISKE PLATS,DK,47,0,STELLA NOVA,2,156348,9,25,5,0,43,1,2016-12-13T14:29:05.000Z,gothenborg,2016-12-13T00:00:00.000Z,50,Fishing,gothenborg,1
57.70705,11.65929,0,155,205,4,FISKE PLATS,DK,47,0,STELLA NOVA,2,156348,9,25,5,0,43,1,2016-12-13T14:31:06.000Z,gothenborg,2016-12-13T00:00:00.000Z,50,Fishing,gothenborg,1
57.70707,11.65928,0,205,205,2,FISKE PLATS,DK,47,0,STELLA NOVA,2,156348,9,25,5,0,43,1,2016-12-13T14:33:05.000Z,gothenborg,2016-12-13T00:00:00.000Z,50,Fishing,gothenborg,1
57.70707,11.65928,0,205,205,2,FISKE PLATS,DK,47,0,STELLA NOVA,2,156348,9,25,5,0,43,1,2016-12-13T14:35:05.000Z,gothenborg,2016-12-13T00:00:00.000Z,50,Fishing,gothenborg,1
57.70707,11.65928,0,205,205,6,FISKE PLATS,DK,47,0,STELLA NOVA,2,156348,9,25,5,0,43,1,2016-12-13T14:37:05.000Z,gothenborg,2016-12-13T00:00:00.000Z,50,Fishing,gothenborg,1
57.70705,11.65929,0,120,206,3,FISKE PLATS,DK,47,0,STELLA NOVA,2,156348,9,25,5,0,43,1,2016-12-13T14:39:05.000Z,gothenborg,2016-12-13T00:00:00.000Z,50,Fishing,gothenborg,1
57.70705,11.65929,0,120,206,5,FISKE PLATS,DK,47,0,STELLA NOVA,2,156348,9,25,5,0,43,1,2016-12-13T14:41:06.000Z,gothenborg,2016-12-13T00:00:00.000Z,50,Fishing,gothenborg,1
57.70706,11.65929,0,182,205,3,FISKE PLATS,DK,47,0,STELLA NOVA,2,156348,9,25,5,0,43,1,2016-12-13T14:43:05.000Z,gothenborg,2016-12-13T00:00:00.000Z,50,Fishing,gothenborg,1
57.70706,11.65929,0,182,205,3,FISKE PLATS,DK,47,0,STELLA NOVA,2,156348,9,25,5,0,43,1,2016-12-13T14:45:05.000Z,gothenborg,2016-12-13T00:00:00.000Z,50,Fishing,gothenborg,1
57.70705,11.65931,0,237,204,3,FISKE PLATS,DK,47,0,STELLA NOVA,2,156348,9,25,5,0,43,1,2016-12-13T14:47:05.000Z,gothenborg,2016-12-13T00:00:00.000Z,50,Fishing,gothenborg,1
57.70705,11.65931,0,237,204,5,FISKE PLATS,DK,47,0,STELLA NOVA,2,156348,9,25,5,0,43,1,2016-12-13T14:49:06.000Z,gothenborg,2016-12-13T00:00:00.000Z,50,Fishing,gothenborg,1
57.70706,11.65926,0,355,205,3,FISKE PLATS,DK,47,0,STELLA NOVA,2,156348,9,25,5,0,43,1,2016-12-13T14:51:05.000Z,gothenborg,2016-12-13T00:00:00.000Z,50,Fishing,gothenborg,1
57.70707,11.65926,0,232,205,2,FISKE PLATS,DK,47,0,STELLA NOVA,2,156348,9,25,5,0,43,1,2016-12-13T14:53:06.000Z,gothenborg,2016-12-13T00:00:00.000Z,50,Fishing,gothenborg,1
57.70707,11.65926,0,232,205,4,FISKE PLATS,DK,47,0,STELLA NOVA,2,156348,9,25,5,0,43,1,2016-12-13T14:55:06.000Z,gothenborg,2016-12-13T00:00:00.000Z,50,Fishing,gothenborg,1
57.70707,11.65926,0,232,205,4,FISKE PLATS,DK,47,0,STELLA NOVA,2,156348,9,25,5,0,43,1,2016-12-13T14:57:05.000Z,gothenborg,2016-12-13T00:00:00.000Z,50,Fishing,gothenborg,1
57.70707,11.65925,0,332,206,4,FISKE PLATS,DK,47,0,STELLA NOVA,2,156348,9,25,5,0,43,1,2016-12-13T14:59:06.000Z,gothenborg,2016-12-13T00:00:00.000Z,50,Fishing,gothenborg,1
57.70705,11.6593,0,326,206,2,FISKE PLATS,DK,47,0,STELLA NOVA,2,156348,9,25,5,0,43,1,2016-12-13T15:01:07.000Z,gothenborg,2016-12-13T00:00:00.000Z,50,Fishing,gothenborg,1
57.70705,11.6593,0,326,206,4,FISKE PLATS,DK,47,0,STELLA NOVA,2,156348,9,25,5,0,43,1,2016-12-13T15:03:06.000Z,gothenborg,2016-12-13T00:00:00.000Z,50,Fishing,gothenborg,1
57.70705,11.6593,0,321,206,2,FISKE PLATS,DK,47,0,STELLA NOVA,2,156348,9,25,5,0,43,1,2016-12-13T15:05:06.000Z,gothenborg,2016-12-13T00:00:00.000Z,50,Fishing,gothenborg,1
57.70705,11.6593,0,321,206,4,FISKE PLATS,DK,47,0,STELLA NOVA,2,156348,9,25,5,0,43,1,2016-12-13T15:07:07.000Z,gothenborg,2016-12-13T00:00:00.000Z,50,Fishing,gothenborg,1
57.70705,11.6593,0,321,206,4,FISKE PLATS,DK,47,0,STELLA NOVA,2,156348,9,25,5,0,43,1,2016-12-13T15:09:05.000Z,gothenborg,2016-12-13T00:00:00.000Z,50,Fishing,gothenborg,1
57.70705,11.65927,0,307,206,4,FISKE PLATS,DK,47,0,STELLA NOVA,2,156348,9,25,5,0,43,1,2016-12-13T15:11:06.000Z,gothenborg,2016-12-13T00:00:00.000Z,50,Fishing,gothenborg,1
57.70705,11.65927,0,307,206,4,FISKE PLATS,DK,47,0,STELLA NOVA,2,156348,9,25,5,0,43,1,2016-12-13T15:13:05.000Z,gothenborg,2016-12-13T00:00:00.000Z,50,Fishing,gothenborg,1
57.70708,11.65928,0,329,207,2,FISKE PLATS,DK,47,0,STELLA NOVA,2,156348,9,25,5,0,43,1,2016-12-13T15:15:06.000Z,gothenborg,2016-12-13T00:00:00.000Z,50,Fishing,gothenborg,1
57.70708,11.65928,0,329,207,4,FISKE PLATS,DK,47,0,STELLA NOVA,2,156348,9,25,5,0,43,1,2016-12-13T15:17:05.000Z,gothenborg,2016-12-13T00:00:00.000Z,50,Fishing,gothenborg,1
57.70706,11.65929,0,309,207,2,FISKE PLATS,DK,47,0,STELLA NOVA,2,156348,9,25,5,0,43,1,2016-12-13T15:19:05.000Z,gothenborg,2016-12-13T00:00:00.000Z,50,Fishing,gothenborg,1
57.70706,11.65929,0,309,207,2,FISKE PLATS,DK,47,0,STELLA NOVA,2,156348,9,25,5,0,43,1,2016-12-13T15:21:04.000Z,gothenborg,2016-12-13T00:00:00.000Z,50,Fishing,gothenborg,1
57.70705,11.65926,0,330,207,2,FISKE PLATS,DK,47,0,STELLA NOVA,2,156348,9,25,5,0,43,1,2016-12-13T15:23:05.000Z,gothenborg,2016-12-13T00:00:00.000Z,50,Fishing,gothenborg,1
57.70705,11.65926,0,330,207,4,FISKE PLATS,DK,47,0,STELLA NOVA,2,156348,9,25,5,0,43,1,2016-12-13T15:25:05.000Z,gothenborg,2016-12-13T00:00:00.000Z,50,Fishing,gothenborg,1
57.70707,11.65928,0,115,206,1,FISKE PLATS,DK,47,0,STELLA NOVA,2,156348,9,25,5,0,43,1,2016-12-13T15:27:05.000Z,gothenborg,2016-12-13T00:00:00.000Z,50,Fishing,gothenborg,1
57.70707,11.65928,0,115,206,5,FISKE PLATS,DK,47,0,STELLA NOVA,2,156348,9,25,5,0,43,1,2016-12-13T15:29:06.000Z,gothenborg,2016-12-13T00:00:00.000Z,50,Fishing,gothenborg,1
57.70704,11.65927,0,133,205,3,FISKE PLATS,DK,47,0,STELLA NOVA,2,156348,9,25,5,0,43,1,2016-12-13T15:31:13.000Z,gothenborg,2016-12-13T00:00:00.000Z,50,Fishing,gothenborg,1
57.70704,11.65927,0,133,205,5,FISKE PLATS,DK,47,0,STELLA NOVA,2,156348,9,25,5,0,43,1,2016-12-13T15:33:05.000Z,gothenborg,2016-12-13T00:00:00.000Z,50,Fishing,gothenborg,1
57.70704,11.65928,0,197,205,3,FISKE PLATS,DK,47,0,STELLA NOVA,2,156348,9,25,5,0,43,1,2016-12-13T15:35:05.000Z,gothenborg,2016-12-13T00:00:00.000Z,50,Fishing,gothenborg,1
57.70704,11.65928,0,197,205,3,FISKE PLATS,DK,47,0,STELLA NOVA,2,156348,9,25,5,0,43,1,2016-12-13T15:37:05.000Z,gothenborg,2016-12-13T00:00:00.000Z,50,Fishing,gothenborg,1
57.70706,11.6593,0,311,205,3,FISKE PLATS,DK,47,0,STELLA NOVA,2,156348,9,25,5,0,43,1,2016-12-13T15:39:06.000Z,gothenborg,2016-12-13T00:00:00.000Z,50,Fishing,gothenborg,1
57.70706,11.6593,0,311,205,5,FISKE PLATS,DK,47,0,STELLA NOVA,2,156348,9,25,5,0,43,1,2016-12-13T15:41:06.000Z,gothenborg,2016-12-13T00:00:00.000Z,50,Fishing,gothenborg,1
57.70705,11.65928,0,359,205,3,FISKE PLATS,DK,47,0,STELLA NOVA,2,156348,9,25,5,0,43,1,2016-12-13T15:43:05.000Z,gothenborg,2016-12-13T00:00:00.000Z,50,Fishing,gothenborg,1
57.70706,11.65928,0,18,204,2,FISKE PLATS,DK,47,0,STELLA NOVA,2,156348,9,25,5,0,43,1,2016-12-13T15:45:05.000Z,gothenborg,2016-12-13T00:00:00.000Z,50,Fishing,gothenborg,1
57.70706,11.65928,0,18,204,4,FISKE PLATS,DK,47,0,STELLA NOVA,2,156348,9,25,5,0,43,1,2016-12-13T15:47:05.000Z,gothenborg,2016-12-13T00:00:00.000Z,50,Fishing,gothenborg,1
57.70705,11.65928,0,343,204,2,FISKE PLATS,DK,47,0,STELLA NOVA,2,156348,9,25,5,0,43,1,2016-12-13T15:49:05.000Z,gothenborg,2016-12-13T00:00:00.000Z,50,Fishing,gothenborg,1
57.70705,11.65928,0,343,204,4,FISKE PLATS,DK,47,0,STELLA NOVA,2,156348,9,25,5,0,43,1,2016-12-13T15:51:05.000Z,gothenborg,2016-12-13T00:00:00.000Z,50,Fishing,gothenborg,1
57.70705,11.65928,0,352,204,3,FISKE PLATS,DK,47,0,STELLA NOVA,2,156348,9,25,5,0,43,1,2016-12-13T15:53:05.000Z,gothenborg,2016-12-13T00:00:00.000Z,50,Fishing,gothenborg,1
57.70704,11.65927,0,278,204,2,FISKE PLATS,DK,47,0,STELLA NOVA,2,156348,9,25,5,0,43,1,2016-12-13T15:55:05.000Z,gothenborg,2016-12-13T00:00:00.000Z,50,Fishing,gothenborg,1
57.70704,11.65927,0,278,204,4,FISKE PLATS,DK,47,0,STELLA NOVA,2,156348,9,25,5,0,43,1,2016-12-13T15:57:06.000Z,gothenborg,2016-12-13T00:00:00.000Z,50,Fishing,gothenborg,1
57.70704,11.65927,0,278,204,4,FISKE PLATS,DK,47,0,STELLA NOVA,2,156348,9,25,5,0,43,1,2016-12-13T15:59:05.000Z,gothenborg,2016-12-13T00:00:00.000Z,50,Fishing,gothenborg,1
57.70705,11.65928,0,229,204,5,FISKE PLATS,DK,47,0,STELLA NOVA,2,156348,9,25,5,0,43,1,2016-12-13T16:01:06.000Z,gothenborg,2016-12-13T00:00:00.000Z,50,Fishing,gothenborg,1
57.70705,11.65926,0,238,204,3,FISKE PLATS,DK,47,0,STELLA NOVA,2,156348,9,25,5,0,43,1,2016-12-13T16:03:05.000Z,gothenborg,2016-12-13T00:00:00.000Z,50,Fishing,gothenborg,1
57.70705,11.65926,0,238,204,4,FISKE PLATS,DK,47,0,STELLA NOVA,2,156348,9,25,5,0,43,1,2016-12-13T16:05:05.000Z,gothenborg,2016-12-13T00:00:00.000Z,50,Fishing,gothenborg,1
57.70705,11.65928,0,255,204,3,FISKE PLATS,DK,47,0,STELLA NOVA,2,156348,9,25,5,0,43,1,2016-12-13T16:07:06.000Z,gothenborg,2016-12-13T00:00:00.000Z,50,Fishing,gothenborg,1
57.70705,11.65927,0,294,205,2,FISKE PLATS,DK,47,0,STELLA NOVA,2,156348,9,25,5,0,43,1,2016-12-13T16:09:05.000Z,gothenborg,2016-12-13T00:00:00.000Z,50,Fishing,gothenborg,1
57.70705,11.65927,0,294,205,4,FISKE PLATS,DK,47,0,STELLA NOVA,2,156348,9,25,5,0,43,1,2016-12-13T16:11:05.000Z,gothenborg,2016-12-13T00:00:00.000Z,50,Fishing,gothenborg,1
57.70707,11.65929,0,262,205,2,FISKE PLATS,DK,47,0,STELLA NOVA,2,156348,9,25,5,0,43,1,2016-12-13T16:13:06.000Z,gothenborg,2016-12-13T00:00:00.000Z,50,Fishing,gothenborg,1
57.70707,11.65929,0,262,205,4,FISKE PLATS,DK,47,0,STELLA NOVA,2,156348,9,25,5,0,43,1,2016-12-13T16:15:05.000Z,gothenborg,2016-12-13T00:00:00.000Z,50,Fishing,gothenborg,1
57.70707,11.65927,0,256,205,3,FISKE PLATS,DK,47,0,STELLA NOVA,2,156348,9,25,5,0,43,1,2016-12-13T16:17:05.000Z,gothenborg,2016-12-13T00:00:00.000Z,50,Fishing,gothenborg,1
57.70708,11.65928,0,257,205,2,FISKE PLATS,DK,47,0,STELLA NOVA,2,156348,9,25,5,0,43,1,2016-12-13T16:19:06.000Z,gothenborg,2016-12-13T00:00:00.000Z,50,Fishing,gothenborg,1
57.70708,11.65928,0,257,205,4,FISKE PLATS,DK,47,0,STELLA NOVA,2,156348,9,25,5,0,43,1,2016-12-13T16:21:05.000Z,gothenborg,2016-12-13T00:00:00.000Z,50,Fishing,gothenborg,1
57.70707,11.65927,0,261,205,2,FISKE PLATS,DK,47,0,STELLA NOVA,2,156348,9,25,5,0,43,1,2016-12-13T16:23:05.000Z,gothenborg,2016-12-13T00:00:00.000Z,50,Fishing,gothenborg,1
57.70707,11.65927,0,261,205,4,FISKE PLATS,DK,47,0,STELLA NOVA,2,156348,9,25,5,0,43,1,2016-12-13T16:25:06.000Z,gothenborg,2016-12-13T00:00:00.000Z,50,Fishing,gothenborg,1
57.70705,11.65926,0,272,205,3,FISKE PLATS,DK,47,0,STELLA NOVA,2,156348,9,25,5,0,43,1,2016-12-13T16:27:05.000Z,gothenborg,2016-12-13T00:00:00.000Z,50,Fishing,gothenborg,1
57.70705,11.65926,0,272,205,5,FISKE PLATS,DK,47,0,STELLA NOVA,2,156348,9,25,5,0,43,1,2016-12-13T16:29:06.000Z,gothenborg,2016-12-13T00:00:00.000Z,50,Fishing,gothenborg,1
57.70707,11.65926,0,268,206,3,FISKE PLATS,DK,47,0,STELLA NOVA,2,156348,9,25,5,0,43,1,2016-12-13T16:31:05.000Z,gothenborg,2016-12-13T00:00:00.000Z,50,Fishing,gothenborg,1
57.70707,11.65926,0,268,206,3,FISKE PLATS,DK,47,0,STELLA NOVA,2,156348,9,25,5,0,43,1,2016-12-13T16:33:05.000Z,gothenborg,2016-12-13T00:00:00.000Z,50,Fishing,gothenborg,1
57.70707,11.65926,0,307,206,4,FISKE PLATS,DK,47,0,STELLA NOVA,2,156348,9,25,5,0,43,1,2016-12-13T16:35:06.000Z,gothenborg,2016-12-13T00:00:00.000Z,50,Fishing,gothenborg,1
57.70707,11.65926,0,307,206,6,FISKE PLATS,DK,47,0,STELLA NOVA,2,156348,9,25,5,0,43,1,2016-12-13T16:37:05.000Z,gothenborg,2016-12-13T00:00:00.000Z,50,Fishing,gothenborg,1
57.70707,11.65928,0,278,206,4,FISKE PLATS,DK,47,0,STELLA NOVA,2,156348,9,25,5,0,43,1,2016-12-13T16:39:06.000Z,gothenborg,2016-12-13T00:00:00.000Z,50,Fishing,gothenborg,1
57.70706,11.65928,0,310,205,2,FISKE PLATS,DK,47,0,STELLA NOVA,2,156348,9,25,5,0,43,1,2016-12-13T16:41:06.000Z,gothenborg,2016-12-13T00:00:00.000Z,50,Fishing,gothenborg,1
57.70706,11.65928,0,310,205,4,FISKE PLATS,DK,47,0,STELLA NOVA,2,156348,9,25,5,0,43,1,2016-12-13T16:43:06.000Z,gothenborg,2016-12-13T00:00:00.000Z,50,Fishing,gothenborg,1
57.70706,11.65928,0,310,205,6,FISKE PLATS,DK,47,0,STELLA NOVA,2,156348,9,25,5,0,43,1,2016-12-13T16:45:06.000Z,gothenborg,2016-12-13T00:00:00.000Z,50,Fishing,gothenborg,1
57.70704,11.65928,0,245,205,3,FISKE PLATS,DK,47,0,STELLA NOVA,2,156348,9,25,5,0,43,1,2016-12-13T16:47:06.000Z,gothenborg,2016-12-13T00:00:00.000Z,50,Fishing,gothenborg,1
57.70704,11.65928,0,245,205,5,FISKE PLATS,DK,47,0,STELLA NOVA,2,156348,9,25,5,0,43,1,2016-12-13T16:49:06.000Z,gothenborg,2016-12-13T00:00:00.000Z,50,Fishing,gothenborg,1
57.70706,11.65925,0,241,206,3,FISKE PLATS,DK,47,0,STELLA NOVA,2,156348,9,25,5,0,43,1,2016-12-13T16:51:06.000Z,gothenborg,2016-12-13T00:00:00.000Z,50,Fishing,gothenborg,1
57.70706,11.65925,0,241,206,3,FISKE PLATS,DK,47,0,STELLA NOVA,2,156348,9,25,5,0,43,1,2016-12-13T16:53:05.000Z,gothenborg,2016-12-13T00:00:00.000Z,50,Fishing,gothenborg,1
57.70708,11.65928,0,237,205,3,FISKE PLATS,DK,47,0,STELLA NOVA,2,156348,9,25,5,0,43,1,2016-12-13T16:55:05.000Z,gothenborg,2016-12-13T00:00:00.000Z,50,Fishing,gothenborg,1
57.70708,11.65928,0,237,205,3,FISKE PLATS,DK,47,0,STELLA NOVA,2,156348,9,25,5,0,43,1,2016-12-13T16:57:07.000Z,gothenborg,2016-12-13T00:00:00.000Z,50,Fishing,gothenborg,1
57.70706,11.65928,0,319,206,3,FISKE PLATS,DK,47,0,STELLA NOVA,2,156348,9,25,5,0,43,1,2016-12-13T16:59:05.000Z,gothenborg,2016-12-13T00:00:00.000Z,50,Fishing,gothenborg,1
57.70706,11.65928,0,319,206,5,FISKE PLATS,DK,47,0,STELLA NOVA,2,156348,9,25,5,0,43,1,2016-12-13T17:01:07.000Z,gothenborg,2016-12-13T00:00:00.000Z,50,Fishing,gothenborg,1
57.70706,11.65928,0,319,206,5,FISKE PLATS,DK,47,0,STELLA NOVA,2,156348,9,25,5,0,43,1,2016-12-13T17:03:05.000Z,gothenborg,2016-12-13T00:00:00.000Z,50,Fishing,gothenborg,1
57.70706,11.65929,0,359,206,2,FISKE PLATS,DK,47,0,STELLA NOVA,2,156348,9,25,5,0,43,1,2016-12-13T17:05:05.000Z,gothenborg,2016-12-13T00:00:00.000Z,50,Fishing,gothenborg,1
57.70706,11.65929,0,359,206,4,FISKE PLATS,DK,47,0,STELLA NOVA,2,156348,9,25,5,0,43,1,2016-12-13T17:07:05.000Z,gothenborg,2016-12-13T00:00:00.000Z,50,Fishing,gothenborg,1
57.70707,11.65928,0,222,205,3,FISKE PLATS,DK,47,0,STELLA NOVA,2,156348,9,25,5,0,43,1,2016-12-13T17:09:05.000Z,gothenborg,2016-12-13T00:00:00.000Z,50,Fishing,gothenborg,1
57.70707,11.65928,0,222,205,5,FISKE PLATS,DK,47,0,STELLA NOVA,2,156348,9,25,5,0,43,1,2016-12-13T17:11:06.000Z,gothenborg,2016-12-13T00:00:00.000Z,50,Fishing,gothenborg,1
57.70707,11.65928,0,222,205,5,FISKE PLATS,DK,47,0,STELLA NOVA,2,156348,9,25,5,0,43,1,2016-12-13T17:13:05.000Z,gothenborg,2016-12-13T00:00:00.000Z,50,Fishing,gothenborg,1
57.70705,11.65928,0,313,205,2,FISKE PLATS,DK,47,0,STELLA NOVA,2,156348,9,25,5,0,43,1,2016-12-13T17:15:05.000Z,gothenborg,2016-12-13T00:00:00.000Z,50,Fishing,gothenborg,1
57.70705,11.65928,0,313,205,4,FISKE PLATS,DK,47,0,STELLA NOVA,2,156348,9,25,5,0,43,1,2016-12-13T17:17:06.000Z,gothenborg,2016-12-13T00:00:00.000Z,50,Fishing,gothenborg,1
57.70707,11.65926,0,318,205,3,FISKE PLATS,DK,47,0,STELLA NOVA,2,156348,9,25,5,0,43,1,2016-12-13T17:19:06.000Z,gothenborg,2016-12-13T00:00:00.000Z,50,Fishing,gothenborg,1
57.70707,11.65928,0,308,205,2,FISKE PLATS,DK,47,0,STELLA NOVA,2,156348,9,25,5,0,43,1,2016-12-13T17:21:06.000Z,gothenborg,2016-12-13T00:00:00.000Z,50,Fishing,gothenborg,1
57.70707,11.65928,0,308,205,4,FISKE PLATS,DK,47,0,STELLA NOVA,2,156348,9,25,5,0,43,1,2016-12-13T17:23:05.000Z,gothenborg,2016-12-13T00:00:00.000Z,50,Fishing,gothenborg,1
57.70705,11.65929,0,324,205,3,FISKE PLATS,DK,47,0,STELLA NOVA,2,156348,9,25,5,0,43,1,2016-12-13T17:25:05.000Z,gothenborg,2016-12-13T00:00:00.000Z,50,Fishing,gothenborg,1
57.70705,11.65929,0,324,205,5,FISKE PLATS,DK,47,0,STELLA NOVA,2,156348,9,25,5,0,43,1,2016-12-13T17:27:06.000Z,gothenborg,2016-12-13T00:00:00.000Z,50,Fishing,gothenborg,1
57.70707,11.65928,0,244,206,3,FISKE PLATS,DK,47,0,STELLA NOVA,2,156348,9,25,5,0,43,1,2016-12-13T17:29:05.000Z,gothenborg,2016-12-13T00:00:00.000Z,50,Fishing,gothenborg,1
57.70707,11.65927,0,336,205,2,FISKE PLATS,DK,47,0,STELLA NOVA,2,156348,9,25,5,0,43,1,2016-12-13T17:31:05.000Z,gothenborg,2016-12-13T00:00:00.000Z,50,Fishing,gothenborg,1
57.70707,11.65927,0,336,205,4,FISKE PLATS,DK,47,0,STELLA NOVA,2,156348,9,25,5,0,43,1,2016-12-13T17:33:06.000Z,gothenborg,2016-12-13T00:00:00.000Z,50,Fishing,gothenborg,1
57.70707,11.65927,0,304,204,2,FISKE PLATS,DK,47,0,STELLA NOVA,2,156348,9,25,5,0,43,1,2016-12-13T17:35:05.000Z,gothenborg,2016-12-13T00:00:00.000Z,50,Fishing,gothenborg,1
57.70707,11.65927,0,304,204,4,FISKE PLATS,DK,47,0,STELLA NOVA,2,156348,9,25,5,0,43,1,2016-12-13T17:37:06.000Z,gothenborg,2016-12-13T00:00:00.000Z,50,Fishing,gothenborg,1
57.70707,11.65927,0,287,206,2,FISKE PLATS,DK,47,0,STELLA NOVA,2,156348,9,25,5,0,43,1,2016-12-13T17:39:05.000Z,gothenborg,2016-12-13T00:00:00.000Z,50,Fishing,gothenborg,1
57.70707,11.65927,0,287,206,4,FISKE PLATS,DK,47,0,STELLA NOVA,2,156348,9,25,5,0,43,1,2016-12-13T17:41:06.000Z,gothenborg,2016-12-13T00:00:00.000Z,50,Fishing,gothenborg,1
57.70705,11.65928,0,299,205,2,FISKE PLATS,DK,47,0,STELLA NOVA,2,156348,9,25,5,0,43,1,2016-12-13T17:43:06.000Z,gothenborg,2016-12-13T00:00:00.000Z,50,Fishing,gothenborg,1
57.70705,11.65928,0,299,205,4,FISKE PLATS,DK,47,0,STELLA NOVA,2,156348,9,25,5,0,43,1,2016-12-13T17:45:06.000Z,gothenborg,2016-12-13T00:00:00.000Z,50,Fishing,gothenborg,1
57.70705,11.65928,0,290,205,2,FISKE PLATS,DK,47,0,STELLA NOVA,2,156348,9,25,5,0,43,1,2016-12-13T17:47:05.000Z,gothenborg,2016-12-13T00:00:00.000Z,50,Fishing,gothenborg,1
57.70705,11.65928,0,290,205,4,FISKE PLATS,DK,47,0,STELLA NOVA,2,156348,9,25,5,0,43,1,2016-12-13T17:49:06.000Z,gothenborg,2016-12-13T00:00:00.000Z,50,Fishing,gothenborg,1
57.70705,11.65928,0,320,206,2,FISKE PLATS,DK,47,0,STELLA NOVA,2,156348,9,25,5,0,43,1,2016-12-13T17:51:05.000Z,gothenborg,2016-12-13T00:00:00.000Z,50,Fishing,gothenborg,1
57.70705,11.65928,0,320,206,4,FISKE PLATS,DK,47,0,STELLA NOVA,2,156348,9,25,5,0,43,1,2016-12-13T17:53:17.000Z,gothenborg,2016-12-13T00:00:00.000Z,50,Fishing,gothenborg,1
57.70705,11.65928,0,320,206,4,FISKE PLATS,DK,47,0,STELLA NOVA,2,156348,9,25,5,0,43,1,2016-12-13T17:55:15.000Z,gothenborg,2016-12-13T00:00:00.000Z,50,Fishing,gothenborg,1
57.70706,11.65927,0,294,206,5,FISKE PLATS,DK,47,0,STELLA NOVA,2,156348,9,25,5,0,43,1,2016-12-13T17:57:16.000Z,gothenborg,2016-12-13T00:00:00.000Z,50,Fishing,gothenborg,1
57.70708,11.65926,0,314,206,3,FISKE PLATS,DK,47,0,STELLA NOVA,2,156348,9,25,5,0,43,1,2016-12-13T17:59:07.000Z,gothenborg,2016-12-13T00:00:00.000Z,50,Fishing,gothenborg,1
57.70708,11.65926,0,314,206,5,FISKE PLATS,DK,47,0,STELLA NOVA,2,156348,9,25,5,0,43,1,2016-12-13T18:01:15.000Z,gothenborg,2016-12-13T00:00:00.000Z,50,Fishing,gothenborg,1
57.70708,11.65926,0,314,206,5,FISKE PLATS,DK,47,0,STELLA NOVA,2,156348,9,25,5,0,43,1,2016-12-13T18:03:05.000Z,gothenborg,2016-12-13T00:00:00.000Z,50,Fishing,gothenborg,1
57.70705,11.65926,0,318,205,5,FISKE PLATS,DK,47,0,STELLA NOVA,2,156348,9,25,5,0,43,1,2016-12-13T18:05:06.000Z,gothenborg,2016-12-13T00:00:00.000Z,50,Fishing,gothenborg,1
57.70705,11.65926,0,318,205,5,FISKE PLATS,DK,47,0,STELLA NOVA,2,156348,9,25,5,0,43,1,2016-12-13T18:07:05.000Z,gothenborg,2016-12-13T00:00:00.000Z,50,Fishing,gothenborg,1
57.70708,11.65928,0,18,205,4,FISKE PLATS,DK,47,0,STELLA NOVA,2,156348,9,25,5,0,43,1,2016-12-13T18:09:05.000Z,gothenborg,2016-12-13T00:00:00.000Z,50,Fishing,gothenborg,1
57.70707,11.65926,0,324,205,3,FISKE PLATS,DK,47,0,STELLA NOVA,2,156348,9,25,5,0,43,1,2016-12-13T18:11:06.000Z,gothenborg,2016-12-13T00:00:00.000Z,50,Fishing,gothenborg,1
57.70707,11.65926,0,324,205,3,FISKE PLATS,DK,47,0,STELLA NOVA,2,156348,9,25,5,0,43,1,2016-12-13T18:13:06.000Z,gothenborg,2016-12-13T00:00:00.000Z,50,Fishing,gothenborg,1
57.70706,11.65927,0,348,205,3,FISKE PLATS,DK,47,0,STELLA NOVA,2,156348,9,25,5,0,43,1,2016-12-13T18:15:05.000Z,gothenborg,2016-12-13T00:00:00.000Z,50,Fishing,gothenborg,1
57.70706,11.65927,0,348,205,3,FISKE PLATS,DK,47,0,STELLA NOVA,2,156348,9,25,5,0,43,1,2016-12-13T18:17:06.000Z,gothenborg,2016-12-13T00:00:00.000Z,50,Fishing,gothenborg,1
57.70704,11.65923,0,324,205,3,FISKE PLATS,DK,47,0,STELLA NOVA,2,156348,9,25,5,0,43,1,2016-12-13T18:19:06.000Z,gothenborg,2016-12-13T00:00:00.000Z,50,Fishing,gothenborg,1
57.70704,11.65923,0,324,205,5,FISKE PLATS,DK,47,0,STELLA NOVA,2,156348,9,25,5,0,43,1,2016-12-13T18:21:06.000Z,gothenborg,2016-12-13T00:00:00.000Z,50,Fishing,gothenborg,1
57.70705,11.65926,0,350,204,3,FISKE PLATS,DK,47,0,STELLA NOVA,2,156348,9,25,5,0,43,1,2016-12-13T18:23:06.000Z,gothenborg,2016-12-13T00:00:00.000Z,50,Fishing,gothenborg,1
57.70705,11.65926,0,350,204,5,FISKE PLATS,DK,47,0,STELLA NOVA,2,156348,9,25,5,0,43,1,2016-12-13T18:25:05.000Z,gothenborg,2016-12-13T00:00:00.000Z,50,Fishing,gothenborg,1
57.70707,11.65928,0,334,205,3,FISKE PLATS,DK,47,0,STELLA NOVA,2,156348,9,25,5,0,43,1,2016-12-13T18:27:06.000Z,gothenborg,2016-12-13T00:00:00.000Z,50,Fishing,gothenborg,1
57.70703,11.65927,0,26,204,2,FISKE PLATS,DK,47,0,STELLA NOVA,2,156348,9,25,5,0,43,1,2016-12-13T18:29:06.000Z,gothenborg,2016-12-13T00:00:00.000Z,50,Fishing,gothenborg,1
57.70703,11.65927,0,26,204,4,FISKE PLATS,DK,47,0,STELLA NOVA,2,156348,9,25,5,0,43,1,2016-12-13T18:31:05.000Z,gothenborg,2016-12-13T00:00:00.000Z,50,Fishing,gothenborg,1
57.70706,11.65925,0,158,205,3,FISKE PLATS,DK,47,0,STELLA NOVA,2,156348,9,25,5,0,43,1,2016-12-13T18:33:06.000Z,gothenborg,2016-12-13T00:00:00.000Z,50,Fishing,gothenborg,1
57.70705,11.65928,0,276,205,2,FISKE PLATS,DK,47,0,STELLA NOVA,2,156348,9,25,5,0,43,1,2016-12-13T18:35:06.000Z,gothenborg,2016-12-13T00:00:00.000Z,50,Fishing,gothenborg,1
57.70705,11.65928,0,276,205,4,FISKE PLATS,DK,47,0,STELLA NOVA,2,156348,9,25,5,0,43,1,2016-12-13T18:37:07.000Z,gothenborg,2016-12-13T00:00:00.000Z,50,Fishing,gothenborg,1
57.70706,11.65927,0,170,205,3,FISKE PLATS,DK,47,0,STELLA NOVA,2,156348,9,25,5,0,43,1,2016-12-13T18:39:06.000Z,gothenborg,2016-12-13T00:00:00.000Z,50,Fishing,gothenborg,1
57.70706,11.65927,0,170,205,5,FISKE PLATS,DK,47,0,STELLA NOVA,2,156348,9,25,5,0,43,1,2016-12-13T18:41:05.000Z,gothenborg,2016-12-13T00:00:00.000Z,50,Fishing,gothenborg,1
57.70706,11.65926,0,211,205,2,FISKE PLATS,DK,47,0,STELLA NOVA,2,156348,9,25,5,0,43,1,2016-12-13T18:43:06.000Z,gothenborg,2016-12-13T00:00:00.000Z,50,Fishing,gothenborg,1
57.70706,11.65926,0,211,205,4,FISKE PLATS,DK,47,0,STELLA NOVA,2,156348,9,25,5,0,43,1,2016-12-13T18:45:05.000Z,gothenborg,2016-12-13T00:00:00.000Z,50,Fishing,gothenborg,1
57.70707,11.65931,0,2,205,1,FISKE PLATS,DK,47,0,STELLA NOVA,2,156348,9,25,5,0,43,1,2016-12-13T18:47:05.000Z,gothenborg,2016-12-13T00:00:00.000Z,50,Fishing,gothenborg,1
57.70707,11.65931,0,2,205,5,FISKE PLATS,DK,47,0,STELLA NOVA,2,156348,9,25,5,0,43,1,2016-12-13T18:49:06.000Z,gothenborg,2016-12-13T00:00:00.000Z,50,Fishing,gothenborg,1
57.70705,11.65926,0,316,205,2,FISKE PLATS,DK,47,0,STELLA NOVA,2,156348,9,25,5,0,43,1,2016-12-13T18:51:05.000Z,gothenborg,2016-12-13T00:00:00.000Z,50,Fishing,gothenborg,1
57.70705,11.65926,0,316,205,4,FISKE PLATS,DK,47,0,STELLA NOVA,2,156348,9,25,5,0,43,1,2016-12-13T18:53:05.000Z,gothenborg,2016-12-13T00:00:00.000Z,50,Fishing,gothenborg,1
57.70707,11.65927,0,261,205,2,FISKE PLATS,DK,47,0,STELLA NOVA,2,156348,9,25,5,0,43,1,2016-12-13T18:55:05.000Z,gothenborg,2016-12-13T00:00:00.000Z,50,Fishing,gothenborg,1
57.70707,11.65927,0,261,205,4,FISKE PLATS,DK,47,0,STELLA NOVA,2,156348,9,25,5,0,43,1,2016-12-13T18:57:05.000Z,gothenborg,2016-12-13T00:00:00.000Z,50,Fishing,gothenborg,1
57.70705,11.65926,0,19,205,2,FISKE PLATS,DK,47,0,STELLA NOVA,2,156348,9,25,5,0,43,1,2016-12-13T18:59:06.000Z,gothenborg,2016-12-13T00:00:00.000Z,50,Fishing,gothenborg,1
57.70705,11.65926,0,19,205,3,FISKE PLATS,DK,47,0,STELLA NOVA,2,156348,9,25,5,0,43,1,2016-12-13T19:01:05.000Z,gothenborg,2016-12-13T00:00:00.000Z,50,Fishing,gothenborg,1
57.70705,11.65926,0,19,205,5,FISKE PLATS,DK,47,0,STELLA NOVA,2,156348,9,25,5,0,43,1,2016-12-13T19:03:05.000Z,gothenborg,2016-12-13T00:00:00.000Z,50,Fishing,gothenborg,1
57.70707,11.65929,0,11,206,3,FISKE PLATS,DK,47,0,STELLA NOVA,2,156348,9,25,5,0,43,1,2016-12-13T19:05:05.000Z,gothenborg,2016-12-13T00:00:00.000Z,50,Fishing,gothenborg,1
57.70707,11.65929,0,11,206,5,FISKE PLATS,DK,47,0,STELLA NOVA,2,156348,9,25,5,0,43,1,2016-12-13T19:07:05.000Z,gothenborg,2016-12-13T00:00:00.000Z,50,Fishing,gothenborg,1
57.70707,11.6593,0,344,205,3,FISKE PLATS,DK,47,0,STELLA NOVA,2,156348,9,25,5,0,43,1,2016-12-13T19:09:06.000Z,gothenborg,2016-12-13T00:00:00.000Z,50,Fishing,gothenborg,1
57.70707,11.6593,0,344,205,3,FISKE PLATS,DK,47,0,STELLA NOVA,2,156348,9,25,5,0,43,1,2016-12-13T19:11:05.000Z,gothenborg,2016-12-13T00:00:00.000Z,50,Fishing,gothenborg,1
57.70708,11.65926,0,4,206,1,FISKE PLATS,DK,47,0,STELLA NOVA,2,156348,9,25,5,0,43,1,2016-12-13T19:13:06.000Z,gothenborg,2016-12-13T00:00:00.000Z,50,Fishing,gothenborg,1
57.70708,11.65926,0,4,206,5,FISKE PLATS,DK,47,0,STELLA NOVA,2,156348,9,25,5,0,43,1,2016-12-13T19:15:06.000Z,gothenborg,2016-12-13T00:00:00.000Z,50,Fishing,gothenborg,1
57.70706,11.65927,0,242,206,3,FISKE PLATS,DK,47,0,STELLA NOVA,2,156348,9,25,5,0,43,1,2016-12-13T19:17:06.000Z,gothenborg,2016-12-13T00:00:00.000Z,50,Fishing,gothenborg,1
57.70706,11.65927,0,242,206,5,FISKE PLATS,DK,47,0,STELLA NOVA,2,156348,9,25,5,0,43,1,2016-12-13T19:19:05.000Z,gothenborg,2016-12-13T00:00:00.000Z,50,Fishing,gothenborg,1
57.70707,11.6593,0,268,206,3,FISKE PLATS,DK,47,0,STELLA NOVA,2,156348,9,25,5,0,43,1,2016-12-13T19:21:05.000Z,gothenborg,2016-12-13T00:00:00.000Z,50,Fishing,gothenborg,1
57.70707,11.6593,0,268,206,4,FISKE PLATS,DK,47,0,STELLA NOVA,2,156348,9,25,5,0,43,1,2016-12-13T19:23:05.000Z,gothenborg,2016-12-13T00:00:00.000Z,50,Fishing,gothenborg,1
57.70706,11.65929,0,30,205,2,FISKE PLATS,DK,47,0,STELLA NOVA,2,156348,9,25,5,0,43,1,2016-12-13T19:25:06.000Z,gothenborg,2016-12-13T00:00:00.000Z,50,Fishing,gothenborg,1
57.70706,11.65929,0,30,205,4,FISKE PLATS,DK,47,0,STELLA NOVA,2,156348,9,25,5,0,43,1,2016-12-13T19:27:06.000Z,gothenborg,2016-12-13T00:00:00.000Z,50,Fishing,gothenborg,1
57.70706,11.65928,0,43,205,2,FISKE PLATS,DK,47,0,STELLA NOVA,2,156348,9,25,5,0,43,1,2016-12-13T19:29:05.000Z,gothenborg,2016-12-13T00:00:00.000Z,50,Fishing,gothenborg,1
57.70706,11.65928,0,43,205,4,FISKE PLATS,DK,47,0,STELLA NOVA,2,156348,9,25,5,0,43,1,2016-12-13T19:31:05.000Z,gothenborg,2016-12-13T00:00:00.000Z,50,Fishing,gothenborg,1
57.70706,11.65925,0,33,205,3,FISKE PLATS,DK,47,0,STELLA NOVA,2,156348,9,25,5,0,43,1,2016-12-13T19:33:05.000Z,gothenborg,2016-12-13T00:00:00.000Z,50,Fishing,gothenborg,1
57.70706,11.65925,0,33,205,5,FISKE PLATS,DK,47,0,STELLA NOVA,2,156348,9,25,5,0,43,1,2016-12-13T19:35:06.000Z,gothenborg,2016-12-13T00:00:00.000Z,50,Fishing,gothenborg,1
57.70706,11.65926,0,282,206,4,FISKE PLATS,DK,47,0,STELLA NOVA,2,156348,9,25,5,0,43,1,2016-12-13T19:37:05.000Z,gothenborg,2016-12-13T00:00:00.000Z,50,Fishing,gothenborg,1
57.70707,11.65928,0,315,205,2,FISKE PLATS,DK,47,0,STELLA NOVA,2,156348,9,25,5,0,43,1,2016-12-13T19:39:05.000Z,gothenborg,2016-12-13T00:00:00.000Z,50,Fishing,gothenborg,1
57.70707,11.65928,0,315,205,4,FISKE PLATS,DK,47,0,STELLA NOVA,2,156348,9,25,5,0,43,1,2016-12-13T19:41:05.000Z,gothenborg,2016-12-13T00:00:00.000Z,50,Fishing,gothenborg,1
57.70707,11.65928,0,315,205,4,FISKE PLATS,DK,47,0,STELLA NOVA,2,156348,9,25,5,0,43,1,2016-12-13T19:43:05.000Z,gothenborg,2016-12-13T00:00:00.000Z,50,Fishing,gothenborg,1
57.70706,11.65927,0,181,205,3,FISKE PLATS,DK,47,0,STELLA NOVA,2,156348,9,25,5,0,43,1,2016-12-13T19:45:05.000Z,gothenborg,2016-12-13T00:00:00.000Z,50,Fishing,gothenborg,1
57.70706,11.65927,0,181,205,3,FISKE PLATS,DK,47,0,STELLA NOVA,2,156348,9,25,5,0,43,1,2016-12-13T19:47:05.000Z,gothenborg,2016-12-13T00:00:00.000Z,50,Fishing,gothenborg,1
57.70706,11.65928,0,29,205,4,FISKE PLATS,DK,47,0,STELLA NOVA,2,156348,9,25,5,0,43,1,2016-12-13T19:49:05.000Z,gothenborg,2016-12-13T00:00:00.000Z,50,Fishing,gothenborg,1
57.70707,11.65928,0,339,205,3,FISKE PLATS,DK,47,0,STELLA NOVA,2,156348,9,25,5,0,43,1,2016-12-13T19:51:06.000Z,gothenborg,2016-12-13T00:00:00.000Z,50,Fishing,gothenborg,1
57.70707,11.65928,0,339,205,3,FISKE PLATS,DK,47,0,STELLA NOVA,2,156348,9,25,5,0,43,1,2016-12-13T19:53:05.000Z,gothenborg,2016-12-13T00:00:00.000Z,50,Fishing,gothenborg,1
57.70706,11.65928,0,15,206,4,FISKE PLATS,DK,47,0,STELLA NOVA,2,156348,9,25,5,0,43,1,2016-12-13T19:55:05.000Z,gothenborg,2016-12-13T00:00:00.000Z,50,Fishing,gothenborg,1
57.70707,11.65929,0,85,206,3,FISKE PLATS,DK,47,0,STELLA NOVA,2,156348,9,25,5,0,43,1,2016-12-13T19:57:05.000Z,gothenborg,2016-12-13T00:00:00.000Z,50,Fishing,gothenborg,1
57.70707,11.65928,0,292,206,2,FISKE PLATS,DK,47,0,STELLA NOVA,2,156348,9,25,5,0,43,1,2016-12-13T19:59:05.000Z,gothenborg,2016-12-13T00:00:00.000Z,50,Fishing,gothenborg,1
57.70707,11.65928,0,292,206,4,FISKE PLATS,DK,47,0,STELLA NOVA,2,156348,9,25,5,0,43,1,2016-12-13T20:01:06.000Z,gothenborg,2016-12-13T00:00:00.000Z,50,Fishing,gothenborg,1
57.70707,11.65928,0,337,206,3,FISKE PLATS,DK,47,0,STELLA NOVA,2,156348,9,25,5,0,43,1,2016-12-13T20:03:05.000Z,gothenborg,2016-12-13T00:00:00.000Z,50,Fishing,gothenborg,1
57.70707,11.65927,0,358,205,2,FISKE PLATS,DK,47,0,STELLA NOVA,2,156348,9,25,5,0,43,1,2016-12-13T20:05:05.000Z,gothenborg,2016-12-13T00:00:00.000Z,50,Fishing,gothenborg,1
57.70707,11.65927,0,358,205,4,FISKE PLATS,DK,47,0,STELLA NOVA,2,156348,9,25,5,0,43,1,2016-12-13T20:07:05.000Z,gothenborg,2016-12-13T00:00:00.000Z,50,Fishing,gothenborg,1
57.70705,11.65927,0,348,205,2,FISKE PLATS,DK,47,0,STELLA NOVA,2,156348,9,25,5,0,43,1,2016-12-13T20:09:05.000Z,gothenborg,2016-12-13T00:00:00.000Z,50,Fishing,gothenborg,1
57.70705,11.65927,0,348,205,4,FISKE PLATS,DK,47,0,STELLA NOVA,2,156348,9,25,5,0,43,1,2016-12-13T20:11:06.000Z,gothenborg,2016-12-13T00:00:00.000Z,50,Fishing,gothenborg,1
57.70705,11.65928,0,322,206,2,FISKE PLATS,DK,47,0,STELLA NOVA,2,156348,9,25,5,0,43,1,2016-12-13T20:13:05.000Z,gothenborg,2016-12-13T00:00:00.000Z,50,Fishing,gothenborg,1
57.70705,11.65928,0,322,206,4,FISKE PLATS,DK,47,0,STELLA NOVA,2,156348,9,25,5,0,43,1,2016-12-13T20:15:06.000Z,gothenborg,2016-12-13T00:00:00.000Z,50,Fishing,gothenborg,1
57.70705,11.65926,0,4,206,3,FISKE PLATS,DK,47,0,STELLA NOVA,2,156348,9,25,5,0,43,1,2016-12-13T20:17:05.000Z,gothenborg,2016-12-13T00:00:00.000Z,50,Fishing,gothenborg,1
57.70705,11.65926,0,4,206,5,FISKE PLATS,DK,47,0,STELLA NOVA,2,156348,9,25,5,0,43,1,2016-12-13T20:19:06.000Z,gothenborg,2016-12-13T00:00:00.000Z,50,Fishing,gothenborg,1
57.70705,11.65927,0,325,206,3,FISKE PLATS,DK,47,0,STELLA NOVA,2,156348,9,25,5,0,43,1,2016-12-13T20:21:06.000Z,gothenborg,2016-12-13T00:00:00.000Z,50,Fishing,gothenborg,1
57.70705,11.65927,0,325,206,5,FISKE PLATS,DK,47,0,STELLA NOVA,2,156348,9,25,5,0,43,1,2016-12-13T20:23:06.000Z,gothenborg,2016-12-13T00:00:00.000Z,50,Fishing,gothenborg,1
57.70704,11.6593,0,323,206,3,FISKE PLATS,DK,47,0,STELLA NOVA,2,156348,9,25,5,0,43,1,2016-12-13T20:25:05.000Z,gothenborg,2016-12-13T00:00:00.000Z,50,Fishing,gothenborg,1
57.70704,11.6593,0,323,206,5,FISKE PLATS,DK,47,0,STELLA NOVA,2,156348,9,25,5,0,43,1,2016-12-13T20:27:06.000Z,gothenborg,2016-12-13T00:00:00.000Z,50,Fishing,gothenborg,1
57.70707,11.65927,0,346,205,3,FISKE PLATS,DK,47,0,STELLA NOVA,2,156348,9,25,5,0,43,1,2016-12-13T20:29:05.000Z,gothenborg,2016-12-13T00:00:00.000Z,50,Fishing,gothenborg,1
57.70707,11.65927,0,346,205,5,FISKE PLATS,DK,47,0,STELLA NOVA,2,156348,9,25,5,0,43,1,2016-12-13T20:31:06.000Z,gothenborg,2016-12-13T00:00:00.000Z,50,Fishing,gothenborg,1
57.70708,11.65924,0,332,206,2,FISKE PLATS,DK,47,0,STELLA NOVA,2,156348,9,25,5,0,43,1,2016-12-13T20:33:06.000Z,gothenborg,2016-12-13T00:00:00.000Z,50,Fishing,gothenborg,1
57.70708,11.65924,0,332,206,4,FISKE PLATS,DK,47,0,STELLA NOVA,2,156348,9,25,5,0,43,1,2016-12-13T20:35:06.000Z,gothenborg,2016-12-13T00:00:00.000Z,50,Fishing,gothenborg,1
57.70706,11.65924,0,338,206,2,FISKE PLATS,DK,47,0,STELLA NOVA,2,156348,9,25,5,0,43,1,2016-12-13T20:37:06.000Z,gothenborg,2016-12-13T00:00:00.000Z,50,Fishing,gothenborg,1
57.70706,11.65924,0,338,206,4,FISKE PLATS,DK,47,0,STELLA NOVA,2,156348,9,25,5,0,43,1,2016-12-13T20:39:05.000Z,gothenborg,2016-12-13T00:00:00.000Z,50,Fishing,gothenborg,1
57.70706,11.65928,0,281,206,2,FISKE PLATS,DK,47,0,STELLA NOVA,2,156348,9,25,5,0,43,1,2016-12-13T20:41:05.000Z,gothenborg,2016-12-13T00:00:00.000Z,50,Fishing,gothenborg,1
57.70706,11.65928,0,281,206,4,FISKE PLATS,DK,47,0,STELLA NOVA,2,156348,9,25,5,0,43,1,2016-12-13T20:43:05.000Z,gothenborg,2016-12-13T00:00:00.000Z,50,Fishing,gothenborg,1
57.70705,11.65926,0,288,206,2,FISKE PLATS,DK,47,0,STELLA NOVA,2,156348,9,25,5,0,43,1,2016-12-13T20:45:06.000Z,gothenborg,2016-12-13T00:00:00.000Z,50,Fishing,gothenborg,1
57.70705,11.65926,0,288,206,4,FISKE PLATS,DK,47,0,STELLA NOVA,2,156348,9,25,5,0,43,1,2016-12-13T20:47:06.000Z,gothenborg,2016-12-13T00:00:00.000Z,50,Fishing,gothenborg,1
57.70705,11.65927,0,185,205,2,FISKE PLATS,DK,47,0,STELLA NOVA,2,156348,9,25,5,0,43,1,2016-12-13T20:49:05.000Z,gothenborg,2016-12-13T00:00:00.000Z,50,Fishing,gothenborg,1
57.70705,11.65927,0,185,205,4,FISKE PLATS,DK,47,0,STELLA NOVA,2,156348,9,25,5,0,43,1,2016-12-13T20:51:05.000Z,gothenborg,2016-12-13T00:00:00.000Z,50,Fishing,gothenborg,1
57.70707,11.65925,0,20,205,2,FISKE PLATS,DK,47,0,STELLA NOVA,2,156348,9,25,5,0,43,1,2016-12-13T20:53:06.000Z,gothenborg,2016-12-13T00:00:00.000Z,50,Fishing,gothenborg,1
57.70707,11.65925,0,20,205,2,FISKE PLATS,DK,47,0,STELLA NOVA,2,156348,9,25,5,0,43,1,2016-12-13T20:55:05.000Z,gothenborg,2016-12-13T00:00:00.000Z,50,Fishing,gothenborg,1
57.70704,11.65924,0,150,205,1,FISKE PLATS,DK,47,0,STELLA NOVA,2,156348,9,25,5,0,43,1,2016-12-13T20:57:05.000Z,gothenborg,2016-12-13T00:00:00.000Z,50,Fishing,gothenborg,1
57.70705,11.65928,0,48,205,2,FISKE PLATS,DK,47,0,STELLA NOVA,2,156348,9,25,5,0,43,1,2016-12-13T20:59:05.000Z,gothenborg,2016-12-13T00:00:00.000Z,50,Fishing,gothenborg,1
57.70705,11.65928,0,48,205,4,FISKE PLATS,DK,47,0,STELLA NOVA,2,156348,9,25,5,0,43,1,2016-12-13T21:01:06.000Z,gothenborg,2016-12-13T00:00:00.000Z,50,Fishing,gothenborg,1
57.70707,11.65926,0,333,205,3,FISKE PLATS,DK,47,0,STELLA NOVA,2,156348,9,25,5,0,43,1,2016-12-13T21:03:05.000Z,gothenborg,2016-12-13T00:00:00.000Z,50,Fishing,gothenborg,1
57.70707,11.65926,0,333,205,5,FISKE PLATS,DK,47,0,STELLA NOVA,2,156348,9,25,5,0,43,1,2016-12-13T21:05:05.000Z,gothenborg,2016-12-13T00:00:00.000Z,50,Fishing,gothenborg,1
57.70705,11.65928,0,39,205,3,FISKE PLATS,DK,47,0,STELLA NOVA,2,156348,9,25,5,0,43,1,2016-12-13T21:07:05.000Z,gothenborg,2016-12-13T00:00:00.000Z,50,Fishing,gothenborg,1
57.70707,11.65928,0,297,204,2,FISKE PLATS,DK,47,0,STELLA NOVA,2,156348,9,25,5,0,43,1,2016-12-13T21:09:05.000Z,gothenborg,2016-12-13T00:00:00.000Z,50,Fishing,gothenborg,1
57.70707,11.65928,0,297,204,4,FISKE PLATS,DK,47,0,STELLA NOVA,2,156348,9,25,5,0,43,1,2016-12-13T21:11:05.000Z,gothenborg,2016-12-13T00:00:00.000Z,50,Fishing,gothenborg,1
57.70706,11.65927,0,5,205,1,FISKE PLATS,DK,47,0,STELLA NOVA,2,156348,9,25,5,0,43,1,2016-12-13T21:13:05.000Z,gothenborg,2016-12-13T00:00:00.000Z,50,Fishing,gothenborg,1
57.70705,11.65927,0,27,205,2,FISKE PLATS,DK,47,0,STELLA NOVA,2,156348,9,25,5,0,43,1,2016-12-13T21:15:05.000Z,gothenborg,2016-12-13T00:00:00.000Z,50,Fishing,gothenborg,1
57.70705,11.65927,0,27,205,4,FISKE PLATS,DK,47,0,STELLA NOVA,2,156348,9,25,5,0,43,1,2016-12-13T21:17:05.000Z,gothenborg,2016-12-13T00:00:00.000Z,50,Fishing,gothenborg,1
57.70707,11.65928,0,347,205,2,FISKE PLATS,DK,47,0,STELLA NOVA,2,156348,9,25,5,0,43,1,2016-12-13T21:19:05.000Z,gothenborg,2016-12-13T00:00:00.000Z,50,Fishing,gothenborg,1
57.70707,11.65928,0,347,205,4,FISKE PLATS,DK,47,0,STELLA NOVA,2,156348,9,25,5,0,43,1,2016-12-13T21:21:05.000Z,gothenborg,2016-12-13T00:00:00.000Z,50,Fishing,gothenborg,1
57.70707,11.65927,0,75,205,2,FISKE PLATS,DK,47,0,STELLA NOVA,2,156348,9,25,5,0,43,1,2016-12-13T21:23:05.000Z,gothenborg,2016-12-13T00:00:00.000Z,50,Fishing,gothenborg,1
57.70707,11.65927,0,75,205,4,FISKE PLATS,DK,47,0,STELLA NOVA,2,156348,9,25,5,0,43,1,2016-12-13T21:25:05.000Z,gothenborg,2016-12-13T00:00:00.000Z,50,Fishing,gothenborg,1
57.70705,11.65929,0,34,205,2,FISKE PLATS,DK,47,0,STELLA NOVA,2,156348,9,25,5,0,43,1,2016-12-13T21:27:06.000Z,gothenborg,2016-12-13T00:00:00.000Z,50,Fishing,gothenborg,1
57.70705,11.65929,0,34,205,4,FISKE PLATS,DK,47,0,STELLA NOVA,2,156348,9,25,5,0,43,1,2016-12-13T21:29:06.000Z,gothenborg,2016-12-13T00:00:00.000Z,50,Fishing,gothenborg,1
57.70705,11.65929,0,34,205,6,FISKE PLATS,DK,47,0,STELLA NOVA,2,156348,9,25,5,0,43,1,2016-12-13T21:31:05.000Z,gothenborg,2016-12-13T00:00:00.000Z,50,Fishing,gothenborg,1
57.70705,11.65928,0,79,204,3,FISKE PLATS,DK,47,0,STELLA NOVA,2,156348,9,25,5,0,43,1,2016-12-13T21:33:05.000Z,gothenborg,2016-12-13T00:00:00.000Z,50,Fishing,gothenborg,1
57.70705,11.65928,0,79,204,5,FISKE PLATS,DK,47,0,STELLA NOVA,2,156348,9,25,5,0,43,1,2016-12-13T21:35:06.000Z,gothenborg,2016-12-13T00:00:00.000Z,50,Fishing,gothenborg,1
57.70705,11.65927,0,168,205,3,FISKE PLATS,DK,47,0,STELLA NOVA,2,156348,9,25,5,0,43,1,2016-12-13T21:37:05.000Z,gothenborg,2016-12-13T00:00:00.000Z,50,Fishing,gothenborg,1
57.70705,11.65927,0,168,205,5,FISKE PLATS,DK,47,0,STELLA NOVA,2,156348,9,25,5,0,43,1,2016-12-13T21:39:06.000Z,gothenborg,2016-12-13T00:00:00.000Z,50,Fishing,gothenborg,1
57.70705,11.65928,0,232,205,3,FISKE PLATS,DK,47,0,STELLA NOVA,2,156348,9,25,5,0,43,1,2016-12-13T21:41:05.000Z,gothenborg,2016-12-13T00:00:00.000Z,50,Fishing,gothenborg,1
57.70705,11.65928,0,232,205,5,FISKE PLATS,DK,47,0,STELLA NOVA,2,156348,9,25,5,0,43,1,2016-12-13T21:43:05.000Z,gothenborg,2016-12-13T00:00:00.000Z,50,Fishing,gothenborg,1
57.70705,11.65926,0,168,205,3,FISKE PLATS,DK,47,0,STELLA NOVA,2,156348,9,25,5,0,43,1,2016-12-13T21:45:05.000Z,gothenborg,2016-12-13T00:00:00.000Z,50,Fishing,gothenborg,1
57.70705,11.65926,0,168,205,5,FISKE PLATS,DK,47,0,STELLA NOVA,2,156348,9,25,5,0,43,1,2016-12-13T21:47:05.000Z,gothenborg,2016-12-13T00:00:00.000Z,50,Fishing,gothenborg,1
57.70704,11.65926,0,215,205,3,FISKE PLATS,DK,47,0,STELLA NOVA,2,156348,9,25,5,0,43,1,2016-12-13T21:49:05.000Z,gothenborg,2016-12-13T00:00:00.000Z,50,Fishing,gothenborg,1
57.70707,11.65925,0,255,205,2,FISKE PLATS,DK,47,0,STELLA NOVA,2,156348,9,25,5,0,43,1,2016-12-13T21:51:05.000Z,gothenborg,2016-12-13T00:00:00.000Z,50,Fishing,gothenborg,1
57.70707,11.65925,0,255,205,4,FISKE PLATS,DK,47,0,STELLA NOVA,2,156348,9,25,5,0,43,1,2016-12-13T21:53:06.000Z,gothenborg,2016-12-13T00:00:00.000Z,50,Fishing,gothenborg,1
57.70707,11.65928,0,184,205,2,FISKE PLATS,DK,47,0,STELLA NOVA,2,156348,9,25,5,0,43,1,2016-12-13T21:55:05.000Z,gothenborg,2016-12-13T00:00:00.000Z,50,Fishing,gothenborg,1
57.70707,11.65928,0,184,205,4,FISKE PLATS,DK,47,0,STELLA NOVA,2,156348,9,25,5,0,43,1,2016-12-13T21:57:06.000Z,gothenborg,2016-12-13T00:00:00.000Z,50,Fishing,gothenborg,1
57.70707,11.65928,0,184,205,4,FISKE PLATS,DK,47,0,STELLA NOVA,2,156348,9,25,5,0,43,1,2016-12-13T21:59:05.000Z,gothenborg,2016-12-13T00:00:00.000Z,50,Fishing,gothenborg,1
57.70704,11.65925,0,249,205,2,FISKE PLATS,DK,47,0,STELLA NOVA,2,156348,9,25,5,0,43,1,2016-12-13T22:01:03.000Z,gothenborg,2016-12-13T00:00:00.000Z,50,Fishing,gothenborg,1
57.70704,11.65925,0,249,205,4,FISKE PLATS,DK,47,0,STELLA NOVA,2,156348,9,25,5,0,43,1,2016-12-13T22:03:05.000Z,gothenborg,2016-12-13T00:00:00.000Z,50,Fishing,gothenborg,1
57.70704,11.65927,0,228,205,2,FISKE PLATS,DK,47,0,STELLA NOVA,2,156348,9,25,5,0,43,1,2016-12-13T22:05:05.000Z,gothenborg,2016-12-13T00:00:00.000Z,50,Fishing,gothenborg,1
57.70704,11.65927,0,228,205,4,FISKE PLATS,DK,47,0,STELLA NOVA,2,156348,9,25,5,0,43,1,2016-12-13T22:07:05.000Z,gothenborg,2016-12-13T00:00:00.000Z,50,Fishing,gothenborg,1
57.70705,11.65928,0,199,205,2,FISKE PLATS,DK,47,0,STELLA NOVA,2,156348,9,25,5,0,43,1,2016-12-13T22:09:05.000Z,gothenborg,2016-12-13T00:00:00.000Z,50,Fishing,gothenborg,1
57.70705,11.65928,0,199,205,4,FISKE PLATS,DK,47,0,STELLA NOVA,2,156348,9,25,5,0,43,1,2016-12-13T22:11:06.000Z,gothenborg,2016-12-13T00:00:00.000Z,50,Fishing,gothenborg,1
57.70706,11.65927,0,197,205,3,FISKE PLATS,DK,47,0,STELLA NOVA,2,156348,9,25,5,0,43,1,2016-12-13T22:13:06.000Z,gothenborg,2016-12-13T00:00:00.000Z,50,Fishing,gothenborg,1
57.70706,11.65927,0,197,205,5,FISKE PLATS,DK,47,0,STELLA NOVA,2,156348,9,25,5,0,43,1,2016-12-13T22:15:05.000Z,gothenborg,2016-12-13T00:00:00.000Z,50,Fishing,gothenborg,1
57.70706,11.65927,0,197,205,5,FISKE PLATS,DK,47,0,STELLA NOVA,2,156348,9,25,5,0,43,1,2016-12-13T22:17:05.000Z,gothenborg,2016-12-13T00:00:00.000Z,50,Fishing,gothenborg,1
57.70705,11.65928,0,220,205,5,FISKE PLATS,DK,47,0,STELLA NOVA,2,156348,9,25,5,0,43,1,2016-12-13T22:19:05.000Z,gothenborg,2016-12-13T00:00:00.000Z,50,Fishing,gothenborg,1
57.70705,11.65928,0,189,205,3,FISKE PLATS,DK,47,0,STELLA NOVA,2,156348,9,25,5,0,43,1,2016-12-13T22:21:05.000Z,gothenborg,2016-12-13T00:00:00.000Z,50,Fishing,gothenborg,1
57.70704,11.65925,0,203,204,2,FISKE PLATS,DK,47,0,STELLA NOVA,2,156348,9,25,5,0,43,1,2016-12-13T22:23:05.000Z,gothenborg,2016-12-13T00:00:00.000Z,50,Fishing,gothenborg,1
57.70704,11.65925,0,203,204,4,FISKE PLATS,DK,47,0,STELLA NOVA,2,156348,9,25,5,0,43,1,2016-12-13T22:25:06.000Z,gothenborg,2016-12-13T00:00:00.000Z,50,Fishing,gothenborg,1
57.70705,11.65928,0,223,204,3,FISKE PLATS,DK,47,0,STELLA NOVA,2,156348,9,25,5,0,43,1,2016-12-13T22:27:05.000Z,gothenborg,2016-12-13T00:00:00.000Z,50,Fishing,gothenborg,1
57.70705,11.65928,0,223,204,5,FISKE PLATS,DK,47,0,STELLA NOVA,2,156348,9,25,5,0,43,1,2016-12-13T22:29:06.000Z,gothenborg,2016-12-13T00:00:00.000Z,50,Fishing,gothenborg,1
57.70707,11.65928,0,185,205,3,FISKE PLATS,DK,47,0,STELLA NOVA,2,156348,9,25,5,0,43,1,2016-12-13T22:31:06.000Z,gothenborg,2016-12-13T00:00:00.000Z,50,Fishing,gothenborg,1
57.70707,11.65928,0,185,205,3,FISKE PLATS,DK,47,0,STELLA NOVA,2,156348,9,25,5,0,43,1,2016-12-13T22:33:04.000Z,gothenborg,2016-12-13T00:00:00.000Z,50,Fishing,gothenborg,1
57.70706,11.65927,0,177,205,4,FISKE PLATS,DK,47,0,STELLA NOVA,2,156348,9,25,5,0,43,1,2016-12-13T22:35:05.000Z,gothenborg,2016-12-13T00:00:00.000Z,50,Fishing,gothenborg,1
57.70705,11.65928,0,211,205,2,FISKE PLATS,DK,47,0,STELLA NOVA,2,156348,9,25,5,0,43,1,2016-12-13T22:37:05.000Z,gothenborg,2016-12-13T00:00:00.000Z,50,Fishing,gothenborg,1
57.70705,11.65928,0,211,205,4,FISKE PLATS,DK,47,0,STELLA NOVA,2,156348,9,25,5,0,43,1,2016-12-13T22:39:05.000Z,gothenborg,2016-12-13T00:00:00.000Z,50,Fishing,gothenborg,1
57.70707,11.65928,0,184,204,2,FISKE PLATS,DK,47,0,STELLA NOVA,2,156348,9,25,5,0,43,1,2016-12-13T22:41:04.000Z,gothenborg,2016-12-13T00:00:00.000Z,50,Fishing,gothenborg,1
57.70707,11.65928,0,184,204,2,FISKE PLATS,DK,47,0,STELLA NOVA,2,156348,9,25,5,0,43,1,2016-12-13T22:43:05.000Z,gothenborg,2016-12-13T00:00:00.000Z,50,Fishing,gothenborg,1
57.70707,11.65927,0,200,205,3,FISKE PLATS,DK,47,0,STELLA NOVA,2,156348,9,25,5,0,43,1,2016-12-13T22:45:05.000Z,gothenborg,2016-12-13T00:00:00.000Z,50,Fishing,gothenborg,1
57.70707,11.65927,0,200,205,5,FISKE PLATS,DK,47,0,STELLA NOVA,2,156348,9,25,5,0,43,1,2016-12-13T22:47:05.000Z,gothenborg,2016-12-13T00:00:00.000Z,50,Fishing,gothenborg,1
57.70706,11.65931,0,249,205,3,FISKE PLATS,DK,47,0,STELLA NOVA,2,156348,9,25,5,0,43,1,2016-12-13T22:49:05.000Z,gothenborg,2016-12-13T00:00:00.000Z,50,Fishing,gothenborg,1
57.70706,11.65931,0,249,205,3,FISKE PLATS,DK,47,0,STELLA NOVA,2,156348,9,25,5,0,43,1,2016-12-13T22:51:05.000Z,gothenborg,2016-12-13T00:00:00.000Z,50,Fishing,gothenborg,1
57.70705,11.6593,0,219,205,3,FISKE PLATS,DK,47,0,STELLA NOVA,2,156348,9,25,5,0,43,1,2016-12-13T22:53:05.000Z,gothenborg,2016-12-13T00:00:00.000Z,50,Fishing,gothenborg,1
57.70705,11.6593,0,219,205,5,FISKE PLATS,DK,47,0,STELLA NOVA,2,156348,9,25,5,0,43,1,2016-12-13T22:55:05.000Z,gothenborg,2016-12-13T00:00:00.000Z,50,Fishing,gothenborg,1
57.70705,11.65928,0,226,205,3,FISKE PLATS,DK,47,0,STELLA NOVA,2,156348,9,25,5,0,43,1,2016-12-13T22:57:06.000Z,gothenborg,2016-12-13T00:00:00.000Z,50,Fishing,gothenborg,1
57.70705,11.65928,0,226,205,5,FISKE PLATS,DK,47,0,STELLA NOVA,2,156348,9,25,5,0,43,1,2016-12-13T22:59:05.000Z,gothenborg,2016-12-13T00:00:00.000Z,50,Fishing,gothenborg,1
57.70707,11.6593,0,304,205,2,FISKE PLATS,DK,47,0,STELLA NOVA,2,156348,9,25,5,0,43,1,2016-12-13T23:01:05.000Z,gothenborg,2016-12-13T00:00:00.000Z,50,Fishing,gothenborg,1
57.70707,11.6593,0,304,205,5,FISKE PLATS,DK,47,0,STELLA NOVA,2,156348,9,25,5,0,43,1,2016-12-13T23:03:06.000Z,gothenborg,2016-12-13T00:00:00.000Z,50,Fishing,gothenborg,1
57.70705,11.65928,0,264,205,2,FISKE PLATS,DK,47,0,STELLA NOVA,2,156348,9,25,5,0,43,1,2016-12-13T23:05:05.000Z,gothenborg,2016-12-13T00:00:00.000Z,50,Fishing,gothenborg,1
57.70705,11.65928,0,264,205,4,FISKE PLATS,DK,47,0,STELLA NOVA,2,156348,9,25,5,0,43,1,2016-12-13T23:07:05.000Z,gothenborg,2016-12-13T00:00:00.000Z,50,Fishing,gothenborg,1
57.70707,11.65927,0,261,206,3,FISKE PLATS,DK,47,0,STELLA NOVA,2,156348,9,25,5,0,43,1,2016-12-13T23:09:05.000Z,gothenborg,2016-12-13T00:00:00.000Z,50,Fishing,gothenborg,1
57.70707,11.65927,0,261,206,5,FISKE PLATS,DK,47,0,STELLA NOVA,2,156348,9,25,5,0,43,1,2016-12-13T23:11:05.000Z,gothenborg,2016-12-13T00:00:00.000Z,50,Fishing,gothenborg,1
57.70707,11.65927,0,278,205,2,FISKE PLATS,DK,47,0,STELLA NOVA,2,156348,9,25,5,0,43,1,2016-12-13T23:13:05.000Z,gothenborg,2016-12-13T00:00:00.000Z,50,Fishing,gothenborg,1
57.70707,11.65927,0,278,205,4,FISKE PLATS,DK,47,0,STELLA NOVA,2,156348,9,25,5,0,43,1,2016-12-13T23:15:05.000Z,gothenborg,2016-12-13T00:00:00.000Z,50,Fishing,gothenborg,1
57.70705,11.65927,0,340,204,2,FISKE PLATS,DK,47,0,STELLA NOVA,2,156348,9,25,5,0,43,1,2016-12-13T23:17:05.000Z,gothenborg,2016-12-13T00:00:00.000Z,50,Fishing,gothenborg,1
57.70705,11.65927,0,340,204,4,FISKE PLATS,DK,47,0,STELLA NOVA,2,156348,9,25,5,0,43,1,2016-12-13T23:19:06.000Z,gothenborg,2016-12-13T00:00:00.000Z,50,Fishing,gothenborg,1
57.70705,11.65928,0,342,205,2,FISKE PLATS,DK,47,0,STELLA NOVA,2,156348,9,25,5,0,43,1,2016-12-13T23:21:06.000Z,gothenborg,2016-12-13T00:00:00.000Z,50,Fishing,gothenborg,1
57.70705,11.65928,0,342,205,4,FISKE PLATS,DK,47,0,STELLA NOVA,2,156348,9,25,5,0,43,1,2016-12-13T23:23:06.000Z,gothenborg,2016-12-13T00:00:00.000Z,50,Fishing,gothenborg,1
57.70705,11.65928,0,342,205,6,FISKE PLATS,DK,47,0,STELLA NOVA,2,156348,9,25,5,0,43,1,2016-12-13T23:25:05.000Z,gothenborg,2016-12-13T00:00:00.000Z,50,Fishing,gothenborg,1
57.70705,11.65927,0,319,204,3,FISKE PLATS,DK,47,0,STELLA NOVA,2,156348,9,25,5,0,43,1,2016-12-13T23:27:05.000Z,gothenborg,2016-12-13T00:00:00.000Z,50,Fishing,gothenborg,1
57.70705,11.65927,0,319,204,5,FISKE PLATS,DK,47,0,STELLA NOVA,2,156348,9,25,5,0,43,1,2016-12-13T23:29:05.000Z,gothenborg,2016-12-13T00:00:00.000Z,50,Fishing,gothenborg,1
57.70706,11.65928,0,341,205,3,FISKE PLATS,DK,47,0,STELLA NOVA,2,156348,9,25,5,0,43,1,2016-12-13T23:31:05.000Z,gothenborg,2016-12-13T00:00:00.000Z,50,Fishing,gothenborg,1
57.70706,11.65928,0,341,205,3,FISKE PLATS,DK,47,0,STELLA NOVA,2,156348,9,25,5,0,43,1,2016-12-13T23:33:05.000Z,gothenborg,2016-12-13T00:00:00.000Z,50,Fishing,gothenborg,1
57.70705,11.65926,0,326,205,3,FISKE PLATS,DK,47,0,STELLA NOVA,2,156348,9,25,5,0,43,1,2016-12-13T23:35:05.000Z,gothenborg,2016-12-13T00:00:00.000Z,50,Fishing,gothenborg,1
57.70706,11.65926,0,326,205,2,FISKE PLATS,DK,47,0,STELLA NOVA,2,156348,9,25,5,0,43,1,2016-12-13T23:37:05.000Z,gothenborg,2016-12-13T00:00:00.000Z,50,Fishing,gothenborg,1
57.70706,11.65926,0,326,205,4,FISKE PLATS,DK,47,0,STELLA NOVA,2,156348,9,25,5,0,43,1,2016-12-13T23:39:05.000Z,gothenborg,2016-12-13T00:00:00.000Z,50,Fishing,gothenborg,1
57.70706,11.65926,0,326,205,6,FISKE PLATS,DK,47,0,STELLA NOVA,2,156348,9,25,5,0,43,1,2016-12-13T23:41:05.000Z,gothenborg,2016-12-13T00:00:00.000Z,50,Fishing,gothenborg,1
57.70705,11.65928,0,340,206,3,FISKE PLATS,DK,47,0,STELLA NOVA,2,156348,9,25,5,0,43,1,2016-12-13T23:43:06.000Z,gothenborg,2016-12-13T00:00:00.000Z,50,Fishing,gothenborg,1
57.70705,11.65928,0,340,206,5,FISKE PLATS,DK,47,0,STELLA NOVA,2,156348,9,25,5,0,43,1,2016-12-13T23:45:06.000Z,gothenborg,2016-12-13T00:00:00.000Z,50,Fishing,gothenborg,1
57.70704,11.65931,0,140,206,3,FISKE PLATS,DK,47,0,STELLA NOVA,2,156348,9,25,5,0,43,1,2016-12-13T23:47:06.000Z,gothenborg,2016-12-13T00:00:00.000Z,50,Fishing,gothenborg,1
57.70704,11.65931,0,140,206,5,FISKE PLATS,DK,47,0,STELLA NOVA,2,156348,9,25,5,0,43,1,2016-12-13T23:49:05.000Z,gothenborg,2016-12-13T00:00:00.000Z,50,Fishing,gothenborg,1
57.70705,11.65931,0,334,206,3,FISKE PLATS,DK,47,0,STELLA NOVA,2,156348,9,25,5,0,43,1,2016-12-13T23:51:06.000Z,gothenborg,2016-12-13T00:00:00.000Z,50,Fishing,gothenborg,1
57.70705,11.65931,0,334,206,5,FISKE PLATS,DK,47,0,STELLA NOVA,2,156348,9,25,5,0,43,1,2016-12-13T23:53:06.000Z,gothenborg,2016-12-13T00:00:00.000Z,50,Fishing,gothenborg,1
57.70705,11.65928,0,320,206,3,FISKE PLATS,DK,47,0,STELLA NOVA,2,156348,9,25,5,0,43,1,2016-12-13T23:55:04.000Z,gothenborg,2016-12-13T00:00:00.000Z,50,Fishing,gothenborg,1
57.70705,11.65927,0,302,205,2,FISKE PLATS,DK,47,0,STELLA NOVA,2,156348,9,25,5,0,43,1,2016-12-13T23:57:10.000Z,gothenborg,2016-12-13T00:00:00.000Z,50,Fishing,gothenborg,1
57.70705,11.65927,0,302,205,4,FISKE PLATS,DK,47,0,STELLA NOVA,2,156348,9,25,5,0,43,1,2016-12-13T23:59:05.000Z,gothenborg,2016-12-13T00:00:00.000Z,50,Fishing,gothenborg,1
57.70705,11.65928,0,350,204,2,FISKE PLATS,DK,47,0,STELLA NOVA,2,156348,9,25,5,0,43,1,2016-12-14T00:01:06.000Z,gothenborg,2016-12-14T00:00:00.000Z,50,Fishing,gothenborg,1
57.70705,11.65928,0,350,204,5,FISKE PLATS,DK,47,0,STELLA NOVA,2,156348,9,25,5,0,43,1,2016-12-14T00:04:09.000Z,gothenborg,2016-12-14T00:00:00.000Z,50,Fishing,gothenborg,1
57.70706,11.65928,0,23,204,2,FISKE PLATS,DK,47,0,STELLA NOVA,2,156348,9,25,5,0,43,1,2016-12-14T00:05:06.000Z,gothenborg,2016-12-14T00:00:00.000Z,50,Fishing,gothenborg,1
57.70706,11.65928,0,23,204,4,FISKE PLATS,DK,47,0,STELLA NOVA,2,156348,9,25,5,0,43,1,2016-12-14T00:07:06.000Z,gothenborg,2016-12-14T00:00:00.000Z,50,Fishing,gothenborg,1
57.70709,11.65928,0,343,205,2,FISKE PLATS,DK,47,0,STELLA NOVA,2,156348,9,25,5,0,43,1,2016-12-14T00:09:06.000Z,gothenborg,2016-12-14T00:00:00.000Z,50,Fishing,gothenborg,1
57.70709,11.65928,0,343,205,4,FISKE PLATS,DK,47,0,STELLA NOVA,2,156348,9,25,5,0,43,1,2016-12-14T00:11:05.000Z,gothenborg,2016-12-14T00:00:00.000Z,50,Fishing,gothenborg,1
57.70707,11.65928,0,344,205,2,FISKE PLATS,DK,47,0,STELLA NOVA,2,156348,9,25,5,0,43,1,2016-12-14T00:13:05.000Z,gothenborg,2016-12-14T00:00:00.000Z,50,Fishing,gothenborg,1
57.70707,11.65928,0,344,205,4,FISKE PLATS,DK,47,0,STELLA NOVA,2,156348,9,25,5,0,43,1,2016-12-14T00:15:06.000Z,gothenborg,2016-12-14T00:00:00.000Z,50,Fishing,gothenborg,1
57.70705,11.65927,0,301,205,2,FISKE PLATS,DK,47,0,STELLA NOVA,2,156348,9,25,5,0,43,1,2016-12-14T00:17:05.000Z,gothenborg,2016-12-14T00:00:00.000Z,50,Fishing,gothenborg,1
57.70705,11.65927,0,301,205,4,FISKE PLATS,DK,47,0,STELLA NOVA,2,156348,9,25,5,0,43,1,2016-12-14T00:19:05.000Z,gothenborg,2016-12-14T00:00:00.000Z,50,Fishing,gothenborg,1
57.70705,11.65927,0,301,205,6,FISKE PLATS,DK,47,0,STELLA NOVA,2,156348,9,25,5,0,43,1,2016-12-14T00:21:05.000Z,gothenborg,2016-12-14T00:00:00.000Z,50,Fishing,gothenborg,1
57.70707,11.65925,0,324,205,3,FISKE PLATS,DK,47,0,STELLA NOVA,2,156348,9,25,5,0,43,1,2016-12-14T00:23:06.000Z,gothenborg,2016-12-14T00:00:00.000Z,50,Fishing,gothenborg,1
57.70707,11.65925,0,324,205,5,FISKE PLATS,DK,47,0,STELLA NOVA,2,156348,9,25,5,0,43,1,2016-12-14T00:25:06.000Z,gothenborg,2016-12-14T00:00:00.000Z,50,Fishing,gothenborg,1
57.70705,11.6593,0,316,205,3,FISKE PLATS,DK,47,0,STELLA NOVA,2,156348,9,25,5,0,43,1,2016-12-14T00:27:06.000Z,gothenborg,2016-12-14T00:00:00.000Z,50,Fishing,gothenborg,1
57.70703,11.65928,0,317,204,2,FISKE PLATS,DK,47,0,STELLA NOVA,2,156348,9,25,5,0,43,1,2016-12-14T00:29:06.000Z,gothenborg,2016-12-14T00:00:00.000Z,50,Fishing,gothenborg,1
57.70703,11.65928,0,317,204,4,FISKE PLATS,DK,47,0,STELLA NOVA,2,156348,9,25,5,0,43,1,2016-12-14T00:31:05.000Z,gothenborg,2016-12-14T00:00:00.000Z,50,Fishing,gothenborg,1
57.70708,11.65926,0,174,205,3,FISKE PLATS,DK,47,0,STELLA NOVA,2,156348,9,25,5,0,43,1,2016-12-14T00:33:05.000Z,gothenborg,2016-12-14T00:00:00.000Z,50,Fishing,gothenborg,1
57.70708,11.65926,0,174,205,5,FISKE PLATS,DK,47,0,STELLA NOVA,2,156348,9,25,5,0,43,1,2016-12-14T00:35:05.000Z,gothenborg,2016-12-14T00:00:00.000Z,50,Fishing,gothenborg,1
57.70706,11.65925,0,201,205,3,FISKE PLATS,DK,47,0,STELLA NOVA,2,156348,9,25,5,0,43,1,2016-12-14T00:37:05.000Z,gothenborg,2016-12-14T00:00:00.000Z,50,Fishing,gothenborg,1
57.70706,11.65925,0,201,205,5,FISKE PLATS,DK,47,0,STELLA NOVA,2,156348,9,25,5,0,43,1,2016-12-14T00:39:06.000Z,gothenborg,2016-12-14T00:00:00.000Z,50,Fishing,gothenborg,1
57.70706,11.65928,0,282,204,3,FISKE PLATS,DK,47,0,STELLA NOVA,2,156348,9,25,5,0,43,1,2016-12-14T00:41:05.000Z,gothenborg,2016-12-14T00:00:00.000Z,50,Fishing,gothenborg,1
57.70706,11.65928,0,282,204,5,FISKE PLATS,DK,47,0,STELLA NOVA,2,156348,9,25,5,0,43,1,2016-12-14T00:43:05.000Z,gothenborg,2016-12-14T00:00:00.000Z,50,Fishing,gothenborg,1
57.70707,11.65928,0,325,205,3,FISKE PLATS,DK,47,0,STELLA NOVA,2,156348,9,25,5,0,43,1,2016-12-14T00:45:05.000Z,gothenborg,2016-12-14T00:00:00.000Z,50,Fishing,gothenborg,1
57.70707,11.65928,0,325,205,5,FISKE PLATS,DK,47,0,STELLA NOVA,2,156348,9,25,5,0,43,1,2016-12-14T00:47:05.000Z,gothenborg,2016-12-14T00:00:00.000Z,50,Fishing,gothenborg,1
57.70707,11.65928,0,94,204,3,FISKE PLATS,DK,47,0,STELLA NOVA,2,156348,9,25,5,0,43,1,2016-12-14T00:49:05.000Z,gothenborg,2016-12-14T00:00:00.000Z,50,Fishing,gothenborg,1
57.70707,11.6593,0,111,205,2,FISKE PLATS,DK,47,0,STELLA NOVA,2,156348,9,25,5,0,43,1,2016-12-14T00:51:05.000Z,gothenborg,2016-12-14T00:00:00.000Z,50,Fishing,gothenborg,1
57.70707,11.6593,0,111,205,4,FISKE PLATS,DK,47,0,STELLA NOVA,2,156348,9,25,5,0,43,1,2016-12-14T00:53:05.000Z,gothenborg,2016-12-14T00:00:00.000Z,50,Fishing,gothenborg,1
57.70706,11.65927,0,130,206,3,FISKE PLATS,DK,47,0,STELLA NOVA,2,156348,9,25,5,0,43,1,2016-12-14T00:55:06.000Z,gothenborg,2016-12-14T00:00:00.000Z,50,Fishing,gothenborg,1
57.70707,11.6593,0,221,205,2,FISKE PLATS,DK,47,0,STELLA NOVA,2,156348,9,25,5,0,43,1,2016-12-14T00:57:05.000Z,gothenborg,2016-12-14T00:00:00.000Z,50,Fishing,gothenborg,1
57.70707,11.6593,0,221,205,4,FISKE PLATS,DK,47,0,STELLA NOVA,2,156348,9,25,5,0,43,1,2016-12-14T00:59:05.000Z,gothenborg,2016-12-14T00:00:00.000Z,50,Fishing,gothenborg,1
57.70706,11.65926,0,246,205,2,FISKE PLATS,DK,47,0,STELLA NOVA,2,156348,9,25,5,0,43,1,2016-12-14T01:01:04.000Z,gothenborg,2016-12-14T00:00:00.000Z,50,Fishing,gothenborg,1
57.70706,11.65926,0,246,205,4,FISKE PLATS,DK,47,0,STELLA NOVA,2,156348,9,25,5,0,43,1,2016-12-14T01:03:05.000Z,gothenborg,2016-12-14T00:00:00.000Z,50,Fishing,gothenborg,1
57.70707,11.6593,0,266,206,2,FISKE PLATS,DK,47,0,STELLA NOVA,2,156348,9,25,5,0,43,1,2016-12-14T01:05:04.000Z,gothenborg,2016-12-14T00:00:00.000Z,50,Fishing,gothenborg,1
57.70707,11.6593,0,266,206,4,FISKE PLATS,DK,47,0,STELLA NOVA,2,156348,9,25,5,0,43,1,2016-12-14T01:07:05.000Z,gothenborg,2016-12-14T00:00:00.000Z,50,Fishing,gothenborg,1
57.70707,11.65928,0,249,206,2,FISKE PLATS,DK,47,0,STELLA NOVA,2,156348,9,25,5,0,43,1,2016-12-14T01:09:05.000Z,gothenborg,2016-12-14T00:00:00.000Z,50,Fishing,gothenborg,1
57.70707,11.65928,0,249,206,4,FISKE PLATS,DK,47,0,STELLA NOVA,2,156348,9,25,5,0,43,1,2016-12-14T01:11:05.000Z,gothenborg,2016-12-14T00:00:00.000Z,50,Fishing,gothenborg,1
57.70708,11.6593,0,290,206,2,FISKE PLATS,DK,47,0,STELLA NOVA,2,156348,9,25,5,0,43,1,2016-12-14T01:13:05.000Z,gothenborg,2016-12-14T00:00:00.000Z,50,Fishing,gothenborg,1
57.70708,11.6593,0,290,206,2,FISKE PLATS,DK,47,0,STELLA NOVA,2,156348,9,25,5,0,43,1,2016-12-14T01:15:05.000Z,gothenborg,2016-12-14T00:00:00.000Z,50,Fishing,gothenborg,1
57.70707,11.65926,0,249,205,2,FISKE PLATS,DK,47,0,STELLA NOVA,2,156348,9,25,5,0,43,1,2016-12-14T01:17:06.000Z,gothenborg,2016-12-14T00:00:00.000Z,50,Fishing,gothenborg,1
57.70707,11.65926,0,249,205,4,FISKE PLATS,DK,47,0,STELLA NOVA,2,156348,9,25,5,0,43,1,2016-12-14T01:19:05.000Z,gothenborg,2016-12-14T00:00:00.000Z,50,Fishing,gothenborg,1
57.70707,11.65926,0,249,205,6,FISKE PLATS,DK,47,0,STELLA NOVA,2,156348,9,25,5,0,43,1,2016-12-14T01:21:04.000Z,gothenborg,2016-12-14T00:00:00.000Z,50,Fishing,gothenborg,1
57.70707,11.65929,0,289,205,3,FISKE PLATS,DK,47,0,STELLA NOVA,2,156348,9,25,5,0,43,1,2016-12-14T01:23:05.000Z,gothenborg,2016-12-14T00:00:00.000Z,50,Fishing,gothenborg,1
57.70707,11.65929,0,289,205,5,FISKE PLATS,DK,47,0,STELLA NOVA,2,156348,9,25,5,0,43,1,2016-12-14T01:25:05.000Z,gothenborg,2016-12-14T00:00:00.000Z,50,Fishing,gothenborg,1
57.70707,11.65928,0,282,205,3,FISKE PLATS,DK,47,0,STELLA NOVA,2,156348,9,25,5,0,43,1,2016-12-14T01:27:05.000Z,gothenborg,2016-12-14T00:00:00.000Z,50,Fishing,gothenborg,1
57.70707,11.65928,0,282,205,5,FISKE PLATS,DK,47,0,STELLA NOVA,2,156348,9,25,5,0,43,1,2016-12-14T01:29:05.000Z,gothenborg,2016-12-14T00:00:00.000Z,50,Fishing,gothenborg,1
57.70705,11.65929,0,245,205,4,FISKE PLATS,DK,47,0,STELLA NOVA,2,156348,9,25,5,0,43,1,2016-12-14T01:31:05.000Z,gothenborg,2016-12-14T00:00:00.000Z,50,Fishing,gothenborg,1
57.70705,11.65929,0,245,205,6,FISKE PLATS,DK,47,0,STELLA NOVA,2,156348,9,25,5,0,43,1,2016-12-14T01:33:05.000Z,gothenborg,2016-12-14T00:00:00.000Z,50,Fishing,gothenborg,1
57.70707,11.65927,0,243,205,3,FISKE PLATS,DK,47,0,STELLA NOVA,2,156348,9,25,5,0,43,1,2016-12-14T01:35:06.000Z,gothenborg,2016-12-14T00:00:00.000Z,50,Fishing,gothenborg,1
57.70707,11.65927,0,243,205,5,FISKE PLATS,DK,47,0,STELLA NOVA,2,156348,9,25,5,0,43,1,2016-12-14T01:37:05.000Z,gothenborg,2016-12-14T00:00:00.000Z,50,Fishing,gothenborg,1
57.70705,11.65928,0,229,205,3,FISKE PLATS,DK,47,0,STELLA NOVA,2,156348,9,25,5,0,43,1,2016-12-14T01:39:05.000Z,gothenborg,2016-12-14T00:00:00.000Z,50,Fishing,gothenborg,1
57.70706,11.65927,0,212,205,2,FISKE PLATS,DK,47,0,STELLA NOVA,2,156348,9,25,5,0,43,1,2016-12-14T01:41:05.000Z,gothenborg,2016-12-14T00:00:00.000Z,50,Fishing,gothenborg,1
57.70706,11.65927,0,212,205,4,FISKE PLATS,DK,47,0,STELLA NOVA,2,156348,9,25,5,0,43,1,2016-12-14T01:43:05.000Z,gothenborg,2016-12-14T00:00:00.000Z,50,Fishing,gothenborg,1
57.70705,11.65928,0,234,205,3,FISKE PLATS,DK,47,0,STELLA NOVA,2,156348,9,25,5,0,43,1,2016-12-14T01:45:06.000Z,gothenborg,2016-12-14T00:00:00.000Z,50,Fishing,gothenborg,1
57.70707,11.65929,0,220,206,2,FISKE PLATS,DK,47,0,STELLA NOVA,2,156348,9,25,5,0,43,1,2016-12-14T01:47:05.000Z,gothenborg,2016-12-14T00:00:00.000Z,50,Fishing,gothenborg,1
57.70707,11.65929,0,220,206,4,FISKE PLATS,DK,47,0,STELLA NOVA,2,156348,9,25,5,0,43,1,2016-12-14T01:49:05.000Z,gothenborg,2016-12-14T00:00:00.000Z,50,Fishing,gothenborg,1
57.70706,11.65928,0,226,205,3,FISKE PLATS,DK,47,0,STELLA NOVA,2,156348,9,25,5,0,43,1,2016-12-14T01:51:05.000Z,gothenborg,2016-12-14T00:00:00.000Z,50,Fishing,gothenborg,1
57.70707,11.6593,0,249,205,2,FISKE PLATS,DK,47,0,STELLA NOVA,2,156348,9,25,5,0,43,1,2016-12-14T01:53:06.000Z,gothenborg,2016-12-14T00:00:00.000Z,50,Fishing,gothenborg,1
57.70707,11.6593,0,249,205,4,FISKE PLATS,DK,47,0,STELLA NOVA,2,156348,9,25,5,0,43,1,2016-12-14T01:55:05.000Z,gothenborg,2016-12-14T00:00:00.000Z,50,Fishing,gothenborg,1
57.70707,11.6593,0,249,205,4,FISKE PLATS,DK,47,0,STELLA NOVA,2,156348,9,25,5,0,43,1,2016-12-14T01:57:04.000Z,gothenborg,2016-12-14T00:00:00.000Z,50,Fishing,gothenborg,1
57.70708,11.65931,0,220,205,3,FISKE PLATS,DK,47,0,STELLA NOVA,2,156348,9,25,5,0,43,1,2016-12-14T01:59:05.000Z,gothenborg,2016-12-14T00:00:00.000Z,50,Fishing,gothenborg,1
57.70708,11.65931,0,220,205,5,FISKE PLATS,DK,47,0,STELLA NOVA,2,156348,9,25,5,0,43,1,2016-12-14T02:01:05.000Z,gothenborg,2016-12-14T00:00:00.000Z,50,Fishing,gothenborg,1
57.70705,11.65927,0,16,204,3,FISKE PLATS,DK,47,0,STELLA NOVA,2,156348,9,25,5,0,43,1,2016-12-14T02:03:05.000Z,gothenborg,2016-12-14T00:00:00.000Z,50,Fishing,gothenborg,1
57.70705,11.65927,0,16,204,5,FISKE PLATS,DK,47,0,STELLA NOVA,2,156348,9,25,5,0,43,1,2016-12-14T02:05:05.000Z,gothenborg,2016-12-14T00:00:00.000Z,50,Fishing,gothenborg,1
57.70707,11.65928,0,341,204,3,FISKE PLATS,DK,47,0,STELLA NOVA,2,156348,9,25,5,0,43,1,2016-12-14T02:07:05.000Z,gothenborg,2016-12-14T00:00:00.000Z,50,Fishing,gothenborg,1
57.70707,11.65928,0,341,204,5,FISKE PLATS,DK,47,0,STELLA NOVA,2,156348,9,25,5,0,43,1,2016-12-14T02:09:06.000Z,gothenborg,2016-12-14T00:00:00.000Z,50,Fishing,gothenborg,1
57.70707,11.6593,0,22,205,1,FISKE PLATS,DK,47,0,STELLA NOVA,2,156348,9,25,5,0,43,1,2016-12-14T02:11:05.000Z,gothenborg,2016-12-14T00:00:00.000Z,50,Fishing,gothenborg,1
57.70707,11.6593,0,22,205,5,FISKE PLATS,DK,47,0,STELLA NOVA,2,156348,9,25,5,0,43,1,2016-12-14T02:13:04.000Z,gothenborg,2016-12-14T00:00:00.000Z,50,Fishing,gothenborg,1
57.70707,11.65928,0,66,205,3,FISKE PLATS,DK,47,0,STELLA NOVA,2,156348,9,25,5,0,43,1,2016-12-14T02:15:06.000Z,gothenborg,2016-12-14T00:00:00.000Z,50,Fishing,gothenborg,1
57.70705,11.65928,0,4,205,2,FISKE PLATS,DK,47,0,STELLA NOVA,2,156348,9,25,5,0,43,1,2016-12-14T02:17:05.000Z,gothenborg,2016-12-14T00:00:00.000Z,50,Fishing,gothenborg,1
57.70705,11.65928,0,4,205,4,FISKE PLATS,DK,47,0,STELLA NOVA,2,156348,9,25,5,0,43,1,2016-12-14T02:19:05.000Z,gothenborg,2016-12-14T00:00:00.000Z,50,Fishing,gothenborg,1
57.70708,11.65929,0,298,205,3,FISKE PLATS,DK,47,0,STELLA NOVA,2,156348,9,25,5,0,43,1,2016-12-14T02:21:05.000Z,gothenborg,2016-12-14T00:00:00.000Z,50,Fishing,gothenborg,1
57.70707,11.65927,0,306,205,2,FISKE PLATS,DK,47,0,STELLA NOVA,2,156348,9,25,5,0,43,1,2016-12-14T02:23:05.000Z,gothenborg,2016-12-14T00:00:00.000Z,50,Fishing,gothenborg,1
57.70707,11.65927,0,306,205,4,FISKE PLATS,DK,47,0,STELLA NOVA,2,156348,9,25,5,0,43,1,2016-12-14T02:25:05.000Z,gothenborg,2016-12-14T00:00:00.000Z,50,Fishing,gothenborg,1
57.70707,11.65929,0,320,205,3,FISKE PLATS,DK,47,0,STELLA NOVA,2,156348,9,25,5,0,43,1,2016-12-14T02:27:05.000Z,gothenborg,2016-12-14T00:00:00.000Z,50,Fishing,gothenborg,1
57.70707,11.65929,0,320,205,5,FISKE PLATS,DK,47,0,STELLA NOVA,2,156348,9,25,5,0,43,1,2016-12-14T02:29:05.000Z,gothenborg,2016-12-14T00:00:00.000Z,50,Fishing,gothenborg,1
57.70707,11.65926,0,240,205,2,FISKE PLATS,DK,47,0,STELLA NOVA,2,156348,9,25,5,0,43,1,2016-12-14T10:09:05.000Z,gothenborg,2016-12-14T00:00:00.000Z,50,Fishing,gothenborg,1
57.70707,11.65926,0,240,205,4,FISKE PLATS,DK,47,0,STELLA NOVA,2,156348,9,25,5,0,43,1,2016-12-14T10:11:06.000Z,gothenborg,2016-12-14T00:00:00.000Z,50,Fishing,gothenborg,1
57.70707,11.65926,0,240,205,6,FISKE PLATS,DK,47,0,STELLA NOVA,2,156348,9,25,5,0,43,1,2016-12-14T10:13:05.000Z,gothenborg,2016-12-14T00:00:00.000Z,50,Fishing,gothenborg,1
57.70707,11.65928,0,226,206,2,FISKE PLATS,DK,47,0,STELLA NOVA,2,156348,9,25,5,0,43,1,2016-12-14T10:15:04.000Z,gothenborg,2016-12-14T00:00:00.000Z,50,Fishing,gothenborg,1
57.70707,11.65928,0,226,206,5,FISKE PLATS,DK,47,0,STELLA NOVA,2,156348,9,25,5,0,43,1,2016-12-14T10:17:05.000Z,gothenborg,2016-12-14T00:00:00.000Z,50,Fishing,gothenborg,1
57.70704,11.65928,0,244,204,1,FISKE PLATS,DK,47,0,STELLA NOVA,2,156348,9,25,5,0,43,1,2016-12-14T10:19:05.000Z,gothenborg,2016-12-14T00:00:00.000Z,50,Fishing,gothenborg,1
57.70704,11.65928,0,244,204,5,FISKE PLATS,DK,47,0,STELLA NOVA,2,156348,9,25,5,0,43,1,2016-12-14T10:21:06.000Z,gothenborg,2016-12-14T00:00:00.000Z,50,Fishing,gothenborg,1
57.70705,11.65927,0,252,206,3,FISKE PLATS,DK,47,0,STELLA NOVA,2,156348,9,25,5,0,43,1,2016-12-14T10:23:05.000Z,gothenborg,2016-12-14T00:00:00.000Z,50,Fishing,gothenborg,1
57.70705,11.65927,0,252,206,5,FISKE PLATS,DK,47,0,STELLA NOVA,2,156348,9,25,5,0,43,1,2016-12-14T10:25:05.000Z,gothenborg,2016-12-14T00:00:00.000Z,50,Fishing,gothenborg,1
57.70707,11.65929,0,250,206,3,FISKE PLATS,DK,47,0,STELLA NOVA,2,156348,9,25,5,0,43,1,2016-12-14T10:27:05.000Z,gothenborg,2016-12-14T00:00:00.000Z,50,Fishing,gothenborg,1
57.70707,11.65929,0,250,206,5,FISKE PLATS,DK,47,0,STELLA NOVA,2,156348,9,25,5,0,43,1,2016-12-14T10:29:05.000Z,gothenborg,2016-12-14T00:00:00.000Z,50,Fishing,gothenborg,1
57.70705,11.65927,0,234,204,1,FISKE PLATS,DK,47,0,STELLA NOVA,2,156348,9,25,5,0,43,1,2016-12-14T10:31:05.000Z,gothenborg,2016-12-14T00:00:00.000Z,50,Fishing,gothenborg,1
57.70705,11.65927,0,234,204,4,FISKE PLATS,DK,47,0,STELLA NOVA,2,156348,9,25,5,0,43,1,2016-12-14T10:33:06.000Z,gothenborg,2016-12-14T00:00:00.000Z,50,Fishing,gothenborg,1
57.70705,11.65927,0,267,206,2,FISKE PLATS,DK,47,0,STELLA NOVA,2,156348,9,25,5,0,43,1,2016-12-14T10:35:05.000Z,gothenborg,2016-12-14T00:00:00.000Z,50,Fishing,gothenborg,1
57.70705,11.65927,0,267,206,4,FISKE PLATS,DK,47,0,STELLA NOVA,2,156348,9,25,5,0,43,1,2016-12-14T10:37:05.000Z,gothenborg,2016-12-14T00:00:00.000Z,50,Fishing,gothenborg,1
57.70705,11.65927,0,231,206,3,FISKE PLATS,DK,47,0,STELLA NOVA,2,156348,9,25,5,0,43,1,2016-12-14T10:39:05.000Z,gothenborg,2016-12-14T00:00:00.000Z,50,Fishing,gothenborg,1
57.70705,11.65927,0,269,206,2,FISKE PLATS,DK,47,0,STELLA NOVA,2,156348,9,25,5,0,43,1,2016-12-14T10:41:05.000Z,gothenborg,2016-12-14T00:00:00.000Z,50,Fishing,gothenborg,1
57.70705,11.65927,0,269,206,2,FISKE PLATS,DK,47,0,STELLA NOVA,2,156348,9,25,5,0,43,1,2016-12-14T10:43:06.000Z,gothenborg,2016-12-14T00:00:00.000Z,50,Fishing,gothenborg,1
57.70704,11.65928,0,239,206,2,FISKE PLATS,DK,47,0,STELLA NOVA,2,156348,9,25,5,0,43,1,2016-12-14T10:45:05.000Z,gothenborg,2016-12-14T00:00:00.000Z,50,Fishing,gothenborg,1
57.70704,11.65928,0,239,206,4,FISKE PLATS,DK,47,0,STELLA NOVA,2,156348,9,25,5,0,43,1,2016-12-14T10:47:06.000Z,gothenborg,2016-12-14T00:00:00.000Z,50,Fishing,gothenborg,1
57.70706,11.65927,0,223,206,2,FISKE PLATS,DK,47,0,STELLA NOVA,2,156348,9,25,5,0,43,1,2016-12-14T10:49:05.000Z,gothenborg,2016-12-14T00:00:00.000Z,50,Fishing,gothenborg,1
57.70706,11.65927,0,223,206,3,FISKE PLATS,DK,47,0,STELLA NOVA,2,156348,9,25,5,0,43,1,2016-12-14T10:51:05.000Z,gothenborg,2016-12-14T00:00:00.000Z,50,Fishing,gothenborg,1
57.70706,11.65927,0,221,204,2,FISKE PLATS,DK,47,0,STELLA NOVA,2,156348,9,25,5,0,43,1,2016-12-14T10:53:05.000Z,gothenborg,2016-12-14T00:00:00.000Z,50,Fishing,gothenborg,1
57.70706,11.65927,0,221,204,4,FISKE PLATS,DK,47,0,STELLA NOVA,2,156348,9,25,5,0,43,1,2016-12-14T10:55:06.000Z,gothenborg,2016-12-14T00:00:00.000Z,50,Fishing,gothenborg,1
57.70705,11.65927,0,265,205,2,FISKE PLATS,DK,47,0,STELLA NOVA,2,156348,9,25,5,0,43,1,2016-12-14T10:57:06.000Z,gothenborg,2016-12-14T00:00:00.000Z,50,Fishing,gothenborg,1
57.70705,11.65927,0,265,205,4,FISKE PLATS,DK,47,0,STELLA NOVA,2,156348,9,25,5,0,43,1,2016-12-14T10:59:06.000Z,gothenborg,2016-12-14T00:00:00.000Z,50,Fishing,gothenborg,1
57.70705,11.65924,0,240,204,3,FISKE PLATS,DK,47,0,STELLA NOVA,2,156348,9,25,5,0,43,1,2016-12-14T11:01:05.000Z,gothenborg,2016-12-14T00:00:00.000Z,50,Fishing,gothenborg,1
57.70705,11.65924,0,240,204,5,FISKE PLATS,DK,47,0,STELLA NOVA,2,156348,9,25,5,0,43,1,2016-12-14T11:03:06.000Z,gothenborg,2016-12-14T00:00:00.000Z,50,Fishing,gothenborg,1
57.70705,11.65928,0,270,205,3,FISKE PLATS,DK,47,0,STELLA NOVA,2,156348,9,25,5,0,43,1,2016-12-14T11:05:07.000Z,gothenborg,2016-12-14T00:00:00.000Z,50,Fishing,gothenborg,1
57.70705,11.6593,0,290,204,2,FISKE PLATS,DK,47,0,STELLA NOVA,2,156348,9,25,5,0,43,1,2016-12-14T11:07:05.000Z,gothenborg,2016-12-14T00:00:00.000Z,50,Fishing,gothenborg,1
57.70705,11.6593,0,290,204,4,FISKE PLATS,DK,47,0,STELLA NOVA,2,156348,9,25,5,0,43,1,2016-12-14T11:09:05.000Z,gothenborg,2016-12-14T00:00:00.000Z,50,Fishing,gothenborg,1
57.70705,11.65927,0,293,205,3,FISKE PLATS,DK,47,0,STELLA NOVA,2,156348,9,25,5,0,43,1,2016-12-14T11:11:05.000Z,gothenborg,2016-12-14T00:00:00.000Z,50,Fishing,gothenborg,1
57.70705,11.65927,0,293,205,5,FISKE PLATS,DK,47,0,STELLA NOVA,2,156348,9,25,5,0,43,1,2016-12-14T11:13:04.000Z,gothenborg,2016-12-14T00:00:00.000Z,50,Fishing,gothenborg,1
57.70705,11.6593,0,221,205,3,FISKE PLATS,DK,47,0,STELLA NOVA,2,156348,9,25,5,0,43,1,2016-12-14T11:15:05.000Z,gothenborg,2016-12-14T00:00:00.000Z,50,Fishing,gothenborg,1
57.70705,11.6593,0,221,205,5,FISKE PLATS,DK,47,0,STELLA NOVA,2,156348,9,25,5,0,43,1,2016-12-14T11:17:06.000Z,gothenborg,2016-12-14T00:00:00.000Z,50,Fishing,gothenborg,1
57.70705,11.65928,0,239,205,3,FISKE PLATS,DK,47,0,STELLA NOVA,2,156348,9,25,5,0,43,1,2016-12-14T11:19:05.000Z,gothenborg,2016-12-14T00:00:00.000Z,50,Fishing,gothenborg,1
57.70705,11.65928,0,239,205,5,FISKE PLATS,DK,47,0,STELLA NOVA,2,156348,9,25,5,0,43,1,2016-12-14T11:21:05.000Z,gothenborg,2016-12-14T00:00:00.000Z,50,Fishing,gothenborg,1
57.70705,11.65926,0,264,205,3,FISKE PLATS,DK,47,0,STELLA NOVA,2,156348,9,25,5,0,43,1,2016-12-14T11:23:05.000Z,gothenborg,2016-12-14T00:00:00.000Z,50,Fishing,gothenborg,1
57.70705,11.65926,0,264,205,5,FISKE PLATS,DK,47,0,STELLA NOVA,2,156348,9,25,5,0,43,1,2016-12-14T11:25:05.000Z,gothenborg,2016-12-14T00:00:00.000Z,50,Fishing,gothenborg,1
57.70704,11.65925,0,243,205,3,FISKE PLATS,DK,47,0,STELLA NOVA,2,156348,9,25,5,0,43,1,2016-12-14T11:27:05.000Z,gothenborg,2016-12-14T00:00:00.000Z,50,Fishing,gothenborg,1
57.70704,11.65925,0,243,205,5,FISKE PLATS,DK,47,0,STELLA NOVA,2,156348,9,25,5,0,43,1,2016-12-14T11:29:05.000Z,gothenborg,2016-12-14T00:00:00.000Z,50,Fishing,gothenborg,1
57.70706,11.65925,0,268,205,1,FISKE PLATS,DK,47,0,STELLA NOVA,2,156348,9,25,5,0,43,1,2016-12-14T11:31:05.000Z,gothenborg,2016-12-14T00:00:00.000Z,50,Fishing,gothenborg,1
57.70706,11.65925,0,268,205,4,FISKE PLATS,DK,47,0,STELLA NOVA,2,156348,9,25,5,0,43,1,2016-12-14T11:33:06.000Z,gothenborg,2016-12-14T00:00:00.000Z,50,Fishing,gothenborg,1
57.70704,11.6593,0,284,205,2,FISKE PLATS,DK,47,0,STELLA NOVA,2,156348,9,25,5,0,43,1,2016-12-14T11:35:05.000Z,gothenborg,2016-12-14T00:00:00.000Z,50,Fishing,gothenborg,1
57.70704,11.6593,0,284,205,4,FISKE PLATS,DK,47,0,STELLA NOVA,2,156348,9,25,5,0,43,1,2016-12-14T11:37:05.000Z,gothenborg,2016-12-14T00:00:00.000Z,50,Fishing,gothenborg,1
57.70705,11.65928,0,290,205,3,FISKE PLATS,DK,47,0,STELLA NOVA,2,156348,9,25,5,0,43,1,2016-12-14T11:39:06.000Z,gothenborg,2016-12-14T00:00:00.000Z,50,Fishing,gothenborg,1
57.70705,11.65928,0,302,205,2,FISKE PLATS,DK,47,0,STELLA NOVA,2,156348,9,25,5,0,43,1,2016-12-14T11:41:06.000Z,gothenborg,2016-12-14T00:00:00.000Z,50,Fishing,gothenborg,1
57.70705,11.65928,0,302,205,2,FISKE PLATS,DK,47,0,STELLA NOVA,2,156348,9,25,5,0,43,1,2016-12-14T11:43:05.000Z,gothenborg,2016-12-14T00:00:00.000Z,50,Fishing,gothenborg,1
57.70705,11.65929,0,318,205,2,FISKE PLATS,DK,47,0,STELLA NOVA,2,156348,9,25,5,0,43,1,2016-12-14T11:45:05.000Z,gothenborg,2016-12-14T00:00:00.000Z,50,Fishing,gothenborg,1
57.70705,11.65929,0,318,205,4,FISKE PLATS,DK,47,0,STELLA NOVA,2,156348,9,25,5,0,43,1,2016-12-14T11:47:05.000Z,gothenborg,2016-12-14T00:00:00.000Z,50,Fishing,gothenborg,1
57.70706,11.65929,0,332,205,3,FISKE PLATS,DK,47,0,STELLA NOVA,2,156348,9,25,5,0,43,1,2016-12-14T11:49:05.000Z,gothenborg,2016-12-14T00:00:00.000Z,50,Fishing,gothenborg,1
57.70706,11.65929,0,332,205,5,FISKE PLATS,DK,47,0,STELLA NOVA,2,156348,9,25,5,0,43,1,2016-12-14T11:51:06.000Z,gothenborg,2016-12-14T00:00:00.000Z,50,Fishing,gothenborg,1
57.70705,11.65928,0,319,205,3,FISKE PLATS,DK,47,0,STELLA NOVA,2,156348,9,25,5,0,43,1,2016-12-14T11:53:06.000Z,gothenborg,2016-12-14T00:00:00.000Z,50,Fishing,gothenborg,1
57.70705,11.65928,0,319,205,5,FISKE PLATS,DK,47,0,STELLA NOVA,2,156348,9,25,5,0,43,1,2016-12-14T11:55:06.000Z,gothenborg,2016-12-14T00:00:00.000Z,50,Fishing,gothenborg,1
57.70705,11.65928,0,320,205,3,FISKE PLATS,DK,47,0,STELLA NOVA,2,156348,9,25,5,0,43,1,2016-12-14T11:57:05.000Z,gothenborg,2016-12-14T00:00:00.000Z,50,Fishing,gothenborg,1
57.70706,11.65929,0,349,205,2,FISKE PLATS,DK,47,0,STELLA NOVA,2,156348,9,25,5,0,43,1,2016-12-14T11:59:05.000Z,gothenborg,2016-12-14T00:00:00.000Z,50,Fishing,gothenborg,1
57.70706,11.65929,0,349,205,4,FISKE PLATS,DK,47,0,STELLA NOVA,2,156348,9,25,5,0,43,1,2016-12-14T12:01:12.000Z,gothenborg,2016-12-14T00:00:00.000Z,50,Fishing,gothenborg,1
57.70706,11.65929,0,349,205,4,FISKE PLATS,DK,47,0,STELLA NOVA,2,156348,9,25,5,0,43,1,2016-12-14T12:03:05.000Z,gothenborg,2016-12-14T00:00:00.000Z,50,Fishing,gothenborg,1
57.70707,11.65928,0,55,205,2,FISKE PLATS,DK,47,0,STELLA NOVA,2,156348,9,25,5,0,43,1,2016-12-14T12:05:06.000Z,gothenborg,2016-12-14T00:00:00.000Z,50,Fishing,gothenborg,1
57.70707,11.65928,0,55,205,2,FISKE PLATS,DK,47,0,STELLA NOVA,2,156348,9,25,5,0,43,1,2016-12-14T12:07:05.000Z,gothenborg,2016-12-14T00:00:00.000Z,50,Fishing,gothenborg,1
57.70707,11.65928,0,333,205,3,FISKE PLATS,DK,47,0,STELLA NOVA,2,156348,9,25,5,0,43,1,2016-12-14T12:09:05.000Z,gothenborg,2016-12-14T00:00:00.000Z,50,Fishing,gothenborg,1
57.70707,11.65928,0,333,205,4,FISKE PLATS,DK,47,0,STELLA NOVA,2,156348,9,25,5,0,43,1,2016-12-14T12:11:05.000Z,gothenborg,2016-12-14T00:00:00.000Z,50,Fishing,gothenborg,1
57.70707,11.65928,0,324,205,3,FISKE PLATS,DK,47,0,STELLA NOVA,2,156348,9,25,5,0,43,1,2016-12-14T12:13:05.000Z,gothenborg,2016-12-14T00:00:00.000Z,50,Fishing,gothenborg,1
57.70704,11.65927,0,194,204,2,FISKE PLATS,DK,47,0,STELLA NOVA,2,156348,9,25,5,0,43,1,2016-12-14T12:15:06.000Z,gothenborg,2016-12-14T00:00:00.000Z,50,Fishing,gothenborg,1
57.70704,11.65927,0,194,204,4,FISKE PLATS,DK,47,0,STELLA NOVA,2,156348,9,25,5,0,43,1,2016-12-14T12:17:06.000Z,gothenborg,2016-12-14T00:00:00.000Z,50,Fishing,gothenborg,1
57.70707,11.65928,0,169,205,3,FISKE PLATS,DK,47,0,STELLA NOVA,2,156348,9,25,5,0,43,1,2016-12-14T12:19:06.000Z,gothenborg,2016-12-14T00:00:00.000Z,50,Fishing,gothenborg,1
57.70707,11.65931,0,143,205,2,FISKE PLATS,DK,47,0,STELLA NOVA,2,156348,9,25,5,0,43,1,2016-12-14T12:21:06.000Z,gothenborg,2016-12-14T00:00:00.000Z,50,Fishing,gothenborg,1
57.70707,11.65931,0,143,205,4,FISKE PLATS,DK,47,0,STELLA NOVA,2,156348,9,25,5,0,43,1,2016-12-14T12:23:05.000Z,gothenborg,2016-12-14T00:00:00.000Z,50,Fishing,gothenborg,1
57.70707,11.65931,0,143,205,6,FISKE PLATS,DK,47,0,STELLA NOVA,2,156348,9,25,5,0,43,1,2016-12-14T12:25:06.000Z,gothenborg,2016-12-14T00:00:00.000Z,50,Fishing,gothenborg,1
57.70706,11.65928,0,205,206,3,FISKE PLATS,DK,47,0,STELLA NOVA,2,156348,9,25,5,0,43,1,2016-12-14T12:27:06.000Z,gothenborg,2016-12-14T00:00:00.000Z,50,Fishing,gothenborg,1
57.70706,11.65928,0,205,206,5,FISKE PLATS,DK,47,0,STELLA NOVA,2,156348,9,25,5,0,43,1,2016-12-14T12:29:05.000Z,gothenborg,2016-12-14T00:00:00.000Z,50,Fishing,gothenborg,1
57.70707,11.65929,0,255,205,4,FISKE PLATS,DK,47,0,STELLA NOVA,2,156348,9,25,5,0,43,1,2016-12-14T12:31:05.000Z,gothenborg,2016-12-14T00:00:00.000Z,50,Fishing,gothenborg,1
57.70706,11.65929,0,229,204,3,FISKE PLATS,DK,47,0,STELLA NOVA,2,156348,9,25,5,0,43,1,2016-12-14T12:33:06.000Z,gothenborg,2016-12-14T00:00:00.000Z,50,Fishing,gothenborg,1
57.70706,11.65929,0,229,204,5,FISKE PLATS,DK,47,0,STELLA NOVA,2,156348,9,25,5,0,43,1,2016-12-14T12:35:05.000Z,gothenborg,2016-12-14T00:00:00.000Z,50,Fishing,gothenborg,1
57.70706,11.65927,0,228,204,3,FISKE PLATS,DK,47,0,STELLA NOVA,2,156348,9,25,5,0,43,1,2016-12-14T12:37:06.000Z,gothenborg,2016-12-14T00:00:00.000Z,50,Fishing,gothenborg,1
57.70705,11.65928,0,203,205,2,FISKE PLATS,DK,47,0,STELLA NOVA,2,156348,9,25,5,0,43,1,2016-12-14T12:39:05.000Z,gothenborg,2016-12-14T00:00:00.000Z,50,Fishing,gothenborg,1
57.70705,11.65928,0,203,205,4,FISKE PLATS,DK,47,0,STELLA NOVA,2,156348,9,25,5,0,43,1,2016-12-14T12:41:05.000Z,gothenborg,2016-12-14T00:00:00.000Z,50,Fishing,gothenborg,1
57.70706,11.65929,0,157,205,3,FISKE PLATS,DK,47,0,STELLA NOVA,2,156348,9,25,5,0,43,1,2016-12-14T12:43:05.000Z,gothenborg,2016-12-14T00:00:00.000Z,50,Fishing,gothenborg,1
57.70706,11.65929,0,157,205,5,FISKE PLATS,DK,47,0,STELLA NOVA,2,156348,9,25,5,0,43,1,2016-12-14T12:45:05.000Z,gothenborg,2016-12-14T00:00:00.000Z,50,Fishing,gothenborg,1
57.70707,11.6593,0,4,204,3,FISKE PLATS,DK,47,0,STELLA NOVA,2,156348,9,25,5,0,43,1,2016-12-14T12:47:05.000Z,gothenborg,2016-12-14T00:00:00.000Z,50,Fishing,gothenborg,1
57.70707,11.6593,0,4,204,5,FISKE PLATS,DK,47,0,STELLA NOVA,2,156348,9,25,5,0,43,1,2016-12-14T12:49:06.000Z,gothenborg,2016-12-14T00:00:00.000Z,50,Fishing,gothenborg,1
57.70706,11.65928,0,315,204,3,FISKE PLATS,DK,47,0,STELLA NOVA,2,156348,9,25,5,0,43,1,2016-12-14T12:51:06.000Z,gothenborg,2016-12-14T00:00:00.000Z,50,Fishing,gothenborg,1
57.70706,11.65928,0,315,204,3,FISKE PLATS,DK,47,0,STELLA NOVA,2,156348,9,25,5,0,43,1,2016-12-14T12:53:05.000Z,gothenborg,2016-12-14T00:00:00.000Z,50,Fishing,gothenborg,1
57.70705,11.65929,0,316,205,4,FISKE PLATS,DK,47,0,STELLA NOVA,2,156348,9,25,5,0,43,1,2016-12-14T12:55:05.000Z,gothenborg,2016-12-14T00:00:00.000Z,50,Fishing,gothenborg,1
57.70705,11.65927,0,319,205,2,FISKE PLATS,DK,47,0,STELLA NOVA,2,156348,9,25,5,0,43,1,2016-12-14T12:57:05.000Z,gothenborg,2016-12-14T00:00:00.000Z,50,Fishing,gothenborg,1
57.70705,11.65927,0,319,205,4,FISKE PLATS,DK,47,0,STELLA NOVA,2,156348,9,25,5,0,43,1,2016-12-14T12:59:05.000Z,gothenborg,2016-12-14T00:00:00.000Z,50,Fishing,gothenborg,1
57.70704,11.65929,0,319,205,3,FISKE PLATS,DK,47,0,STELLA NOVA,2,156348,9,25,5,0,43,1,2016-12-14T13:01:06.000Z,gothenborg,2016-12-14T00:00:00.000Z,50,Fishing,gothenborg,1
57.70706,11.65928,0,348,205,2,FISKE PLATS,DK,47,0,STELLA NOVA,2,156348,9,25,5,0,43,1,2016-12-14T13:03:05.000Z,gothenborg,2016-12-14T00:00:00.000Z,50,Fishing,gothenborg,1
57.70706,11.65928,0,348,205,4,FISKE PLATS,DK,47,0,STELLA NOVA,2,156348,9,25,5,0,43,1,2016-12-14T13:05:06.000Z,gothenborg,2016-12-14T00:00:00.000Z,50,Fishing,gothenborg,1
57.70706,11.65928,0,348,205,6,FISKE PLATS,DK,47,0,STELLA NOVA,2,156348,9,25,5,0,43,1,2016-12-14T13:07:06.000Z,gothenborg,2016-12-14T00:00:00.000Z,50,Fishing,gothenborg,1
57.70704,11.65932,0,181,205,4,FISKE PLATS,DK,47,0,STELLA NOVA,2,156348,9,25,5,0,43,1,2016-12-14T13:09:06.000Z,gothenborg,2016-12-14T00:00:00.000Z,50,Fishing,gothenborg,1
57.70704,11.65929,0,300,205,3,FISKE PLATS,DK,47,0,STELLA NOVA,2,156348,9,25,5,0,43,1,2016-12-14T13:11:05.000Z,gothenborg,2016-12-14T00:00:00.000Z,50,Fishing,gothenborg,1
57.70705,11.6593,0,266,205,2,FISKE PLATS,DK,47,0,STELLA NOVA,2,156348,9,25,5,0,43,1,2016-12-14T13:13:05.000Z,gothenborg,2016-12-14T00:00:00.000Z,50,Fishing,gothenborg,1
57.70705,11.6593,0,266,205,4,FISKE PLATS,DK,47,0,STELLA NOVA,2,156348,9,25,5,0,43,1,2016-12-14T13:15:06.000Z,gothenborg,2016-12-14T00:00:00.000Z,50,Fishing,gothenborg,1
57.70705,11.6593,0,318,206,2,FISKE PLATS,DK,47,0,STELLA NOVA,2,156348,9,25,5,0,43,1,2016-12-14T13:17:05.000Z,gothenborg,2016-12-14T00:00:00.000Z,50,Fishing,gothenborg,1
57.70705,11.6593,0,318,206,4,FISKE PLATS,DK,47,0,STELLA NOVA,2,156348,9,25,5,0,43,1,2016-12-14T13:19:05.000Z,gothenborg,2016-12-14T00:00:00.000Z,50,Fishing,gothenborg,1
57.70705,11.6593,0,245,205,2,FISKE PLATS,DK,47,0,STELLA NOVA,2,156348,9,25,5,0,43,1,2016-12-14T13:21:05.000Z,gothenborg,2016-12-14T00:00:00.000Z,50,Fishing,gothenborg,1
57.70705,11.6593,0,245,205,4,FISKE PLATS,DK,47,0,STELLA NOVA,2,156348,9,25,5,0,43,1,2016-12-14T13:23:05.000Z,gothenborg,2016-12-14T00:00:00.000Z,50,Fishing,gothenborg,1
57.70705,11.6593,0,287,204,2,FISKE PLATS,DK,47,0,STELLA NOVA,2,156348,9,25,5,0,43,1,2016-12-14T13:25:05.000Z,gothenborg,2016-12-14T00:00:00.000Z,50,Fishing,gothenborg,1
57.70705,11.6593,0,287,204,4,FISKE PLATS,DK,47,0,STELLA NOVA,2,156348,9,25,5,0,43,1,2016-12-14T13:27:05.000Z,gothenborg,2016-12-14T00:00:00.000Z,50,Fishing,gothenborg,1
57.70706,11.65929,0,10,205,2,FISKE PLATS,DK,47,0,STELLA NOVA,2,156348,9,25,5,0,43,1,2016-12-14T13:29:05.000Z,gothenborg,2016-12-14T00:00:00.000Z,50,Fishing,gothenborg,1
57.70706,11.65929,0,10,205,2,FISKE PLATS,DK,47,0,STELLA NOVA,2,156348,9,25,5,0,43,1,2016-12-14T13:31:05.000Z,gothenborg,2016-12-14T00:00:00.000Z,50,Fishing,gothenborg,1
57.70706,11.65929,0,278,205,2,FISKE PLATS,DK,47,0,STELLA NOVA,2,156348,9,25,5,0,43,1,2016-12-14T13:33:06.000Z,gothenborg,2016-12-14T00:00:00.000Z,50,Fishing,gothenborg,1
57.70706,11.65929,0,278,205,4,FISKE PLATS,DK,47,0,STELLA NOVA,2,156348,9,25,5,0,43,1,2016-12-14T13:35:05.000Z,gothenborg,2016-12-14T00:00:00.000Z,50,Fishing,gothenborg,1
57.70705,11.65928,0,238,204,2,FISKE PLATS,DK,47,0,STELLA NOVA,2,156348,9,25,5,0,43,1,2016-12-14T13:37:06.000Z,gothenborg,2016-12-14T00:00:00.000Z,50,Fishing,gothenborg,1
57.70705,11.65928,0,238,204,4,FISKE PLATS,DK,47,0,STELLA NOVA,2,156348,9,25,5,0,43,1,2016-12-14T13:39:05.000Z,gothenborg,2016-12-14T00:00:00.000Z,50,Fishing,gothenborg,1
57.70705,11.65932,0,251,204,2,FISKE PLATS,DK,47,0,STELLA NOVA,2,156348,9,25,5,0,43,1,2016-12-14T13:41:05.000Z,gothenborg,2016-12-14T00:00:00.000Z,50,Fishing,gothenborg,1
57.70705,11.65932,0,251,204,4,FISKE PLATS,DK,47,0,STELLA NOVA,2,156348,9,25,5,0,43,1,2016-12-14T13:43:07.000Z,gothenborg,2016-12-14T00:00:00.000Z,50,Fishing,gothenborg,1
57.70705,11.65929,0,314,204,2,FISKE PLATS,DK,47,0,STELLA NOVA,2,156348,9,25,5,0,43,1,2016-12-14T13:45:06.000Z,gothenborg,2016-12-14T00:00:00.000Z,50,Fishing,gothenborg,1
57.70705,11.65929,0,314,204,4,FISKE PLATS,DK,47,0,STELLA NOVA,2,156348,9,25,5,0,43,1,2016-12-14T13:47:05.000Z,gothenborg,2016-12-14T00:00:00.000Z,50,Fishing,gothenborg,1
57.70706,11.65927,0,120,203,2,FISKE PLATS,DK,47,0,STELLA NOVA,2,156348,9,25,5,0,43,1,2016-12-14T13:49:05.000Z,gothenborg,2016-12-14T00:00:00.000Z,50,Fishing,gothenborg,1
57.70706,11.65927,0,120,203,3,FISKE PLATS,DK,47,0,STELLA NOVA,2,156348,9,25,5,0,43,1,2016-12-14T13:51:05.000Z,gothenborg,2016-12-14T00:00:00.000Z,50,Fishing,gothenborg,1
57.70705,11.65928,0,211,204,2,FISKE PLATS,DK,47,0,STELLA NOVA,2,156348,9,25,5,0,43,1,2016-12-14T13:53:05.000Z,gothenborg,2016-12-14T00:00:00.000Z,50,Fishing,gothenborg,1
57.70705,11.65928,0,211,204,4,FISKE PLATS,DK,47,0,STELLA NOVA,2,156348,9,25,5,0,43,1,2016-12-14T13:55:05.000Z,gothenborg,2016-12-14T00:00:00.000Z,50,Fishing,gothenborg,1
57.70707,11.65928,0,306,205,2,FISKE PLATS,DK,47,0,STELLA NOVA,2,156348,9,25,5,0,43,1,2016-12-14T13:57:06.000Z,gothenborg,2016-12-14T00:00:00.000Z,50,Fishing,gothenborg,1
57.70707,11.65928,0,306,205,3,FISKE PLATS,DK,47,0,STELLA NOVA,2,156348,9,25,5,0,43,1,2016-12-14T13:59:06.000Z,gothenborg,2016-12-14T00:00:00.000Z,50,Fishing,gothenborg,1
57.70705,11.65927,0,224,205,3,FISKE PLATS,DK,47,0,STELLA NOVA,2,156348,9,25,5,0,43,1,2016-12-14T14:01:04.000Z,gothenborg,2016-12-14T00:00:00.000Z,50,Fishing,gothenborg,1
57.70706,11.65928,0,234,205,2,FISKE PLATS,DK,47,0,STELLA NOVA,2,156348,9,25,5,0,43,1,2016-12-14T14:03:05.000Z,gothenborg,2016-12-14T00:00:00.000Z,50,Fishing,gothenborg,1
57.70706,11.65928,0,234,205,4,FISKE PLATS,DK,47,0,STELLA NOVA,2,156348,9,25,5,0,43,1,2016-12-14T14:05:05.000Z,gothenborg,2016-12-14T00:00:00.000Z,50,Fishing,gothenborg,1
57.70705,11.65929,0,291,206,2,FISKE PLATS,DK,47,0,STELLA NOVA,2,156348,9,25,5,0,43,1,2016-12-14T14:07:05.000Z,gothenborg,2016-12-14T00:00:00.000Z,50,Fishing,gothenborg,1
57.70705,11.65929,0,291,206,4,FISKE PLATS,DK,47,0,STELLA NOVA,2,156348,9,25,5,0,43,1,2016-12-14T14:09:06.000Z,gothenborg,2016-12-14T00:00:00.000Z,50,Fishing,gothenborg,1
57.70705,11.65929,0,291,206,6,FISKE PLATS,DK,47,0,STELLA NOVA,2,156348,9,25,5,0,43,1,2016-12-14T14:11:05.000Z,gothenborg,2016-12-14T00:00:00.000Z,50,Fishing,gothenborg,1
57.70705,11.65928,0,162,205,3,FISKE PLATS,DK,47,0,STELLA NOVA,2,156348,9,25,5,0,43,1,2016-12-14T14:13:05.000Z,gothenborg,2016-12-14T00:00:00.000Z,50,Fishing,gothenborg,1
57.70707,11.65927,0,275,206,2,FISKE PLATS,DK,47,0,STELLA NOVA,2,156348,9,25,5,0,43,1,2016-12-14T14:15:05.000Z,gothenborg,2016-12-14T00:00:00.000Z,50,Fishing,gothenborg,1
57.70707,11.65927,0,275,206,4,FISKE PLATS,DK,47,0,STELLA NOVA,2,156348,9,25,5,0,43,1,2016-12-14T14:17:05.000Z,gothenborg,2016-12-14T00:00:00.000Z,50,Fishing,gothenborg,1
57.70707,11.65928,0,237,205,3,FISKE PLATS,DK,47,0,STELLA NOVA,2,156348,9,25,5,0,43,1,2016-12-14T14:19:05.000Z,gothenborg,2016-12-14T00:00:00.000Z,50,Fishing,gothenborg,1
57.70707,11.65928,0,237,205,5,FISKE PLATS,DK,47,0,STELLA NOVA,2,156348,9,25,5,0,43,1,2016-12-14T14:21:06.000Z,gothenborg,2016-12-14T00:00:00.000Z,50,Fishing,gothenborg,1
57.70704,11.65927,0,332,206,3,FISKE PLATS,DK,47,0,STELLA NOVA,2,156348,9,25,5,0,43,1,2016-12-14T14:23:06.000Z,gothenborg,2016-12-14T00:00:00.000Z,50,Fishing,gothenborg,1
57.70704,11.65927,0,332,206,4,FISKE PLATS,DK,47,0,STELLA NOVA,2,156348,9,25,5,0,43,1,2016-12-14T14:25:06.000Z,gothenborg,2016-12-14T00:00:00.000Z,50,Fishing,gothenborg,1
57.70707,11.65928,0,273,206,2,FISKE PLATS,DK,47,0,STELLA NOVA,2,156348,9,25,5,0,43,1,2016-12-14T14:27:05.000Z,gothenborg,2016-12-14T00:00:00.000Z,50,Fishing,gothenborg,1
57.70707,11.65928,0,273,206,4,FISKE PLATS,DK,47,0,STELLA NOVA,2,156348,9,25,5,0,43,1,2016-12-14T14:29:05.000Z,gothenborg,2016-12-14T00:00:00.000Z,50,Fishing,gothenborg,1
57.70706,11.65928,0,222,205,2,FISKE PLATS,DK,47,0,STELLA NOVA,2,156348,9,25,5,0,43,1,2016-12-14T14:31:05.000Z,gothenborg,2016-12-14T00:00:00.000Z,50,Fishing,gothenborg,1
57.70706,11.6593,0,247,205,2,FISKE PLATS,DK,47,0,STELLA NOVA,2,156348,9,25,5,0,43,1,2016-12-14T14:33:05.000Z,gothenborg,2016-12-14T00:00:00.000Z,50,Fishing,gothenborg,1
57.70706,11.6593,0,247,205,4,FISKE PLATS,DK,47,0,STELLA NOVA,2,156348,9,25,5,0,43,1,2016-12-14T14:35:06.000Z,gothenborg,2016-12-14T00:00:00.000Z,50,Fishing,gothenborg,1
57.70706,11.6593,0,247,205,4,FISKE PLATS,DK,47,0,STELLA NOVA,2,156348,9,25,5,0,43,1,2016-12-14T14:37:05.000Z,gothenborg,2016-12-14T00:00:00.000Z,50,Fishing,gothenborg,1
57.70705,11.65928,0,205,204,3,FISKE PLATS,DK,47,0,STELLA NOVA,2,156348,9,25,5,0,43,1,2016-12-14T14:39:05.000Z,gothenborg,2016-12-14T00:00:00.000Z,50,Fishing,gothenborg,1
57.70706,11.65926,0,315,205,2,FISKE PLATS,DK,47,0,STELLA NOVA,2,156348,9,25,5,0,43,1,2016-12-14T14:41:05.000Z,gothenborg,2016-12-14T00:00:00.000Z,50,Fishing,gothenborg,1
57.70706,11.65926,0,315,205,4,FISKE PLATS,DK,47,0,STELLA NOVA,2,156348,9,25,5,0,43,1,2016-12-14T14:43:05.000Z,gothenborg,2016-12-14T00:00:00.000Z,50,Fishing,gothenborg,1
57.70705,11.65934,0,271,204,3,FISKE PLATS,DK,47,0,STELLA NOVA,2,156348,9,25,5,0,43,1,2016-12-14T14:45:05.000Z,gothenborg,2016-12-14T00:00:00.000Z,50,Fishing,gothenborg,1
57.70705,11.65934,0,271,204,5,FISKE PLATS,DK,47,0,STELLA NOVA,2,156348,9,25,5,0,43,1,2016-12-14T14:47:05.000Z,gothenborg,2016-12-14T00:00:00.000Z,50,Fishing,gothenborg,1
57.70707,11.65925,0,258,205,3,FISKE PLATS,DK,47,0,STELLA NOVA,2,156348,9,25,5,0,43,1,2016-12-14T14:49:05.000Z,gothenborg,2016-12-14T00:00:00.000Z,50,Fishing,gothenborg,1
57.70707,11.65925,0,258,205,5,FISKE PLATS,DK,47,0,STELLA NOVA,2,156348,9,25,5,0,43,1,2016-12-14T14:51:06.000Z,gothenborg,2016-12-14T00:00:00.000Z,50,Fishing,gothenborg,1
57.70705,11.65925,0,269,205,3,FISKE PLATS,DK,47,0,STELLA NOVA,2,156348,9,25,5,0,43,1,2016-12-14T14:53:05.000Z,gothenborg,2016-12-14T00:00:00.000Z,50,Fishing,gothenborg,1
57.70708,11.65928,0,311,206,2,FISKE PLATS,DK,47,0,STELLA NOVA,2,156348,9,25,5,0,43,1,2016-12-14T14:55:06.000Z,gothenborg,2016-12-14T00:00:00.000Z,50,Fishing,gothenborg,1
57.70708,11.65928,0,311,206,4,FISKE PLATS,DK,47,0,STELLA NOVA,2,156348,9,25,5,0,43,1,2016-12-14T14:57:07.000Z,gothenborg,2016-12-14T00:00:00.000Z,50,Fishing,gothenborg,1
57.70705,11.65929,0,312,206,3,FISKE PLATS,DK,47,0,STELLA NOVA,2,156348,9,25,5,0,43,1,2016-12-14T14:59:05.000Z,gothenborg,2016-12-14T00:00:00.000Z,50,Fishing,gothenborg,1
57.70705,11.65929,0,312,206,5,FISKE PLATS,DK,47,0,STELLA NOVA,2,156348,9,25,5,0,43,1,2016-12-14T15:01:05.000Z,gothenborg,2016-12-14T00:00:00.000Z,50,Fishing,gothenborg,1
57.70708,11.65926,0,331,205,3,FISKE PLATS,DK,47,0,STELLA NOVA,2,156348,9,25,5,0,43,1,2016-12-14T15:03:05.000Z,gothenborg,2016-12-14T00:00:00.000Z,50,Fishing,gothenborg,1
57.70708,11.65926,0,331,205,5,FISKE PLATS,DK,47,0,STELLA NOVA,2,156348,9,25,5,0,43,1,2016-12-14T15:05:05.000Z,gothenborg,2016-12-14T00:00:00.000Z,50,Fishing,gothenborg,1
57.70707,11.65928,0,316,206,3,FISKE PLATS,DK,47,0,STELLA NOVA,2,156348,9,25,5,0,43,1,2016-12-14T15:07:05.000Z,gothenborg,2016-12-14T00:00:00.000Z,50,Fishing,gothenborg,1
57.70707,11.65928,0,316,206,5,FISKE PLATS,DK,47,0,STELLA NOVA,2,156348,9,25,5,0,43,1,2016-12-14T15:09:06.000Z,gothenborg,2016-12-14T00:00:00.000Z,50,Fishing,gothenborg,1
57.70705,11.65929,0,311,205,2,FISKE PLATS,DK,47,0,STELLA NOVA,2,156348,9,25,5,0,43,1,2016-12-14T15:11:05.000Z,gothenborg,2016-12-14T00:00:00.000Z,50,Fishing,gothenborg,1
57.70706,11.65931,0,308,206,2,FISKE PLATS,DK,47,0,STELLA NOVA,2,156348,9,25,5,0,43,1,2016-12-14T15:13:05.000Z,gothenborg,2016-12-14T00:00:00.000Z,50,Fishing,gothenborg,1
57.70706,11.65931,0,308,206,4,FISKE PLATS,DK,47,0,STELLA NOVA,2,156348,9,25,5,0,43,1,2016-12-14T15:15:05.000Z,gothenborg,2016-12-14T00:00:00.000Z,50,Fishing,gothenborg,1
57.70705,11.65928,0,313,205,3,FISKE PLATS,DK,47,0,STELLA NOVA,2,156348,9,25,5,0,43,1,2016-12-14T15:17:05.000Z,gothenborg,2016-12-14T00:00:00.000Z,50,Fishing,gothenborg,1
57.70705,11.65928,0,313,205,5,FISKE PLATS,DK,47,0,STELLA NOVA,2,156348,9,25,5,0,43,1,2016-12-14T15:19:06.000Z,gothenborg,2016-12-14T00:00:00.000Z,50,Fishing,gothenborg,1
57.70705,11.65929,0,324,206,3,FISKE PLATS,DK,47,0,STELLA NOVA,2,156348,9,25,5,0,43,1,2016-12-14T15:21:05.000Z,gothenborg,2016-12-14T00:00:00.000Z,50,Fishing,gothenborg,1
57.70705,11.6593,0,177,205,2,FISKE PLATS,DK,47,0,STELLA NOVA,2,156348,9,25,5,0,43,1,2016-12-14T15:23:05.000Z,gothenborg,2016-12-14T00:00:00.000Z,50,Fishing,gothenborg,1
57.70705,11.6593,0,177,205,4,FISKE PLATS,DK,47,0,STELLA NOVA,2,156348,9,25,5,0,43,1,2016-12-14T15:25:05.000Z,gothenborg,2016-12-14T00:00:00.000Z,50,Fishing,gothenborg,1
57.70704,11.65928,0,310,204,2,FISKE PLATS,DK,47,0,STELLA NOVA,2,156348,9,25,5,0,43,1,2016-12-14T15:27:06.000Z,gothenborg,2016-12-14T00:00:00.000Z,50,Fishing,gothenborg,1
57.70704,11.65928,0,310,204,4,FISKE PLATS,DK,47,0,STELLA NOVA,2,156348,9,25,5,0,43,1,2016-12-14T15:29:05.000Z,gothenborg,2016-12-14T00:00:00.000Z,50,Fishing,gothenborg,1
57.70705,11.6593,0,312,205,2,FISKE PLATS,DK,47,0,STELLA NOVA,2,156348,9,25,5,0,43,1,2016-12-14T15:31:14.000Z,gothenborg,2016-12-14T00:00:00.000Z,50,Fishing,gothenborg,1
57.70703,11.65927,0,357,205,2,FISKE PLATS,DK,47,0,STELLA NOVA,2,156348,9,25,5,0,43,1,2016-12-14T15:33:06.000Z,gothenborg,2016-12-14T00:00:00.000Z,50,Fishing,gothenborg,1
57.70703,11.65927,0,357,205,4,FISKE PLATS,DK,47,0,STELLA NOVA,2,156348,9,25,5,0,43,1,2016-12-14T15:35:06.000Z,gothenborg,2016-12-14T00:00:00.000Z,50,Fishing,gothenborg,1
57.70703,11.65927,0,357,205,4,FISKE PLATS,DK,47,0,STELLA NOVA,2,156348,9,25,5,0,43,1,2016-12-14T15:37:05.000Z,gothenborg,2016-12-14T00:00:00.000Z,50,Fishing,gothenborg,1
57.70705,11.6593,0,357,205,4,FISKE PLATS,DK,47,0,STELLA NOVA,2,156348,9,25,5,0,43,1,2016-12-14T15:39:06.000Z,gothenborg,2016-12-14T00:00:00.000Z,50,Fishing,gothenborg,1
57.70705,11.6593,0,357,205,4,FISKE PLATS,DK,47,0,STELLA NOVA,2,156348,9,25,5,0,43,1,2016-12-14T15:41:05.000Z,gothenborg,2016-12-14T00:00:00.000Z,50,Fishing,gothenborg,1
57.70707,11.65929,0,37,204,5,FISKE PLATS,DK,47,0,STELLA NOVA,2,156348,9,25,5,0,43,1,2016-12-14T15:43:05.000Z,gothenborg,2016-12-14T00:00:00.000Z,50,Fishing,gothenborg,1
57.70705,11.65929,0,333,204,3,FISKE PLATS,DK,47,0,STELLA NOVA,2,156348,9,25,5,0,43,1,2016-12-14T15:45:05.000Z,gothenborg,2016-12-14T00:00:00.000Z,50,Fishing,gothenborg,1
57.70705,11.65929,0,333,204,5,FISKE PLATS,DK,47,0,STELLA NOVA,2,156348,9,25,5,0,43,1,2016-12-14T15:47:06.000Z,gothenborg,2016-12-14T00:00:00.000Z,50,Fishing,gothenborg,1
57.70707,11.65928,0,12,204,3,FISKE PLATS,DK,47,0,STELLA NOVA,2,156348,9,25,5,0,43,1,2016-12-14T15:49:05.000Z,gothenborg,2016-12-14T00:00:00.000Z,50,Fishing,gothenborg,1
57.70707,11.65928,0,12,204,5,FISKE PLATS,DK,47,0,STELLA NOVA,2,156348,9,25,5,0,43,1,2016-12-14T15:51:05.000Z,gothenborg,2016-12-14T00:00:00.000Z,50,Fishing,gothenborg,1
57.70705,11.65928,0,260,203,3,FISKE PLATS,DK,47,0,STELLA NOVA,2,156348,9,25,5,0,43,1,2016-12-14T15:53:05.000Z,gothenborg,2016-12-14T00:00:00.000Z,50,Fishing,gothenborg,1
57.70705,11.65928,0,260,203,4,FISKE PLATS,DK,47,0,STELLA NOVA,2,156348,9,25,5,0,43,1,2016-12-14T15:55:05.000Z,gothenborg,2016-12-14T00:00:00.000Z,50,Fishing,gothenborg,1
57.70706,11.65928,0,246,204,3,FISKE PLATS,DK,47,0,STELLA NOVA,2,156348,9,25,5,0,43,1,2016-12-14T15:57:05.000Z,gothenborg,2016-12-14T00:00:00.000Z,50,Fishing,gothenborg,1
57.70706,11.65928,0,246,204,5,FISKE PLATS,DK,47,0,STELLA NOVA,2,156348,9,25,5,0,43,1,2016-12-14T15:59:05.000Z,gothenborg,2016-12-14T00:00:00.000Z,50,Fishing,gothenborg,1
57.70707,11.65927,0,287,204,3,FISKE PLATS,DK,47,0,STELLA NOVA,2,156348,9,25,5,0,43,1,2016-12-14T16:01:05.000Z,gothenborg,2016-12-14T00:00:00.000Z,50,Fishing,gothenborg,1
57.70707,11.65927,0,287,204,5,FISKE PLATS,DK,47,0,STELLA NOVA,2,156348,9,25,5,0,43,1,2016-12-14T16:03:06.000Z,gothenborg,2016-12-14T00:00:00.000Z,50,Fishing,gothenborg,1
57.70707,11.65928,0,344,205,3,FISKE PLATS,DK,47,0,STELLA NOVA,2,156348,9,25,5,0,43,1,2016-12-14T16:05:06.000Z,gothenborg,2016-12-14T00:00:00.000Z,50,Fishing,gothenborg,1
57.70707,11.65928,0,344,205,5,FISKE PLATS,DK,47,0,STELLA NOVA,2,156348,9,25,5,0,43,1,2016-12-14T16:07:05.000Z,gothenborg,2016-12-14T00:00:00.000Z,50,Fishing,gothenborg,1
57.70706,11.65928,0,239,205,3,FISKE PLATS,DK,47,0,STELLA NOVA,2,156348,9,25,5,0,43,1,2016-12-14T16:09:06.000Z,gothenborg,2016-12-14T00:00:00.000Z,50,Fishing,gothenborg,1
57.70709,11.6593,0,19,204,2,FISKE PLATS,DK,47,0,STELLA NOVA,2,156348,9,25,5,0,43,1,2016-12-14T16:11:07.000Z,gothenborg,2016-12-14T00:00:00.000Z,50,Fishing,gothenborg,1
57.70709,11.6593,0,19,204,4,FISKE PLATS,DK,47,0,STELLA NOVA,2,156348,9,25,5,0,43,1,2016-12-14T16:13:05.000Z,gothenborg,2016-12-14T00:00:00.000Z,50,Fishing,gothenborg,1
57.70706,11.65927,0,260,204,3,FISKE PLATS,DK,47,0,STELLA NOVA,2,156348,9,25,5,0,43,1,2016-12-14T16:15:06.000Z,gothenborg,2016-12-14T00:00:00.000Z,50,Fishing,gothenborg,1
57.70706,11.65927,0,260,204,5,FISKE PLATS,DK,47,0,STELLA NOVA,2,156348,9,25,5,0,43,1,2016-12-14T16:17:06.000Z,gothenborg,2016-12-14T00:00:00.000Z,50,Fishing,gothenborg,1
57.70708,11.6593,0,315,205,2,FISKE PLATS,DK,47,0,STELLA NOVA,2,156348,9,25,5,0,43,1,2016-12-14T16:19:05.000Z,gothenborg,2016-12-14T00:00:00.000Z,50,Fishing,gothenborg,1
57.70707,11.65929,0,310,204,2,FISKE PLATS,DK,47,0,STELLA NOVA,2,156348,9,25,5,0,43,1,2016-12-14T16:21:05.000Z,gothenborg,2016-12-14T00:00:00.000Z,50,Fishing,gothenborg,1
57.70707,11.65929,0,310,204,4,FISKE PLATS,DK,47,0,STELLA NOVA,2,156348,9,25,5,0,43,1,2016-12-14T16:23:05.000Z,gothenborg,2016-12-14T00:00:00.000Z,50,Fishing,gothenborg,1
57.70705,11.65927,0,297,205,3,FISKE PLATS,DK,47,0,STELLA NOVA,2,156348,9,25,5,0,43,1,2016-12-14T16:25:05.000Z,gothenborg,2016-12-14T00:00:00.000Z,50,Fishing,gothenborg,1
57.70705,11.65926,0,278,205,2,FISKE PLATS,DK,47,0,STELLA NOVA,2,156348,9,25,5,0,43,1,2016-12-14T16:27:06.000Z,gothenborg,2016-12-14T00:00:00.000Z,50,Fishing,gothenborg,1
57.70705,11.65926,0,278,205,4,FISKE PLATS,DK,47,0,STELLA NOVA,2,156348,9,25,5,0,43,1,2016-12-14T16:29:06.000Z,gothenborg,2016-12-14T00:00:00.000Z,50,Fishing,gothenborg,1
57.70707,11.65928,0,286,205,2,FISKE PLATS,DK,47,0,STELLA NOVA,2,156348,9,25,5,0,43,1,2016-12-14T16:31:05.000Z,gothenborg,2016-12-14T00:00:00.000Z,50,Fishing,gothenborg,1
57.70707,11.65928,0,286,205,4,FISKE PLATS,DK,47,0,STELLA NOVA,2,156348,9,25,5,0,43,1,2016-12-14T16:33:05.000Z,gothenborg,2016-12-14T00:00:00.000Z,50,Fishing,gothenborg,1
57.70705,11.65926,0,298,205,3,FISKE PLATS,DK,47,0,STELLA NOVA,2,156348,9,25,5,0,43,1,2016-12-14T16:35:06.000Z,gothenborg,2016-12-14T00:00:00.000Z,50,Fishing,gothenborg,1
57.70705,11.65926,0,272,205,2,FISKE PLATS,DK,47,0,STELLA NOVA,2,156348,9,25,5,0,43,1,2016-12-14T16:37:05.000Z,gothenborg,2016-12-14T00:00:00.000Z,50,Fishing,gothenborg,1
57.70705,11.65926,0,272,205,4,FISKE PLATS,DK,47,0,STELLA NOVA,2,156348,9,25,5,0,43,1,2016-12-14T16:39:05.000Z,gothenborg,2016-12-14T00:00:00.000Z,50,Fishing,gothenborg,1
57.70705,11.65928,0,143,205,2,FISKE PLATS,DK,47,0,STELLA NOVA,2,156348,9,25,5,0,43,1,2016-12-14T16:41:05.000Z,gothenborg,2016-12-14T00:00:00.000Z,50,Fishing,gothenborg,1
57.70705,11.65928,0,143,205,4,FISKE PLATS,DK,47,0,STELLA NOVA,2,156348,9,25,5,0,43,1,2016-12-14T16:43:05.000Z,gothenborg,2016-12-14T00:00:00.000Z,50,Fishing,gothenborg,1
57.70705,11.65928,0,143,205,4,FISKE PLATS,DK,47,0,STELLA NOVA,2,156348,9,25,5,0,43,1,2016-12-14T16:45:05.000Z,gothenborg,2016-12-14T00:00:00.000Z,50,Fishing,gothenborg,1
57.70707,11.6593,0,257,206,5,FISKE PLATS,DK,47,0,STELLA NOVA,2,156348,9,25,5,0,43,1,2016-12-14T16:47:06.000Z,gothenborg,2016-12-14T00:00:00.000Z,50,Fishing,gothenborg,1
57.70707,11.6593,0,257,206,5,FISKE PLATS,DK,47,0,STELLA NOVA,2,156348,9,25,5,0,43,1,2016-12-14T16:49:05.000Z,gothenborg,2016-12-14T00:00:00.000Z,50,Fishing,gothenborg,1
57.70706,11.65929,0,240,206,4,FISKE PLATS,DK,47,0,STELLA NOVA,2,156348,9,25,5,0,43,1,2016-12-14T16:51:05.000Z,gothenborg,2016-12-14T00:00:00.000Z,50,Fishing,gothenborg,1
57.70708,11.65928,0,302,206,4,FISKE PLATS,DK,47,0,STELLA NOVA,2,156348,9,25,5,0,43,1,2016-12-14T16:53:05.000Z,gothenborg,2016-12-14T00:00:00.000Z,50,Fishing,gothenborg,1
57.70707,11.65928,0,326,207,3,FISKE PLATS,DK,47,0,STELLA NOVA,2,156348,9,25,5,0,43,1,2016-12-14T16:55:05.000Z,gothenborg,2016-12-14T00:00:00.000Z,50,Fishing,gothenborg,1
57.70707,11.65928,0,326,207,5,FISKE PLATS,DK,47,0,STELLA NOVA,2,156348,9,25,5,0,43,1,2016-12-14T16:57:05.000Z,gothenborg,2016-12-14T00:00:00.000Z,50,Fishing,gothenborg,1
57.70707,11.65928,0,326,207,5,FISKE PLATS,DK,47,0,STELLA NOVA,2,156348,9,25,5,0,43,1,2016-12-14T16:59:05.000Z,gothenborg,2016-12-14T00:00:00.000Z,50,Fishing,gothenborg,1
57.70707,11.65927,0,285,206,5,FISKE PLATS,DK,47,0,STELLA NOVA,2,156348,9,25,5,0,43,1,2016-12-14T17:01:06.000Z,gothenborg,2016-12-14T00:00:00.000Z,50,Fishing,gothenborg,1
57.70707,11.65927,0,285,206,5,FISKE PLATS,DK,47,0,STELLA NOVA,2,156348,9,25,5,0,43,1,2016-12-14T17:03:05.000Z,gothenborg,2016-12-14T00:00:00.000Z,50,Fishing,gothenborg,1
57.70705,11.65928,0,244,205,5,FISKE PLATS,DK,47,0,STELLA NOVA,2,156348,9,25,5,0,43,1,2016-12-14T17:05:05.000Z,gothenborg,2016-12-14T00:00:00.000Z,50,Fishing,gothenborg,1
57.70705,11.65929,0,272,205,3,FISKE PLATS,DK,47,0,STELLA NOVA,2,156348,9,25,5,0,43,1,2016-12-14T17:07:05.000Z,gothenborg,2016-12-14T00:00:00.000Z,50,Fishing,gothenborg,1
57.70705,11.65929,0,272,205,5,FISKE PLATS,DK,47,0,STELLA NOVA,2,156348,9,25,5,0,43,1,2016-12-14T17:09:06.000Z,gothenborg,2016-12-14T00:00:00.000Z,50,Fishing,gothenborg,1
57.70705,11.65929,0,272,205,5,FISKE PLATS,DK,47,0,STELLA NOVA,2,156348,9,25,5,0,43,1,2016-12-14T17:11:04.000Z,gothenborg,2016-12-14T00:00:00.000Z,50,Fishing,gothenborg,1
57.70704,11.65928,0,328,206,4,FISKE PLATS,DK,47,0,STELLA NOVA,2,156348,9,25,5,0,43,1,2016-12-14T17:13:05.000Z,gothenborg,2016-12-14T00:00:00.000Z,50,Fishing,gothenborg,1
57.70706,11.65929,0,308,206,2,FISKE PLATS,DK,47,0,STELLA NOVA,2,156348,9,25,5,0,43,1,2016-12-14T17:15:06.000Z,gothenborg,2016-12-14T00:00:00.000Z,50,Fishing,gothenborg,1
57.70706,11.65929,0,308,206,4,FISKE PLATS,DK,47,0,STELLA NOVA,2,156348,9,25,5,0,43,1,2016-12-14T17:17:08.000Z,gothenborg,2016-12-14T00:00:00.000Z,50,Fishing,gothenborg,1
57.70705,11.65928,0,322,205,2,FISKE PLATS,DK,47,0,STELLA NOVA,2,156348,9,25,5,0,43,1,2016-12-14T17:19:05.000Z,gothenborg,2016-12-14T00:00:00.000Z,50,Fishing,gothenborg,1
57.70705,11.65928,0,322,205,4,FISKE PLATS,DK,47,0,STELLA NOVA,2,156348,9,25,5,0,43,1,2016-12-14T17:21:06.000Z,gothenborg,2016-12-14T00:00:00.000Z,50,Fishing,gothenborg,1
57.70705,11.65928,0,322,205,6,FISKE PLATS,DK,47,0,STELLA NOVA,2,156348,9,25,5,0,43,1,2016-12-14T17:23:05.000Z,gothenborg,2016-12-14T00:00:00.000Z,50,Fishing,gothenborg,1
57.70705,11.65927,0,324,205,4,FISKE PLATS,DK,47,0,STELLA NOVA,2,156348,9,25,5,0,43,1,2016-12-14T17:25:05.000Z,gothenborg,2016-12-14T00:00:00.000Z,50,Fishing,gothenborg,1
57.70705,11.65926,0,357,205,2,FISKE PLATS,DK,47,0,STELLA NOVA,2,156348,9,25,5,0,43,1,2016-12-14T17:27:05.000Z,gothenborg,2016-12-14T00:00:00.000Z,50,Fishing,gothenborg,1
57.70705,11.65926,0,357,205,4,FISKE PLATS,DK,47,0,STELLA NOVA,2,156348,9,25,5,0,43,1,2016-12-14T17:29:05.000Z,gothenborg,2016-12-14T00:00:00.000Z,50,Fishing,gothenborg,1
57.70707,11.65927,0,327,205,3,FISKE PLATS,DK,47,0,STELLA NOVA,2,156348,9,25,5,0,43,1,2016-12-14T17:31:05.000Z,gothenborg,2016-12-14T00:00:00.000Z,50,Fishing,gothenborg,1
57.70707,11.65929,0,303,205,2,FISKE PLATS,DK,47,0,STELLA NOVA,2,156348,9,25,5,0,43,1,2016-12-14T17:33:06.000Z,gothenborg,2016-12-14T00:00:00.000Z,50,Fishing,gothenborg,1
57.70707,11.65929,0,303,205,3,FISKE PLATS,DK,47,0,STELLA NOVA,2,156348,9,25,5,0,43,1,2016-12-14T17:35:04.000Z,gothenborg,2016-12-14T00:00:00.000Z,50,Fishing,gothenborg,1
57.70708,11.65927,0,295,205,3,FISKE PLATS,DK,47,0,STELLA NOVA,2,156348,9,25,5,0,43,1,2016-12-14T17:37:06.000Z,gothenborg,2016-12-14T00:00:00.000Z,50,Fishing,gothenborg,1
57.70708,11.65927,0,295,205,5,FISKE PLATS,DK,47,0,STELLA NOVA,2,156348,9,25,5,0,43,1,2016-12-14T17:39:05.000Z,gothenborg,2016-12-14T00:00:00.000Z,50,Fishing,gothenborg,1
57.70705,11.65929,0,321,205,2,FISKE PLATS,DK,47,0,STELLA NOVA,2,156348,9,25,5,0,43,1,2016-12-14T17:41:05.000Z,gothenborg,2016-12-14T00:00:00.000Z,50,Fishing,gothenborg,1
57.70705,11.65929,0,321,205,5,FISKE PLATS,DK,47,0,STELLA NOVA,2,156348,9,25,5,0,43,1,2016-12-14T17:43:06.000Z,gothenborg,2016-12-14T00:00:00.000Z,50,Fishing,gothenborg,1
57.70705,11.65929,0,321,205,5,FISKE PLATS,DK,47,0,STELLA NOVA,2,156348,9,25,5,0,43,1,2016-12-14T17:45:05.000Z,gothenborg,2016-12-14T00:00:00.000Z,50,Fishing,gothenborg,1
57.70706,11.65927,0,324,205,2,FISKE PLATS,DK,47,0,STELLA NOVA,2,156348,9,25,5,0,43,1,2016-12-14T17:47:17.000Z,gothenborg,2016-12-14T00:00:00.000Z,50,Fishing,gothenborg,1
57.70704,11.65927,0,308,206,2,FISKE PLATS,DK,47,0,STELLA NOVA,2,156348,9,25,5,0,43,1,2016-12-14T17:51:05.000Z,gothenborg,2016-12-14T00:00:00.000Z,50,Fishing,gothenborg,1
57.70704,11.65927,0,308,206,4,FISKE PLATS,DK,47,0,STELLA NOVA,2,156348,9,25,5,0,43,1,2016-12-14T17:53:06.000Z,gothenborg,2016-12-14T00:00:00.000Z,50,Fishing,gothenborg,1
57.70708,11.65928,0,337,207,3,FISKE PLATS,DK,47,0,STELLA NOVA,2,156348,9,25,5,0,43,1,2016-12-14T17:55:09.000Z,gothenborg,2016-12-14T00:00:00.000Z,50,Fishing,gothenborg,1
57.70708,11.65928,0,337,207,5,FISKE PLATS,DK,47,0,STELLA NOVA,2,156348,9,25,5,0,43,1,2016-12-14T17:57:05.000Z,gothenborg,2016-12-14T00:00:00.000Z,50,Fishing,gothenborg,1
57.70706,11.65929,0,326,206,3,FISKE PLATS,DK,47,0,STELLA NOVA,2,156348,9,25,5,0,43,1,2016-12-14T17:59:06.000Z,gothenborg,2016-12-14T00:00:00.000Z,50,Fishing,gothenborg,1
57.70709,11.65928,0,309,205,2,FISKE PLATS,DK,47,0,STELLA NOVA,2,156348,9,25,5,0,43,1,2016-12-14T18:01:12.000Z,gothenborg,2016-12-14T00:00:00.000Z,50,Fishing,gothenborg,1
57.70709,11.65928,0,309,205,3,FISKE PLATS,DK,47,0,STELLA NOVA,2,156348,9,25,5,0,43,1,2016-12-14T18:03:05.000Z,gothenborg,2016-12-14T00:00:00.000Z,50,Fishing,gothenborg,1
57.70708,11.6593,0,298,205,2,FISKE PLATS,DK,47,0,STELLA NOVA,2,156348,9,25,5,0,43,1,2016-12-14T18:05:06.000Z,gothenborg,2016-12-14T00:00:00.000Z,50,Fishing,gothenborg,1
57.70708,11.6593,0,298,205,2,FISKE PLATS,DK,47,0,STELLA NOVA,2,156348,9,25,5,0,43,1,2016-12-14T18:07:05.000Z,gothenborg,2016-12-14T00:00:00.000Z,50,Fishing,gothenborg,1
57.70707,11.6593,0,9,205,2,FISKE PLATS,DK,47,0,STELLA NOVA,2,156348,9,25,5,0,43,1,2016-12-14T18:09:06.000Z,gothenborg,2016-12-14T00:00:00.000Z,50,Fishing,gothenborg,1
57.70707,11.6593,0,9,205,3,FISKE PLATS,DK,47,0,STELLA NOVA,2,156348,9,25,5,0,43,1,2016-12-14T18:11:06.000Z,gothenborg,2016-12-14T00:00:00.000Z,50,Fishing,gothenborg,1
57.70705,11.65928,0,333,205,2,FISKE PLATS,DK,47,0,STELLA NOVA,2,156348,9,25,5,0,43,1,2016-12-14T18:13:06.000Z,gothenborg,2016-12-14T00:00:00.000Z,50,Fishing,gothenborg,1
57.70705,11.65928,0,333,205,4,FISKE PLATS,DK,47,0,STELLA NOVA,2,156348,9,25,5,0,43,1,2016-12-14T18:15:06.000Z,gothenborg,2016-12-14T00:00:00.000Z,50,Fishing,gothenborg,1
57.70705,11.65928,0,333,205,6,FISKE PLATS,DK,47,0,STELLA NOVA,2,156348,9,25,5,0,43,1,2016-12-14T18:17:06.000Z,gothenborg,2016-12-14T00:00:00.000Z,50,Fishing,gothenborg,1
57.70704,11.6593,0,1,204,3,FISKE PLATS,DK,47,0,STELLA NOVA,2,156348,9,25,5,0,43,1,2016-12-14T18:19:06.000Z,gothenborg,2016-12-14T00:00:00.000Z,50,Fishing,gothenborg,1
57.70707,11.65929,0,1,204,2,FISKE PLATS,DK,47,0,STELLA NOVA,2,156348,9,25,5,0,43,1,2016-12-14T18:21:06.000Z,gothenborg,2016-12-14T00:00:00.000Z,50,Fishing,gothenborg,1
57.70707,11.65929,0,1,204,4,FISKE PLATS,DK,47,0,STELLA NOVA,2,156348,9,25,5,0,43,1,2016-12-14T18:23:06.000Z,gothenborg,2016-12-14T00:00:00.000Z,50,Fishing,gothenborg,1
57.70707,11.65929,0,1,204,6,FISKE PLATS,DK,47,0,STELLA NOVA,2,156348,9,25,5,0,43,1,2016-12-14T18:25:05.000Z,gothenborg,2016-12-14T00:00:00.000Z,50,Fishing,gothenborg,1
57.70705,11.65928,0,307,204,3,FISKE PLATS,DK,47,0,STELLA NOVA,2,156348,9,25,5,0,43,1,2016-12-14T18:27:06.000Z,gothenborg,2016-12-14T00:00:00.000Z,50,Fishing,gothenborg,1
57.70705,11.65928,0,307,204,5,FISKE PLATS,DK,47,0,STELLA NOVA,2,156348,9,25,5,0,43,1,2016-12-14T18:29:05.000Z,gothenborg,2016-12-14T00:00:00.000Z,50,Fishing,gothenborg,1
57.70705,11.65926,0,268,204,2,FISKE PLATS,DK,47,0,STELLA NOVA,2,156348,9,25,5,0,43,1,2016-12-14T18:31:05.000Z,gothenborg,2016-12-14T00:00:00.000Z,50,Fishing,gothenborg,1
57.70705,11.65926,0,268,204,5,FISKE PLATS,DK,47,0,STELLA NOVA,2,156348,9,25,5,0,43,1,2016-12-14T18:33:06.000Z,gothenborg,2016-12-14T00:00:00.000Z,50,Fishing,gothenborg,1
57.70705,11.65926,0,268,204,5,FISKE PLATS,DK,47,0,STELLA NOVA,2,156348,9,25,5,0,43,1,2016-12-14T18:35:05.000Z,gothenborg,2016-12-14T00:00:00.000Z,50,Fishing,gothenborg,1
57.70705,11.65927,0,193,204,5,FISKE PLATS,DK,47,0,STELLA NOVA,2,156348,9,25,5,0,43,1,2016-12-14T18:37:06.000Z,gothenborg,2016-12-14T00:00:00.000Z,50,Fishing,gothenborg,1
57.70707,11.65927,0,226,204,2,FISKE PLATS,DK,47,0,STELLA NOVA,2,156348,9,25,5,0,43,1,2016-12-14T18:39:05.000Z,gothenborg,2016-12-14T00:00:00.000Z,50,Fishing,gothenborg,1
57.70707,11.65927,0,226,204,4,FISKE PLATS,DK,47,0,STELLA NOVA,2,156348,9,25,5,0,43,1,2016-12-14T18:41:05.000Z,gothenborg,2016-12-14T00:00:00.000Z,50,Fishing,gothenborg,1
57.70707,11.65928,0,345,205,2,FISKE PLATS,DK,47,0,STELLA NOVA,2,156348,9,25,5,0,43,1,2016-12-14T18:43:05.000Z,gothenborg,2016-12-14T00:00:00.000Z,50,Fishing,gothenborg,1
57.70707,11.65928,0,345,205,4,FISKE PLATS,DK,47,0,STELLA NOVA,2,156348,9,25,5,0,43,1,2016-12-14T18:45:05.000Z,gothenborg,2016-12-14T00:00:00.000Z,50,Fishing,gothenborg,1
57.70707,11.6593,0,191,205,3,FISKE PLATS,DK,47,0,STELLA NOVA,2,156348,9,25,5,0,43,1,2016-12-14T18:47:05.000Z,gothenborg,2016-12-14T00:00:00.000Z,50,Fishing,gothenborg,1
57.70707,11.6593,0,191,205,5,FISKE PLATS,DK,47,0,STELLA NOVA,2,156348,9,25,5,0,43,1,2016-12-14T18:49:05.000Z,gothenborg,2016-12-14T00:00:00.000Z,50,Fishing,gothenborg,1
57.70708,11.65926,0,126,205,3,FISKE PLATS,DK,47,0,STELLA NOVA,2,156348,9,25,5,0,43,1,2016-12-14T18:51:05.000Z,gothenborg,2016-12-14T00:00:00.000Z,50,Fishing,gothenborg,1
57.70707,11.65928,0,6,206,2,FISKE PLATS,DK,47,0,STELLA NOVA,2,156348,9,25,5,0,43,1,2016-12-14T18:53:06.000Z,gothenborg,2016-12-14T00:00:00.000Z,50,Fishing,gothenborg,1
57.70707,11.65928,0,6,206,4,FISKE PLATS,DK,47,0,STELLA NOVA,2,156348,9,25,5,0,43,1,2016-12-14T18:55:05.000Z,gothenborg,2016-12-14T00:00:00.000Z,50,Fishing,gothenborg,1
57.70705,11.65931,0,220,205,2,FISKE PLATS,DK,47,0,STELLA NOVA,2,156348,9,25,5,0,43,1,2016-12-14T18:57:05.000Z,gothenborg,2016-12-14T00:00:00.000Z,50,Fishing,gothenborg,1
57.70705,11.65931,0,220,205,4,FISKE PLATS,DK,47,0,STELLA NOVA,2,156348,9,25,5,0,43,1,2016-12-14T18:59:05.000Z,gothenborg,2016-12-14T00:00:00.000Z,50,Fishing,gothenborg,1
57.70707,11.65929,0,352,206,2,FISKE PLATS,DK,47,0,STELLA NOVA,2,156348,9,25,5,0,43,1,2016-12-14T19:01:06.000Z,gothenborg,2016-12-14T00:00:00.000Z,50,Fishing,gothenborg,1
57.70707,11.65929,0,352,206,4,FISKE PLATS,DK,47,0,STELLA NOVA,2,156348,9,25,5,0,43,1,2016-12-14T19:03:05.000Z,gothenborg,2016-12-14T00:00:00.000Z,50,Fishing,gothenborg,1
57.70707,11.65927,0,42,206,2,FISKE PLATS,DK,47,0,STELLA NOVA,2,156348,9,25,5,0,43,1,2016-12-14T19:05:06.000Z,gothenborg,2016-12-14T00:00:00.000Z,50,Fishing,gothenborg,1
57.70707,11.65927,0,42,206,3,FISKE PLATS,DK,47,0,STELLA NOVA,2,156348,9,25,5,0,43,1,2016-12-14T19:07:05.000Z,gothenborg,2016-12-14T00:00:00.000Z,50,Fishing,gothenborg,1
57.70708,11.65926,0,222,206,2,FISKE PLATS,DK,47,0,STELLA NOVA,2,156348,9,25,5,0,43,1,2016-12-14T19:09:05.000Z,gothenborg,2016-12-14T00:00:00.000Z,50,Fishing,gothenborg,1
57.70708,11.65926,0,222,206,4,FISKE PLATS,DK,47,0,STELLA NOVA,2,156348,9,25,5,0,43,1,2016-12-14T19:11:05.000Z,gothenborg,2016-12-14T00:00:00.000Z,50,Fishing,gothenborg,1
57.70708,11.65926,0,222,206,6,FISKE PLATS,DK,47,0,STELLA NOVA,2,156348,9,25,5,0,43,1,2016-12-14T19:13:06.000Z,gothenborg,2016-12-14T00:00:00.000Z,50,Fishing,gothenborg,1
57.70705,11.65925,0,52,205,3,FISKE PLATS,DK,47,0,STELLA NOVA,2,156348,9,25,5,0,43,1,2016-12-14T19:15:05.000Z,gothenborg,2016-12-14T00:00:00.000Z,50,Fishing,gothenborg,1
57.70705,11.65925,0,52,205,5,FISKE PLATS,DK,47,0,STELLA NOVA,2,156348,9,25,5,0,43,1,2016-12-14T19:17:06.000Z,gothenborg,2016-12-14T00:00:00.000Z,50,Fishing,gothenborg,1
57.70705,11.65925,0,52,205,5,FISKE PLATS,DK,47,0,STELLA NOVA,2,156348,9,25,5,0,43,1,2016-12-14T19:19:05.000Z,gothenborg,2016-12-14T00:00:00.000Z,50,Fishing,gothenborg,1
57.70706,11.65929,0,348,206,4,FISKE PLATS,DK,47,0,STELLA NOVA,2,156348,9,25,5,0,43,1,2016-12-14T19:21:05.000Z,gothenborg,2016-12-14T00:00:00.000Z,50,Fishing,gothenborg,1
57.70706,11.65926,0,25,205,1,FISKE PLATS,DK,47,0,STELLA NOVA,2,156348,9,25,5,0,43,1,2016-12-14T19:23:05.000Z,gothenborg,2016-12-14T00:00:00.000Z,50,Fishing,gothenborg,1
57.70707,11.6593,0,25,205,2,FISKE PLATS,DK,47,0,STELLA NOVA,2,156348,9,25,5,0,43,1,2016-12-14T19:25:05.000Z,gothenborg,2016-12-14T00:00:00.000Z,50,Fishing,gothenborg,1
57.70707,11.6593,0,25,205,4,FISKE PLATS,DK,47,0,STELLA NOVA,2,156348,9,25,5,0,43,1,2016-12-14T19:27:05.000Z,gothenborg,2016-12-14T00:00:00.000Z,50,Fishing,gothenborg,1
57.70707,11.65929,0,50,205,2,FISKE PLATS,DK,47,0,STELLA NOVA,2,156348,9,25,5,0,43,1,2016-12-14T19:29:06.000Z,gothenborg,2016-12-14T00:00:00.000Z,50,Fishing,gothenborg,1
57.70707,11.65929,0,50,205,4,FISKE PLATS,DK,47,0,STELLA NOVA,2,156348,9,25,5,0,43,1,2016-12-14T19:31:05.000Z,gothenborg,2016-12-14T00:00:00.000Z,50,Fishing,gothenborg,1
57.70707,11.65929,0,50,205,6,FISKE PLATS,DK,47,0,STELLA NOVA,2,156348,9,25,5,0,43,1,2016-12-14T19:33:05.000Z,gothenborg,2016-12-14T00:00:00.000Z,50,Fishing,gothenborg,1
57.70705,11.65927,0,179,205,3,FISKE PLATS,DK,47,0,STELLA NOVA,2,156348,9,25,5,0,43,1,2016-12-14T19:35:05.000Z,gothenborg,2016-12-14T00:00:00.000Z,50,Fishing,gothenborg,1
57.70705,11.65927,0,179,205,5,FISKE PLATS,DK,47,0,STELLA NOVA,2,156348,9,25,5,0,43,1,2016-12-14T19:37:05.000Z,gothenborg,2016-12-14T00:00:00.000Z,50,Fishing,gothenborg,1
57.70704,11.65925,0,25,205,3,FISKE PLATS,DK,47,0,STELLA NOVA,2,156348,9,25,5,0,43,1,2016-12-14T19:39:05.000Z,gothenborg,2016-12-14T00:00:00.000Z,50,Fishing,gothenborg,1
57.70704,11.65925,0,25,205,5,FISKE PLATS,DK,47,0,STELLA NOVA,2,156348,9,25,5,0,43,1,2016-12-14T19:41:05.000Z,gothenborg,2016-12-14T00:00:00.000Z,50,Fishing,gothenborg,1
57.70706,11.65925,0,233,206,3,FISKE PLATS,DK,47,0,STELLA NOVA,2,156348,9,25,5,0,43,1,2016-12-14T19:43:06.000Z,gothenborg,2016-12-14T00:00:00.000Z,50,Fishing,gothenborg,1
57.70706,11.65925,0,233,206,3,FISKE PLATS,DK,47,0,STELLA NOVA,2,156348,9,25,5,0,43,1,2016-12-14T19:45:05.000Z,gothenborg,2016-12-14T00:00:00.000Z,50,Fishing,gothenborg,1
57.70707,11.65929,0,331,205,3,FISKE PLATS,DK,47,0,STELLA NOVA,2,156348,9,25,5,0,43,1,2016-12-14T19:47:05.000Z,gothenborg,2016-12-14T00:00:00.000Z,50,Fishing,gothenborg,1
57.70707,11.65929,0,331,205,5,FISKE PLATS,DK,47,0,STELLA NOVA,2,156348,9,25,5,0,43,1,2016-12-14T19:49:05.000Z,gothenborg,2016-12-14T00:00:00.000Z,50,Fishing,gothenborg,1
57.70707,11.65929,0,331,205,7,FISKE PLATS,DK,47,0,STELLA NOVA,2,156348,9,25,5,0,43,1,2016-12-14T19:51:06.000Z,gothenborg,2016-12-14T00:00:00.000Z,50,Fishing,gothenborg,1
57.70707,11.65929,0,331,205,9,FISKE PLATS,DK,47,0,STELLA NOVA,2,156348,9,25,5,0,43,1,2016-12-14T19:53:05.000Z,gothenborg,2016-12-14T00:00:00.000Z,50,Fishing,gothenborg,1
57.70707,11.65929,0,331,205,11,FISKE PLATS,DK,47,0,STELLA NOVA,2,156348,9,25,5,0,43,1,2016-12-14T19:55:05.000Z,gothenborg,2016-12-14T00:00:00.000Z,50,Fishing,gothenborg,1
57.70707,11.65928,0,307,206,2,FISKE PLATS,DK,47,0,STELLA NOVA,2,156348,9,25,5,0,43,1,2016-12-14T19:57:05.000Z,gothenborg,2016-12-14T00:00:00.000Z,50,Fishing,gothenborg,1
57.70707,11.65928,0,307,206,4,FISKE PLATS,DK,47,0,STELLA NOVA,2,156348,9,25,5,0,43,1,2016-12-14T19:59:05.000Z,gothenborg,2016-12-14T00:00:00.000Z,50,Fishing,gothenborg,1
57.70707,11.65926,0,350,206,3,FISKE PLATS,DK,47,0,STELLA NOVA,2,156348,9,25,5,0,43,1,2016-12-14T20:01:05.000Z,gothenborg,2016-12-14T00:00:00.000Z,50,Fishing,gothenborg,1
57.70708,11.65929,0,335,205,2,FISKE PLATS,DK,47,0,STELLA NOVA,2,156348,9,25,5,0,43,1,2016-12-14T20:03:05.000Z,gothenborg,2016-12-14T00:00:00.000Z,50,Fishing,gothenborg,1
57.70708,11.65929,0,335,205,4,FISKE PLATS,DK,47,0,STELLA NOVA,2,156348,9,25,5,0,43,1,2016-12-14T20:05:05.000Z,gothenborg,2016-12-14T00:00:00.000Z,50,Fishing,gothenborg,1
57.70705,11.65928,0,324,205,3,FISKE PLATS,DK,47,0,STELLA NOVA,2,156348,9,25,5,0,43,1,2016-12-14T20:07:05.000Z,gothenborg,2016-12-14T00:00:00.000Z,50,Fishing,gothenborg,1
57.70705,11.65928,0,324,205,5,FISKE PLATS,DK,47,0,STELLA NOVA,2,156348,9,25,5,0,43,1,2016-12-14T20:09:06.000Z,gothenborg,2016-12-14T00:00:00.000Z,50,Fishing,gothenborg,1
57.70705,11.65928,0,320,205,3,FISKE PLATS,DK,47,0,STELLA NOVA,2,156348,9,25,5,0,43,1,2016-12-14T20:11:06.000Z,gothenborg,2016-12-14T00:00:00.000Z,50,Fishing,gothenborg,1
57.70705,11.65928,0,320,205,5,FISKE PLATS,DK,47,0,STELLA NOVA,2,156348,9,25,5,0,43,1,2016-12-14T20:13:05.000Z,gothenborg,2016-12-14T00:00:00.000Z,50,Fishing,gothenborg,1
57.70707,11.65924,0,354,206,3,FISKE PLATS,DK,47,0,STELLA NOVA,2,156348,9,25,5,0,43,1,2016-12-14T20:15:05.000Z,gothenborg,2016-12-14T00:00:00.000Z,50,Fishing,gothenborg,1
57.70707,11.65924,0,354,206,5,FISKE PLATS,DK,47,0,STELLA NOVA,2,156348,9,25,5,0,43,1,2016-12-14T20:17:05.000Z,gothenborg,2016-12-14T00:00:00.000Z,50,Fishing,gothenborg,1
57.70706,11.65925,0,330,206,3,FISKE PLATS,DK,47,0,STELLA NOVA,2,156348,9,25,5,0,43,1,2016-12-14T20:19:05.000Z,gothenborg,2016-12-14T00:00:00.000Z,50,Fishing,gothenborg,1
57.70706,11.65925,0,330,206,5,FISKE PLATS,DK,47,0,STELLA NOVA,2,156348,9,25,5,0,43,1,2016-12-14T20:21:05.000Z,gothenborg,2016-12-14T00:00:00.000Z,50,Fishing,gothenborg,1
57.70705,11.65925,0,319,206,2,FISKE PLATS,DK,47,0,STELLA NOVA,2,156348,9,25,5,0,43,1,2016-12-14T20:23:05.000Z,gothenborg,2016-12-14T00:00:00.000Z,50,Fishing,gothenborg,1
57.70708,11.65928,0,327,206,2,FISKE PLATS,DK,47,0,STELLA NOVA,2,156348,9,25,5,0,43,1,2016-12-14T20:25:05.000Z,gothenborg,2016-12-14T00:00:00.000Z,50,Fishing,gothenborg,1
57.70708,11.65928,0,327,206,4,FISKE PLATS,DK,47,0,STELLA NOVA,2,156348,9,25,5,0,43,1,2016-12-14T20:27:05.000Z,gothenborg,2016-12-14T00:00:00.000Z,50,Fishing,gothenborg,1
57.70706,11.65928,0,332,206,2,FISKE PLATS,DK,47,0,STELLA NOVA,2,156348,9,25,5,0,43,1,2016-12-14T20:29:05.000Z,gothenborg,2016-12-14T00:00:00.000Z,50,Fishing,gothenborg,1
57.70706,11.65928,0,332,206,4,FISKE PLATS,DK,47,0,STELLA NOVA,2,156348,9,25,5,0,43,1,2016-12-14T20:31:05.000Z,gothenborg,2016-12-14T00:00:00.000Z,50,Fishing,gothenborg,1
57.70707,11.65926,0,321,206,2,FISKE PLATS,DK,47,0,STELLA NOVA,2,156348,9,25,5,0,43,1,2016-12-14T20:33:05.000Z,gothenborg,2016-12-14T00:00:00.000Z,50,Fishing,gothenborg,1
57.70707,11.65926,0,321,206,4,FISKE PLATS,DK,47,0,STELLA NOVA,2,156348,9,25,5,0,43,1,2016-12-14T20:35:05.000Z,gothenborg,2016-12-14T00:00:00.000Z,50,Fishing,gothenborg,1
57.70707,11.65925,0,295,207,2,FISKE PLATS,DK,47,0,STELLA NOVA,2,156348,9,25,5,0,43,1,2016-12-14T20:37:06.000Z,gothenborg,2016-12-14T00:00:00.000Z,50,Fishing,gothenborg,1
57.70707,11.65925,0,295,207,4,FISKE PLATS,DK,47,0,STELLA NOVA,2,156348,9,25,5,0,43,1,2016-12-14T20:39:05.000Z,gothenborg,2016-12-14T00:00:00.000Z,50,Fishing,gothenborg,1
57.70707,11.65928,0,280,206,2,FISKE PLATS,DK,47,0,STELLA NOVA,2,156348,9,25,5,0,43,1,2016-12-14T20:41:06.000Z,gothenborg,2016-12-14T00:00:00.000Z,50,Fishing,gothenborg,1
57.70707,11.65928,0,280,206,4,FISKE PLATS,DK,47,0,STELLA NOVA,2,156348,9,25,5,0,43,1,2016-12-14T20:43:05.000Z,gothenborg,2016-12-14T00:00:00.000Z,50,Fishing,gothenborg,1
57.70707,11.65928,0,104,207,2,FISKE PLATS,DK,47,0,STELLA NOVA,2,156348,9,25,5,0,43,1,2016-12-14T20:45:06.000Z,gothenborg,2016-12-14T00:00:00.000Z,50,Fishing,gothenborg,1
57.70707,11.65928,0,104,207,4,FISKE PLATS,DK,47,0,STELLA NOVA,2,156348,9,25,5,0,43,1,2016-12-14T20:47:05.000Z,gothenborg,2016-12-14T00:00:00.000Z,50,Fishing,gothenborg,1
57.70706,11.65926,0,283,206,2,FISKE PLATS,DK,47,0,STELLA NOVA,2,156348,9,25,5,0,43,1,2016-12-14T20:49:06.000Z,gothenborg,2016-12-14T00:00:00.000Z,50,Fishing,gothenborg,1
57.70706,11.65926,0,283,206,5,FISKE PLATS,DK,47,0,STELLA NOVA,2,156348,9,25,5,0,43,1,2016-12-14T20:51:06.000Z,gothenborg,2016-12-14T00:00:00.000Z,50,Fishing,gothenborg,1
57.70706,11.65926,0,283,206,5,FISKE PLATS,DK,47,0,STELLA NOVA,2,156348,9,25,5,0,43,1,2016-12-14T20:53:05.000Z,gothenborg,2016-12-14T00:00:00.000Z,50,Fishing,gothenborg,1
57.70707,11.65926,0,94,206,5,FISKE PLATS,DK,47,0,STELLA NOVA,2,156348,9,25,5,0,43,1,2016-12-14T20:55:05.000Z,gothenborg,2016-12-14T00:00:00.000Z,50,Fishing,gothenborg,1
57.70707,11.65928,0,145,205,3,FISKE PLATS,DK,47,0,STELLA NOVA,2,156348,9,25,5,0,43,1,2016-12-14T20:57:05.000Z,gothenborg,2016-12-14T00:00:00.000Z,50,Fishing,gothenborg,1
57.70707,11.65928,0,145,205,5,FISKE PLATS,DK,47,0,STELLA NOVA,2,156348,9,25,5,0,43,1,2016-12-14T20:59:05.000Z,gothenborg,2016-12-14T00:00:00.000Z,50,Fishing,gothenborg,1
57.70706,11.65926,0,154,205,3,FISKE PLATS,DK,47,0,STELLA NOVA,2,156348,9,25,5,0,43,1,2016-12-14T21:01:06.000Z,gothenborg,2016-12-14T00:00:00.000Z,50,Fishing,gothenborg,1
57.70706,11.65926,0,154,205,5,FISKE PLATS,DK,47,0,STELLA NOVA,2,156348,9,25,5,0,43,1,2016-12-14T21:03:05.000Z,gothenborg,2016-12-14T00:00:00.000Z,50,Fishing,gothenborg,1
57.70706,11.65929,0,18,206,3,FISKE PLATS,DK,47,0,STELLA NOVA,2,156348,9,25,5,0,43,1,2016-12-14T21:05:05.000Z,gothenborg,2016-12-14T00:00:00.000Z,50,Fishing,gothenborg,1
57.70706,11.65929,0,18,206,5,FISKE PLATS,DK,47,0,STELLA NOVA,2,156348,9,25,5,0,43,1,2016-12-14T21:07:06.000Z,gothenborg,2016-12-14T00:00:00.000Z,50,Fishing,gothenborg,1
57.70707,11.65928,0,30,205,3,FISKE PLATS,DK,47,0,STELLA NOVA,2,156348,9,25,5,0,43,0,2016-12-14T21:09:04.000Z,gothenborg,2016-12-14T00:00:00.000Z,50,Fishing,gothenborg,1
57.70708,11.65927,0,286,205,2,FISKE PLATS,DK,47,0,STELLA NOVA,2,156348,9,25,5,0,43,1,2016-12-14T21:11:06.000Z,gothenborg,2016-12-14T00:00:00.000Z,50,Fishing,gothenborg,1
57.70708,11.65927,0,286,205,4,FISKE PLATS,DK,47,0,STELLA NOVA,2,156348,9,25,5,0,43,1,2016-12-14T21:13:06.000Z,gothenborg,2016-12-14T00:00:00.000Z,50,Fishing,gothenborg,1
57.70706,11.65929,0,19,205,2,FISKE PLATS,DK,47,0,STELLA NOVA,2,156348,9,25,5,0,43,1,2016-12-14T21:15:06.000Z,gothenborg,2016-12-14T00:00:00.000Z,50,Fishing,gothenborg,1
57.70706,11.65929,0,19,205,4,FISKE PLATS,DK,47,0,STELLA NOVA,2,156348,9,25,5,0,43,1,2016-12-14T21:17:05.000Z,gothenborg,2016-12-14T00:00:00.000Z,50,Fishing,gothenborg,1
57.70706,11.65929,0,21,205,3,FISKE PLATS,DK,47,0,STELLA NOVA,2,156348,9,25,5,0,43,1,2016-12-14T21:19:06.000Z,gothenborg,2016-12-14T00:00:00.000Z,50,Fishing,gothenborg,1
57.70707,11.65928,0,18,205,2,FISKE PLATS,DK,47,0,STELLA NOVA,2,156348,9,25,5,0,43,1,2016-12-14T21:21:05.000Z,gothenborg,2016-12-14T00:00:00.000Z,50,Fishing,gothenborg,1
57.70707,11.65928,0,18,205,4,FISKE PLATS,DK,47,0,STELLA NOVA,2,156348,9,25,5,0,43,1,2016-12-14T21:23:06.000Z,gothenborg,2016-12-14T00:00:00.000Z,50,Fishing,gothenborg,1
57.70709,11.65928,0,357,205,2,FISKE PLATS,DK,47,0,STELLA NOVA,2,156348,9,25,5,0,43,1,2016-12-14T21:25:05.000Z,gothenborg,2016-12-14T00:00:00.000Z,50,Fishing,gothenborg,1
57.70709,11.65928,0,357,205,4,FISKE PLATS,DK,47,0,STELLA NOVA,2,156348,9,25,5,0,43,1,2016-12-14T21:27:06.000Z,gothenborg,2016-12-14T00:00:00.000Z,50,Fishing,gothenborg,1
57.70708,11.65928,0,21,204,3,FISKE PLATS,DK,47,0,STELLA NOVA,2,156348,9,25,5,0,43,1,2016-12-14T21:29:05.000Z,gothenborg,2016-12-14T00:00:00.000Z,50,Fishing,gothenborg,1
57.70708,11.65928,0,21,204,5,FISKE PLATS,DK,47,0,STELLA NOVA,2,156348,9,25,5,0,43,1,2016-12-14T21:31:05.000Z,gothenborg,2016-12-14T00:00:00.000Z,50,Fishing,gothenborg,1
57.70706,11.65926,0,198,205,3,FISKE PLATS,DK,47,0,STELLA NOVA,2,156348,9,25,5,0,43,1,2016-12-14T21:33:05.000Z,gothenborg,2016-12-14T00:00:00.000Z,50,Fishing,gothenborg,1
57.70706,11.65926,0,198,205,5,FISKE PLATS,DK,47,0,STELLA NOVA,2,156348,9,25,5,0,43,1,2016-12-14T21:35:06.000Z,gothenborg,2016-12-14T00:00:00.000Z,50,Fishing,gothenborg,1
57.70704,11.65928,0,171,206,3,FISKE PLATS,DK,47,0,STELLA NOVA,2,156348,9,25,5,0,43,1,2016-12-14T21:37:05.000Z,gothenborg,2016-12-14T00:00:00.000Z,50,Fishing,gothenborg,1
57.70706,11.65927,0,206,206,2,FISKE PLATS,DK,47,0,STELLA NOVA,2,156348,9,25,5,0,43,1,2016-12-14T21:39:05.000Z,gothenborg,2016-12-14T00:00:00.000Z,50,Fishing,gothenborg,1
57.70706,11.65927,0,206,206,4,FISKE PLATS,DK,47,0,STELLA NOVA,2,156348,9,25,5,0,43,1,2016-12-14T21:41:05.000Z,gothenborg,2016-12-14T00:00:00.000Z,50,Fishing,gothenborg,1
57.70707,11.65927,0,241,206,3,FISKE PLATS,DK,47,0,STELLA NOVA,2,156348,9,25,5,0,43,1,2016-12-14T21:43:06.000Z,gothenborg,2016-12-14T00:00:00.000Z,50,Fishing,gothenborg,1
57.70707,11.65926,0,234,206,2,FISKE PLATS,DK,47,0,STELLA NOVA,2,156348,9,25,5,0,43,1,2016-12-14T21:45:05.000Z,gothenborg,2016-12-14T00:00:00.000Z,50,Fishing,gothenborg,1
57.70707,11.65926,0,234,206,4,FISKE PLATS,DK,47,0,STELLA NOVA,2,156348,9,25,5,0,43,1,2016-12-14T21:47:05.000Z,gothenborg,2016-12-14T00:00:00.000Z,50,Fishing,gothenborg,1
57.70705,11.65928,0,238,206,2,FISKE PLATS,DK,47,0,STELLA NOVA,2,156348,9,25,5,0,43,1,2016-12-14T21:49:06.000Z,gothenborg,2016-12-14T00:00:00.000Z,50,Fishing,gothenborg,1
57.70705,11.65928,0,238,206,4,FISKE PLATS,DK,47,0,STELLA NOVA,2,156348,9,25,5,0,43,1,2016-12-14T21:51:06.000Z,gothenborg,2016-12-14T00:00:00.000Z,50,Fishing,gothenborg,1
57.70705,11.65927,0,201,206,3,FISKE PLATS,DK,47,0,STELLA NOVA,2,156348,9,25,5,0,43,1,2016-12-14T21:53:05.000Z,gothenborg,2016-12-14T00:00:00.000Z,50,Fishing,gothenborg,1
57.70707,11.65929,0,18,206,2,FISKE PLATS,DK,47,0,STELLA NOVA,2,156348,9,25,5,0,43,1,2016-12-14T21:55:06.000Z,gothenborg,2016-12-14T00:00:00.000Z,50,Fishing,gothenborg,1
57.70707,11.65929,0,18,206,4,FISKE PLATS,DK,47,0,STELLA NOVA,2,156348,9,25,5,0,43,1,2016-12-14T21:57:05.000Z,gothenborg,2016-12-14T00:00:00.000Z,50,Fishing,gothenborg,1
57.70705,11.65929,0,260,205,2,FISKE PLATS,DK,47,0,STELLA NOVA,2,156348,9,25,5,0,43,1,2016-12-14T21:59:05.000Z,gothenborg,2016-12-14T00:00:00.000Z,50,Fishing,gothenborg,1
57.70705,11.65929,0,260,205,3,FISKE PLATS,DK,47,0,STELLA NOVA,2,156348,9,25,5,0,43,1,2016-12-14T22:01:05.000Z,gothenborg,2016-12-14T00:00:00.000Z,50,Fishing,gothenborg,1
57.70704,11.65927,0,188,205,3,FISKE PLATS,DK,47,0,STELLA NOVA,2,156348,9,25,5,0,43,1,2016-12-14T22:03:06.000Z,gothenborg,2016-12-14T00:00:00.000Z,50,Fishing,gothenborg,1
57.70704,11.65927,0,188,205,5,FISKE PLATS,DK,47,0,STELLA NOVA,2,156348,9,25,5,0,43,1,2016-12-14T22:05:05.000Z,gothenborg,2016-12-14T00:00:00.000Z,50,Fishing,gothenborg,1
57.70705,11.65929,0,220,205,3,FISKE PLATS,DK,47,0,STELLA NOVA,2,156348,9,25,5,0,43,1,2016-12-14T22:07:05.000Z,gothenborg,2016-12-14T00:00:00.000Z,50,Fishing,gothenborg,1
57.70705,11.65929,0,220,205,5,FISKE PLATS,DK,47,0,STELLA NOVA,2,156348,9,25,5,0,43,1,2016-12-14T22:09:04.000Z,gothenborg,2016-12-14T00:00:00.000Z,50,Fishing,gothenborg,1
57.70705,11.65928,0,210,205,3,FISKE PLATS,DK,47,0,STELLA NOVA,2,156348,9,25,5,0,43,1,2016-12-14T22:11:05.000Z,gothenborg,2016-12-14T00:00:00.000Z,50,Fishing,gothenborg,1
57.70705,11.65928,0,210,205,4,FISKE PLATS,DK,47,0,STELLA NOVA,2,156348,9,25,5,0,43,1,2016-12-14T22:13:06.000Z,gothenborg,2016-12-14T00:00:00.000Z,50,Fishing,gothenborg,1
57.70706,11.65927,0,225,205,3,FISKE PLATS,DK,47,0,STELLA NOVA,2,156348,9,25,5,0,43,1,2016-12-14T22:15:05.000Z,gothenborg,2016-12-14T00:00:00.000Z,50,Fishing,gothenborg,1
57.70706,11.65927,0,225,205,5,FISKE PLATS,DK,47,0,STELLA NOVA,2,156348,9,25,5,0,43,1,2016-12-14T22:17:05.000Z,gothenborg,2016-12-14T00:00:00.000Z,50,Fishing,gothenborg,1
57.70707,11.65929,0,203,204,3,FISKE PLATS,DK,47,0,STELLA NOVA,2,156348,9,25,5,0,43,1,2016-12-14T22:19:06.000Z,gothenborg,2016-12-14T00:00:00.000Z,50,Fishing,gothenborg,1
57.70707,11.65929,0,203,204,5,FISKE PLATS,DK,47,0,STELLA NOVA,2,156348,9,25,5,0,43,1,2016-12-14T22:21:06.000Z,gothenborg,2016-12-14T00:00:00.000Z,50,Fishing,gothenborg,1
57.70706,11.65928,0,242,205,3,FISKE PLATS,DK,47,0,STELLA NOVA,2,156348,9,25,5,0,43,1,2016-12-14T22:23:05.000Z,gothenborg,2016-12-14T00:00:00.000Z,50,Fishing,gothenborg,1
57.70707,11.65928,0,221,205,2,FISKE PLATS,DK,47,0,STELLA NOVA,2,156348,9,25,5,0,43,1,2016-12-14T22:25:06.000Z,gothenborg,2016-12-14T00:00:00.000Z,50,Fishing,gothenborg,1
57.70707,11.65928,0,221,205,2,FISKE PLATS,DK,47,0,STELLA NOVA,2,156348,9,25,5,0,43,1,2016-12-14T22:27:05.000Z,gothenborg,2016-12-14T00:00:00.000Z,50,Fishing,gothenborg,1
57.70707,11.65928,0,221,205,4,FISKE PLATS,DK,47,0,STELLA NOVA,2,156348,9,25,5,0,43,1,2016-12-14T22:29:05.000Z,gothenborg,2016-12-14T00:00:00.000Z,50,Fishing,gothenborg,1
57.70705,11.65927,0,226,206,4,FISKE PLATS,DK,47,0,STELLA NOVA,2,156348,9,25,5,0,43,1,2016-12-14T22:31:05.000Z,gothenborg,2016-12-14T00:00:00.000Z,50,Fishing,gothenborg,1
57.70706,11.65928,0,184,205,3,FISKE PLATS,DK,47,0,STELLA NOVA,2,156348,9,25,5,0,43,1,2016-12-14T22:33:06.000Z,gothenborg,2016-12-14T00:00:00.000Z,50,Fishing,gothenborg,1
57.70705,11.65928,0,214,205,2,FISKE PLATS,DK,47,0,STELLA NOVA,2,156348,9,25,5,0,43,1,2016-12-14T22:35:05.000Z,gothenborg,2016-12-14T00:00:00.000Z,50,Fishing,gothenborg,1
57.70705,11.65928,0,214,205,4,FISKE PLATS,DK,47,0,STELLA NOVA,2,156348,9,25,5,0,43,1,2016-12-14T22:37:06.000Z,gothenborg,2016-12-14T00:00:00.000Z,50,Fishing,gothenborg,1
57.70705,11.65928,0,214,205,4,FISKE PLATS,DK,47,0,STELLA NOVA,2,156348,9,25,5,0,43,1,2016-12-14T22:39:06.000Z,gothenborg,2016-12-14T00:00:00.000Z,50,Fishing,gothenborg,1
57.70706,11.65929,0,222,205,5,FISKE PLATS,DK,47,0,STELLA NOVA,2,156348,9,25,5,0,43,1,2016-12-14T22:41:06.000Z,gothenborg,2016-12-14T00:00:00.000Z,50,Fishing,gothenborg,1
57.70706,11.65929,0,222,205,5,FISKE PLATS,DK,47,0,STELLA NOVA,2,156348,9,25,5,0,43,1,2016-12-14T22:43:04.000Z,gothenborg,2016-12-14T00:00:00.000Z,50,Fishing,gothenborg,1
57.70705,11.65928,0,219,206,5,FISKE PLATS,DK,47,0,STELLA NOVA,2,156348,9,25,5,0,43,1,2016-12-14T22:45:07.000Z,gothenborg,2016-12-14T00:00:00.000Z,50,Fishing,gothenborg,1
57.70706,11.65929,0,205,205,3,FISKE PLATS,DK,47,0,STELLA NOVA,2,156348,9,25,5,0,43,1,2016-12-14T22:47:05.000Z,gothenborg,2016-12-14T00:00:00.000Z,50,Fishing,gothenborg,1
57.70706,11.65929,0,205,205,5,FISKE PLATS,DK,47,0,STELLA NOVA,2,156348,9,25,5,0,43,1,2016-12-14T22:49:05.000Z,gothenborg,2016-12-14T00:00:00.000Z,50,Fishing,gothenborg,1
57.70706,11.65929,0,205,205,7,FISKE PLATS,DK,47,0,STELLA NOVA,2,156348,9,25,5,0,43,1,2016-12-14T22:51:06.000Z,gothenborg,2016-12-14T00:00:00.000Z,50,Fishing,gothenborg,1
57.70706,11.65929,0,205,205,9,FISKE PLATS,DK,47,0,STELLA NOVA,2,156348,9,25,5,0,43,1,2016-12-14T22:53:06.000Z,gothenborg,2016-12-14T00:00:00.000Z,50,Fishing,gothenborg,1
57.70706,11.65929,0,205,205,11,FISKE PLATS,DK,47,0,STELLA NOVA,2,156348,9,25,5,0,43,1,2016-12-14T22:55:05.000Z,gothenborg,2016-12-14T00:00:00.000Z,50,Fishing,gothenborg,1
57.70705,11.65927,0,284,205,3,FISKE PLATS,DK,47,0,STELLA NOVA,2,156348,9,25,5,0,43,1,2016-12-14T22:57:05.000Z,gothenborg,2016-12-14T00:00:00.000Z,50,Fishing,gothenborg,1
57.70705,11.65929,0,274,205,2,FISKE PLATS,DK,47,0,STELLA NOVA,2,156348,9,25,5,0,43,1,2016-12-14T22:59:06.000Z,gothenborg,2016-12-14T00:00:00.000Z,50,Fishing,gothenborg,1
57.70705,11.65929,0,274,205,2,FISKE PLATS,DK,47,0,STELLA NOVA,2,156348,9,25,5,0,43,1,2016-12-14T23:01:05.000Z,gothenborg,2016-12-14T00:00:00.000Z,50,Fishing,gothenborg,1
57.70706,11.65926,0,303,205,3,FISKE PLATS,DK,47,0,STELLA NOVA,2,156348,9,25,5,0,43,1,2016-12-14T23:03:05.000Z,gothenborg,2016-12-14T00:00:00.000Z,50,Fishing,gothenborg,1
57.70707,11.65925,0,242,205,2,FISKE PLATS,DK,47,0,STELLA NOVA,2,156348,9,25,5,0,43,1,2016-12-14T23:05:05.000Z,gothenborg,2016-12-14T00:00:00.000Z,50,Fishing,gothenborg,1
57.70707,11.65925,0,242,205,4,FISKE PLATS,DK,47,0,STELLA NOVA,2,156348,9,25,5,0,43,1,2016-12-14T23:07:06.000Z,gothenborg,2016-12-14T00:00:00.000Z,50,Fishing,gothenborg,1
57.70706,11.6593,0,180,204,3,FISKE PLATS,DK,47,0,STELLA NOVA,2,156348,9,25,5,0,43,1,2016-12-14T23:09:05.000Z,gothenborg,2016-12-14T00:00:00.000Z,50,Fishing,gothenborg,1
57.70707,11.65927,0,332,204,2,FISKE PLATS,DK,47,0,STELLA NOVA,2,156348,9,25,5,0,43,1,2016-12-14T23:11:05.000Z,gothenborg,2016-12-14T00:00:00.000Z,50,Fishing,gothenborg,1
57.70707,11.65927,0,332,204,4,FISKE PLATS,DK,47,0,STELLA NOVA,2,156348,9,25,5,0,43,1,2016-12-14T23:13:05.000Z,gothenborg,2016-12-14T00:00:00.000Z,50,Fishing,gothenborg,1
57.70705,11.65925,0,51,204,2,FISKE PLATS,DK,47,0,STELLA NOVA,2,156348,9,25,5,0,43,1,2016-12-14T23:15:06.000Z,gothenborg,2016-12-14T00:00:00.000Z,50,Fishing,gothenborg,1
57.70705,11.65925,0,51,204,4,FISKE PLATS,DK,47,0,STELLA NOVA,2,156348,9,25,5,0,43,1,2016-12-14T23:17:05.000Z,gothenborg,2016-12-14T00:00:00.000Z,50,Fishing,gothenborg,1
57.70705,11.65925,0,51,204,6,FISKE PLATS,DK,47,0,STELLA NOVA,2,156348,9,25,5,0,43,1,2016-12-14T23:19:05.000Z,gothenborg,2016-12-14T00:00:00.000Z,50,Fishing,gothenborg,1
57.70708,11.65927,0,19,205,3,FISKE PLATS,DK,47,0,STELLA NOVA,2,156348,9,25,5,0,43,1,2016-12-14T23:21:05.000Z,gothenborg,2016-12-14T00:00:00.000Z,50,Fishing,gothenborg,1
57.70708,11.65927,0,19,205,5,FISKE PLATS,DK,47,0,STELLA NOVA,2,156348,9,25,5,0,43,1,2016-12-14T23:23:05.000Z,gothenborg,2016-12-14T00:00:00.000Z,50,Fishing,gothenborg,1
57.70708,11.65929,0,343,205,2,FISKE PLATS,DK,47,0,STELLA NOVA,2,156348,9,25,5,0,43,1,2016-12-14T23:25:05.000Z,gothenborg,2016-12-14T00:00:00.000Z,50,Fishing,gothenborg,1
57.70708,11.65929,0,343,205,5,FISKE PLATS,DK,47,0,STELLA NOVA,2,156348,9,25,5,0,43,1,2016-12-14T23:27:05.000Z,gothenborg,2016-12-14T00:00:00.000Z,50,Fishing,gothenborg,1
57.70707,11.65925,0,358,206,3,FISKE PLATS,DK,47,0,STELLA NOVA,2,156348,9,25,5,0,43,1,2016-12-14T23:29:05.000Z,gothenborg,2016-12-14T00:00:00.000Z,50,Fishing,gothenborg,1
57.70709,11.65926,0,345,205,1,FISKE PLATS,DK,47,0,STELLA NOVA,2,156348,9,25,5,0,43,1,2016-12-14T23:31:05.000Z,gothenborg,2016-12-14T00:00:00.000Z,50,Fishing,gothenborg,1
57.70709,11.65926,0,345,205,4,FISKE PLATS,DK,47,0,STELLA NOVA,2,156348,9,25,5,0,43,1,2016-12-14T23:33:06.000Z,gothenborg,2016-12-14T00:00:00.000Z,50,Fishing,gothenborg,1
57.70709,11.65926,0,340,206,3,FISKE PLATS,DK,47,0,STELLA NOVA,2,156348,9,25,5,0,43,1,2016-12-14T23:35:05.000Z,gothenborg,2016-12-14T00:00:00.000Z,50,Fishing,gothenborg,1
57.70707,11.65927,0,325,206,2,FISKE PLATS,DK,47,0,STELLA NOVA,2,156348,9,25,5,0,43,1,2016-12-14T23:37:06.000Z,gothenborg,2016-12-14T00:00:00.000Z,50,Fishing,gothenborg,1
57.70707,11.65927,0,325,206,4,FISKE PLATS,DK,47,0,STELLA NOVA,2,156348,9,25,5,0,43,1,2016-12-14T23:39:05.000Z,gothenborg,2016-12-14T00:00:00.000Z,50,Fishing,gothenborg,1
57.70707,11.65927,0,340,206,3,FISKE PLATS,DK,47,0,STELLA NOVA,2,156348,9,25,5,0,43,1,2016-12-14T23:41:05.000Z,gothenborg,2016-12-14T00:00:00.000Z,50,Fishing,gothenborg,1
57.70707,11.65927,0,340,206,4,FISKE PLATS,DK,47,0,STELLA NOVA,2,156348,9,25,5,0,43,1,2016-12-14T23:43:05.000Z,gothenborg,2016-12-14T00:00:00.000Z,50,Fishing,gothenborg,1
57.70708,11.65927,0,353,206,4,FISKE PLATS,DK,47,0,STELLA NOVA,2,156348,9,25,5,0,43,1,2016-12-14T23:45:05.000Z,gothenborg,2016-12-14T00:00:00.000Z,50,Fishing,gothenborg,1
57.70705,11.65928,0,55,207,2,FISKE PLATS,DK,47,0,STELLA NOVA,2,156348,9,25,5,0,43,1,2016-12-14T23:47:05.000Z,gothenborg,2016-12-14T00:00:00.000Z,50,Fishing,gothenborg,1
57.70705,11.65928,0,55,207,4,FISKE PLATS,DK,47,0,STELLA NOVA,2,156348,9,25,5,0,43,1,2016-12-14T23:49:06.000Z,gothenborg,2016-12-14T00:00:00.000Z,50,Fishing,gothenborg,1
57.70707,11.65929,0,19,206,2,FISKE PLATS,DK,47,0,STELLA NOVA,2,156348,9,25,5,0,43,1,2016-12-14T23:51:05.000Z,gothenborg,2016-12-14T00:00:00.000Z,50,Fishing,gothenborg,1
57.70707,11.65929,0,19,206,3,FISKE PLATS,DK,47,0,STELLA NOVA,2,156348,9,25,5,0,43,1,2016-12-14T23:53:05.000Z,gothenborg,2016-12-14T00:00:00.000Z,50,Fishing,gothenborg,1
57.70706,11.65926,0,332,206,2,FISKE PLATS,DK,47,0,STELLA NOVA,2,156348,9,25,5,0,43,1,2016-12-14T23:55:05.000Z,gothenborg,2016-12-14T00:00:00.000Z,50,Fishing,gothenborg,1
57.70706,11.65926,0,332,206,4,FISKE PLATS,DK,47,0,STELLA NOVA,2,156348,9,25,5,0,43,1,2016-12-14T23:57:06.000Z,gothenborg,2016-12-14T00:00:00.000Z,50,Fishing,gothenborg,1
57.70707,11.65926,0,335,205,2,FISKE PLATS,DK,47,0,STELLA NOVA,2,156348,9,25,5,0,43,1,2016-12-14T23:59:05.000Z,gothenborg,2016-12-14T00:00:00.000Z,50,Fishing,gothenborg,1
57.70707,11.65926,0,335,205,4,FISKE PLATS,DK,47,0,STELLA NOVA,2,156348,9,25,5,0,43,1,2016-12-15T00:01:14.000Z,gothenborg,2016-12-15T00:00:00.000Z,50,Fishing,gothenborg,1
57.70707,11.65926,0,335,205,4,FISKE PLATS,DK,47,0,STELLA NOVA,2,156348,9,25,5,0,43,1,2016-12-15T00:03:05.000Z,gothenborg,2016-12-15T00:00:00.000Z,50,Fishing,gothenborg,1
57.70704,11.65927,0,309,205,4,FISKE PLATS,DK,47,0,STELLA NOVA,2,156348,9,25,5,0,43,1,2016-12-15T00:05:05.000Z,gothenborg,2016-12-15T00:00:00.000Z,50,Fishing,gothenborg,1
57.70701,11.65929,0,342,206,3,FISKE PLATS,DK,47,0,STELLA NOVA,2,156348,9,25,5,0,43,1,2016-12-15T00:07:05.000Z,gothenborg,2016-12-15T00:00:00.000Z,50,Fishing,gothenborg,1
57.70701,11.65929,0,342,206,5,FISKE PLATS,DK,47,0,STELLA NOVA,2,156348,9,25,5,0,43,1,2016-12-15T00:09:06.000Z,gothenborg,2016-12-15T00:00:00.000Z,50,Fishing,gothenborg,1
57.70707,11.65929,0,338,205,3,FISKE PLATS,DK,47,0,STELLA NOVA,2,156348,9,25,5,0,43,1,2016-12-15T00:11:05.000Z,gothenborg,2016-12-15T00:00:00.000Z,50,Fishing,gothenborg,1
57.70704,11.65928,0,307,205,2,FISKE PLATS,DK,47,0,STELLA NOVA,2,156348,9,25,5,0,43,1,2016-12-15T00:13:06.000Z,gothenborg,2016-12-15T00:00:00.000Z,50,Fishing,gothenborg,1
57.70704,11.65928,0,307,205,4,FISKE PLATS,DK,47,0,STELLA NOVA,2,156348,9,25,5,0,43,1,2016-12-15T00:15:06.000Z,gothenborg,2016-12-15T00:00:00.000Z,50,Fishing,gothenborg,1
57.70707,11.65926,0,326,206,3,FISKE PLATS,DK,47,0,STELLA NOVA,2,156348,9,25,5,0,43,1,2016-12-15T00:17:05.000Z,gothenborg,2016-12-15T00:00:00.000Z,50,Fishing,gothenborg,1
57.70707,11.65926,0,326,206,5,FISKE PLATS,DK,47,0,STELLA NOVA,2,156348,9,25,5,0,43,1,2016-12-15T00:19:05.000Z,gothenborg,2016-12-15T00:00:00.000Z,50,Fishing,gothenborg,1
57.70705,11.65926,0,275,205,3,FISKE PLATS,DK,47,0,STELLA NOVA,2,156348,9,25,5,0,43,1,2016-12-15T00:21:06.000Z,gothenborg,2016-12-15T00:00:00.000Z,50,Fishing,gothenborg,1
57.70707,11.65924,0,292,206,2,FISKE PLATS,DK,47,0,STELLA NOVA,2,156348,9,25,5,0,43,1,2016-12-15T00:23:05.000Z,gothenborg,2016-12-15T00:00:00.000Z,50,Fishing,gothenborg,1
57.70707,11.65924,0,292,206,4,FISKE PLATS,DK,47,0,STELLA NOVA,2,156348,9,25,5,0,43,1,2016-12-15T00:25:06.000Z,gothenborg,2016-12-15T00:00:00.000Z,50,Fishing,gothenborg,1
57.70708,11.65926,0,229,205,2,FISKE PLATS,DK,47,0,STELLA NOVA,2,156348,9,25,5,0,43,1,2016-12-15T00:27:05.000Z,gothenborg,2016-12-15T00:00:00.000Z,50,Fishing,gothenborg,1
57.70708,11.65926,0,229,205,4,FISKE PLATS,DK,47,0,STELLA NOVA,2,156348,9,25,5,0,43,1,2016-12-15T00:29:05.000Z,gothenborg,2016-12-15T00:00:00.000Z,50,Fishing,gothenborg,1
57.70708,11.65926,0,229,205,6,FISKE PLATS,DK,47,0,STELLA NOVA,2,156348,9,25,5,0,43,1,2016-12-15T00:31:05.000Z,gothenborg,2016-12-15T00:00:00.000Z,50,Fishing,gothenborg,1
57.70705,11.65929,0,208,205,2,FISKE PLATS,DK,47,0,STELLA NOVA,2,156348,9,25,5,0,43,1,2016-12-15T00:33:06.000Z,gothenborg,2016-12-15T00:00:00.000Z,50,Fishing,gothenborg,1
57.70705,11.65929,0,208,205,5,FISKE PLATS,DK,47,0,STELLA NOVA,2,156348,9,25,5,0,43,1,2016-12-15T00:35:06.000Z,gothenborg,2016-12-15T00:00:00.000Z,50,Fishing,gothenborg,1
57.70709,11.65928,0,247,205,3,FISKE PLATS,DK,47,0,STELLA NOVA,2,156348,9,25,5,0,43,1,2016-12-15T00:37:05.000Z,gothenborg,2016-12-15T00:00:00.000Z,50,Fishing,gothenborg,1
57.70709,11.65928,0,247,205,5,FISKE PLATS,DK,47,0,STELLA NOVA,2,156348,9,25,5,0,43,1,2016-12-15T00:39:05.000Z,gothenborg,2016-12-15T00:00:00.000Z,50,Fishing,gothenborg,1
57.70707,11.65927,0,304,205,3,FISKE PLATS,DK,47,0,STELLA NOVA,2,156348,9,25,5,0,43,1,2016-12-15T00:41:06.000Z,gothenborg,2016-12-15T00:00:00.000Z,50,Fishing,gothenborg,1
57.70707,11.65927,0,304,205,5,FISKE PLATS,DK,47,0,STELLA NOVA,2,156348,9,25,5,0,43,1,2016-12-15T00:43:06.000Z,gothenborg,2016-12-15T00:00:00.000Z,50,Fishing,gothenborg,1
57.70707,11.65927,0,304,205,5,FISKE PLATS,DK,47,0,STELLA NOVA,2,156348,9,25,5,0,43,1,2016-12-15T00:45:05.000Z,gothenborg,2016-12-15T00:00:00.000Z,50,Fishing,gothenborg,1
57.70707,11.65926,0,268,205,2,FISKE PLATS,DK,47,0,STELLA NOVA,2,156348,9,25,5,0,43,1,2016-12-15T00:47:06.000Z,gothenborg,2016-12-15T00:00:00.000Z,50,Fishing,gothenborg,1
57.70707,11.65926,0,268,205,2,FISKE PLATS,DK,47,0,STELLA NOVA,2,156348,9,25,5,0,43,1,2016-12-15T00:49:05.000Z,gothenborg,2016-12-15T00:00:00.000Z,50,Fishing,gothenborg,1
57.70705,11.65928,0,301,205,3,FISKE PLATS,DK,47,0,STELLA NOVA,2,156348,9,25,5,0,43,1,2016-12-15T00:51:05.000Z,gothenborg,2016-12-15T00:00:00.000Z,50,Fishing,gothenborg,1
57.70706,11.65927,0,223,205,2,FISKE PLATS,DK,47,0,STELLA NOVA,2,156348,9,25,5,0,43,1,2016-12-15T00:53:05.000Z,gothenborg,2016-12-15T00:00:00.000Z,50,Fishing,gothenborg,1
57.70706,11.65927,0,223,205,4,FISKE PLATS,DK,47,0,STELLA NOVA,2,156348,9,25,5,0,43,1,2016-12-15T00:55:05.000Z,gothenborg,2016-12-15T00:00:00.000Z,50,Fishing,gothenborg,1
57.70705,11.65928,0,232,206,2,FISKE PLATS,DK,47,0,STELLA NOVA,2,156348,9,25,5,0,43,1,2016-12-15T00:57:05.000Z,gothenborg,2016-12-15T00:00:00.000Z,50,Fishing,gothenborg,1
57.70705,11.65928,0,232,206,4,FISKE PLATS,DK,47,0,STELLA NOVA,2,156348,9,25,5,0,43,1,2016-12-15T00:59:05.000Z,gothenborg,2016-12-15T00:00:00.000Z,50,Fishing,gothenborg,1
57.70708,11.65929,0,260,206,2,FISKE PLATS,DK,47,0,STELLA NOVA,2,156348,9,25,5,0,43,1,2016-12-15T01:01:06.000Z,gothenborg,2016-12-15T00:00:00.000Z,50,Fishing,gothenborg,1
57.70708,11.65929,0,260,206,4,FISKE PLATS,DK,47,0,STELLA NOVA,2,156348,9,25,5,0,43,1,2016-12-15T01:03:06.000Z,gothenborg,2016-12-15T00:00:00.000Z,50,Fishing,gothenborg,1
57.70706,11.65928,0,267,206,2,FISKE PLATS,DK,47,0,STELLA NOVA,2,156348,9,25,5,0,43,1,2016-12-15T01:05:05.000Z,gothenborg,2016-12-15T00:00:00.000Z,50,Fishing,gothenborg,1
57.70706,11.65928,0,267,206,4,FISKE PLATS,DK,47,0,STELLA NOVA,2,156348,9,25,5,0,43,1,2016-12-15T01:07:06.000Z,gothenborg,2016-12-15T00:00:00.000Z,50,Fishing,gothenborg,1
57.70707,11.65929,0,265,206,2,FISKE PLATS,DK,47,0,STELLA NOVA,2,156348,9,25,5,0,43,1,2016-12-15T01:09:05.000Z,gothenborg,2016-12-15T00:00:00.000Z,50,Fishing,gothenborg,1
57.70707,11.65929,0,265,206,4,FISKE PLATS,DK,47,0,STELLA NOVA,2,156348,9,25,5,0,43,1,2016-12-15T01:11:05.000Z,gothenborg,2016-12-15T00:00:00.000Z,50,Fishing,gothenborg,1
57.70707,11.65929,0,265,206,6,FISKE PLATS,DK,47,0,STELLA NOVA,2,156348,9,25,5,0,43,1,2016-12-15T01:13:05.000Z,gothenborg,2016-12-15T00:00:00.000Z,50,Fishing,gothenborg,1
57.70708,11.6593,0,270,205,4,FISKE PLATS,DK,47,0,STELLA NOVA,2,156348,9,25,5,0,43,1,2016-12-15T01:15:06.000Z,gothenborg,2016-12-15T00:00:00.000Z,50,Fishing,gothenborg,1
57.70705,11.65926,0,254,206,3,FISKE PLATS,DK,47,0,STELLA NOVA,2,156348,9,25,5,0,43,1,2016-12-15T01:17:06.000Z,gothenborg,2016-12-15T00:00:00.000Z,50,Fishing,gothenborg,1
57.70707,11.65926,0,243,206,2,FISKE PLATS,DK,47,0,STELLA NOVA,2,156348,9,25,5,0,43,1,2016-12-15T01:19:05.000Z,gothenborg,2016-12-15T00:00:00.000Z,50,Fishing,gothenborg,1
57.70707,11.65926,0,243,206,4,FISKE PLATS,DK,47,0,STELLA NOVA,2,156348,9,25,5,0,43,1,2016-12-15T01:21:05.000Z,gothenborg,2016-12-15T00:00:00.000Z,50,Fishing,gothenborg,1
57.70706,11.65929,0,254,205,2,FISKE PLATS,DK,47,0,STELLA NOVA,2,156348,9,25,5,0,43,1,2016-12-15T01:23:05.000Z,gothenborg,2016-12-15T00:00:00.000Z,50,Fishing,gothenborg,1
57.70706,11.65929,0,254,205,4,FISKE PLATS,DK,47,0,STELLA NOVA,2,156348,9,25,5,0,43,1,2016-12-15T01:25:05.000Z,gothenborg,2016-12-15T00:00:00.000Z,50,Fishing,gothenborg,1
57.70706,11.65928,0,11,205,2,FISKE PLATS,DK,47,0,STELLA NOVA,2,156348,9,25,5,0,43,1,2016-12-15T01:27:05.000Z,gothenborg,2016-12-15T00:00:00.000Z,50,Fishing,gothenborg,1
57.70706,11.65928,0,11,205,4,FISKE PLATS,DK,47,0,STELLA NOVA,2,156348,9,25,5,0,43,1,2016-12-15T01:29:05.000Z,gothenborg,2016-12-15T00:00:00.000Z,50,Fishing,gothenborg,1
57.70706,11.65928,0,236,205,2,FISKE PLATS,DK,47,0,STELLA NOVA,2,156348,9,25,5,0,43,1,2016-12-15T01:31:06.000Z,gothenborg,2016-12-15T00:00:00.000Z,50,Fishing,gothenborg,1
57.70706,11.65928,0,236,205,4,FISKE PLATS,DK,47,0,STELLA NOVA,2,156348,9,25,5,0,43,1,2016-12-15T01:33:06.000Z,gothenborg,2016-12-15T00:00:00.000Z,50,Fishing,gothenborg,1
57.70707,11.65928,0,252,205,2,FISKE PLATS,DK,47,0,STELLA NOVA,2,156348,9,25,5,0,43,1,2016-12-15T01:35:05.000Z,gothenborg,2016-12-15T00:00:00.000Z,50,Fishing,gothenborg,1
57.70707,11.65928,0,252,205,4,FISKE PLATS,DK,47,0,STELLA NOVA,2,156348,9,25,5,0,43,1,2016-12-15T01:37:05.000Z,gothenborg,2016-12-15T00:00:00.000Z,50,Fishing,gothenborg,1
57.70707,11.6593,0,315,205,2,FISKE PLATS,DK,47,0,STELLA NOVA,2,156348,9,25,5,0,43,1,2016-12-15T01:39:05.000Z,gothenborg,2016-12-15T00:00:00.000Z,50,Fishing,gothenborg,1
57.70707,11.6593,0,315,205,4,FISKE PLATS,DK,47,0,STELLA NOVA,2,156348,9,25,5,0,43,1,2016-12-15T01:41:05.000Z,gothenborg,2016-12-15T00:00:00.000Z,50,Fishing,gothenborg,1
57.70707,11.65931,0,174,205,2,FISKE PLATS,DK,47,0,STELLA NOVA,2,156348,9,25,5,0,43,1,2016-12-15T01:43:05.000Z,gothenborg,2016-12-15T00:00:00.000Z,50,Fishing,gothenborg,1
57.70707,11.65931,0,174,205,4,FISKE PLATS,DK,47,0,STELLA NOVA,2,156348,9,25,5,0,43,1,2016-12-15T01:45:05.000Z,gothenborg,2016-12-15T00:00:00.000Z,50,Fishing,gothenborg,1
57.70704,11.65928,0,241,205,2,FISKE PLATS,DK,47,0,STELLA NOVA,2,156348,9,25,5,0,43,1,2016-12-15T01:47:05.000Z,gothenborg,2016-12-15T00:00:00.000Z,50,Fishing,gothenborg,1
57.70704,11.65928,0,241,205,4,FISKE PLATS,DK,47,0,STELLA NOVA,2,156348,9,25,5,0,43,1,2016-12-15T01:49:05.000Z,gothenborg,2016-12-15T00:00:00.000Z,50,Fishing,gothenborg,1
57.70706,11.65928,0,223,205,2,FISKE PLATS,DK,47,0,STELLA NOVA,2,156348,9,25,5,0,43,1,2016-12-15T01:51:05.000Z,gothenborg,2016-12-15T00:00:00.000Z,50,Fishing,gothenborg,1
57.70706,11.65928,0,223,205,4,FISKE PLATS,DK,47,0,STELLA NOVA,2,156348,9,25,5,0,43,1,2016-12-15T01:53:05.000Z,gothenborg,2016-12-15T00:00:00.000Z,50,Fishing,gothenborg,1
57.70707,11.65929,0,57,205,2,FISKE PLATS,DK,47,0,STELLA NOVA,2,156348,9,25,5,0,43,1,2016-12-15T01:55:06.000Z,gothenborg,2016-12-15T00:00:00.000Z,50,Fishing,gothenborg,1
57.70706,11.65929,0,119,205,2,FISKE PLATS,DK,47,0,STELLA NOVA,2,156348,9,25,5,0,43,1,2016-12-15T01:57:05.000Z,gothenborg,2016-12-15T00:00:00.000Z,50,Fishing,gothenborg,1
57.70706,11.65929,0,119,205,4,FISKE PLATS,DK,47,0,STELLA NOVA,2,156348,9,25,5,0,43,1,2016-12-15T01:59:05.000Z,gothenborg,2016-12-15T00:00:00.000Z,50,Fishing,gothenborg,1
57.70706,11.65927,0,100,205,2,FISKE PLATS,DK,47,0,STELLA NOVA,2,156348,9,25,5,0,43,1,2016-12-15T02:01:05.000Z,gothenborg,2016-12-15T00:00:00.000Z,50,Fishing,gothenborg,1
57.70706,11.65927,0,100,205,3,FISKE PLATS,DK,47,0,STELLA NOVA,2,156348,9,25,5,0,43,1,2016-12-15T02:03:05.000Z,gothenborg,2016-12-15T00:00:00.000Z,50,Fishing,gothenborg,1
57.70708,11.6593,0,353,205,3,FISKE PLATS,DK,47,0,STELLA NOVA,2,156348,9,25,5,0,43,1,2016-12-15T02:05:05.000Z,gothenborg,2016-12-15T00:00:00.000Z,50,Fishing,gothenborg,1
57.70707,11.65928,0,38,206,2,FISKE PLATS,DK,47,0,STELLA NOVA,2,156348,9,25,5,0,43,1,2016-12-15T02:07:06.000Z,gothenborg,2016-12-15T00:00:00.000Z,50,Fishing,gothenborg,1
57.70707,11.65928,0,38,206,4,FISKE PLATS,DK,47,0,STELLA NOVA,2,156348,9,25,5,0,43,1,2016-12-15T02:09:07.000Z,gothenborg,2016-12-15T00:00:00.000Z,50,Fishing,gothenborg,1
57.70709,11.6593,0,203,205,2,FISKE PLATS,DK,47,0,STELLA NOVA,2,156348,9,25,5,0,43,1,2016-12-15T02:11:05.000Z,gothenborg,2016-12-15T00:00:00.000Z,50,Fishing,gothenborg,1
57.70709,11.6593,0,203,205,4,FISKE PLATS,DK,47,0,STELLA NOVA,2,156348,9,25,5,0,43,1,2016-12-15T02:13:05.000Z,gothenborg,2016-12-15T00:00:00.000Z,50,Fishing,gothenborg,1
57.70707,11.65926,0,318,205,3,FISKE PLATS,DK,47,0,STELLA NOVA,2,156348,9,25,5,0,43,1,2016-12-15T02:15:05.000Z,gothenborg,2016-12-15T00:00:00.000Z,50,Fishing,gothenborg,1
57.70707,11.65926,0,318,205,5,FISKE PLATS,DK,47,0,STELLA NOVA,2,156348,9,25,5,0,43,1,2016-12-15T02:17:05.000Z,gothenborg,2016-12-15T00:00:00.000Z,50,Fishing,gothenborg,1
57.70707,11.65929,0,272,205,3,FISKE PLATS,DK,47,0,STELLA NOVA,2,156348,9,25,5,0,43,1,2016-12-15T02:19:06.000Z,gothenborg,2016-12-15T00:00:00.000Z,50,Fishing,gothenborg,1
57.70707,11.65929,0,272,205,5,FISKE PLATS,DK,47,0,STELLA NOVA,2,156348,9,25,5,0,43,1,2016-12-15T02:21:06.000Z,gothenborg,2016-12-15T00:00:00.000Z,50,Fishing,gothenborg,1
57.70706,11.6593,0,300,206,3,FISKE PLATS,DK,47,0,STELLA NOVA,2,156348,9,25,5,0,43,1,2016-12-15T02:23:05.000Z,gothenborg,2016-12-15T00:00:00.000Z,50,Fishing,gothenborg,1
57.70706,11.6593,0,300,206,5,FISKE PLATS,DK,47,0,STELLA NOVA,2,156348,9,25,5,0,43,1,2016-12-15T02:25:05.000Z,gothenborg,2016-12-15T00:00:00.000Z,50,Fishing,gothenborg,1
57.70707,11.65928,0,275,206,3,FISKE PLATS,DK,47,0,STELLA NOVA,2,156348,9,25,5,0,43,1,2016-12-15T02:27:05.000Z,gothenborg,2016-12-15T00:00:00.000Z,50,Fishing,gothenborg,1
57.70707,11.65928,0,275,206,5,FISKE PLATS,DK,47,0,STELLA NOVA,2,156348,9,25,5,0,43,1,2016-12-15T02:29:05.000Z,gothenborg,2016-12-15T00:00:00.000Z,50,Fishing,gothenborg,1
57.70707,11.65928,0,302,206,2,FISKE PLATS,DK,47,0,STELLA NOVA,2,156348,9,25,5,0,43,1,2016-12-15T02:31:05.000Z,gothenborg,2016-12-15T00:00:00.000Z,50,Fishing,gothenborg,1
57.70707,11.65928,0,302,206,5,FISKE PLATS,DK,47,0,STELLA NOVA,2,156348,9,25,5,0,43,1,2016-12-15T02:33:05.000Z,gothenborg,2016-12-15T00:00:00.000Z,50,Fishing,gothenborg,1
57.70707,11.65928,0,222,206,3,FISKE PLATS,DK,47,0,STELLA NOVA,2,156348,9,25,5,0,43,1,2016-12-15T02:35:05.000Z,gothenborg,2016-12-15T00:00:00.000Z,50,Fishing,gothenborg,1
57.70707,11.65928,0,222,206,5,FISKE PLATS,DK,47,0,STELLA NOVA,2,156348,9,25,5,0,43,1,2016-12-15T02:37:05.000Z,gothenborg,2016-12-15T00:00:00.000Z,50,Fishing,gothenborg,1
57.70707,11.65926,0,276,205,2,FISKE PLATS,DK,47,0,STELLA NOVA,2,156348,9,25,5,0,43,1,2016-12-15T02:39:05.000Z,gothenborg,2016-12-15T00:00:00.000Z,50,Fishing,gothenborg,1
57.70707,11.65926,0,276,205,4,FISKE PLATS,DK,47,0,STELLA NOVA,2,156348,9,25,5,0,43,1,2016-12-15T02:41:05.000Z,gothenborg,2016-12-15T00:00:00.000Z,50,Fishing,gothenborg,1
57.7071,11.65926,0,281,206,2,FISKE PLATS,DK,47,0,STELLA NOVA,2,156348,9,25,5,0,43,1,2016-12-15T02:43:05.000Z,gothenborg,2016-12-15T00:00:00.000Z,50,Fishing,gothenborg,1
57.7071,11.65926,0,281,206,4,FISKE PLATS,DK,47,0,STELLA NOVA,2,156348,9,25,5,0,43,1,2016-12-15T02:45:05.000Z,gothenborg,2016-12-15T00:00:00.000Z,50,Fishing,gothenborg,1
57.70708,11.65924,0,307,205,2,FISKE PLATS,DK,47,0,STELLA NOVA,2,156348,9,25,5,0,43,1,2016-12-15T02:47:05.000Z,gothenborg,2016-12-15T00:00:00.000Z,50,Fishing,gothenborg,1
57.70708,11.65924,0,307,205,4,FISKE PLATS,DK,47,0,STELLA NOVA,2,156348,9,25,5,0,43,1,2016-12-15T02:49:06.000Z,gothenborg,2016-12-15T00:00:00.000Z,50,Fishing,gothenborg,1
57.70708,11.65924,0,307,205,4,FISKE PLATS,DK,47,0,STELLA NOVA,2,156348,9,25,5,0,43,1,2016-12-15T02:51:05.000Z,gothenborg,2016-12-15T00:00:00.000Z,50,Fishing,gothenborg,1
57.70705,11.65922,0,279,205,4,FISKE PLATS,DK,47,0,STELLA NOVA,2,156348,9,25,5,0,43,1,2016-12-15T02:53:05.000Z,gothenborg,2016-12-15T00:00:00.000Z,50,Fishing,gothenborg,1
57.70707,11.65928,0,199,205,2,FISKE PLATS,DK,47,0,STELLA NOVA,2,156348,9,25,5,0,43,1,2016-12-15T02:55:05.000Z,gothenborg,2016-12-15T00:00:00.000Z,50,Fishing,gothenborg,1
57.70707,11.65928,0,199,205,4,FISKE PLATS,DK,47,0,STELLA NOVA,2,156348,9,25,5,0,43,1,2016-12-15T02:57:06.000Z,gothenborg,2016-12-15T00:00:00.000Z,50,Fishing,gothenborg,1
57.70705,11.65926,0,260,206,3,FISKE PLATS,DK,47,0,STELLA NOVA,2,156348,9,25,5,0,43,1,2016-12-15T02:59:06.000Z,gothenborg,2016-12-15T00:00:00.000Z,50,Fishing,gothenborg,1
57.70708,11.65928,0,353,206,2,FISKE PLATS,DK,47,0,STELLA NOVA,2,156348,9,25,5,0,43,1,2016-12-15T03:01:05.000Z,gothenborg,2016-12-15T00:00:00.000Z,50,Fishing,gothenborg,1
57.70708,11.65928,0,353,206,4,FISKE PLATS,DK,47,0,STELLA NOVA,2,156348,9,25,5,0,43,1,2016-12-15T03:03:05.000Z,gothenborg,2016-12-15T00:00:00.000Z,50,Fishing,gothenborg,1
57.70706,11.65926,0,348,205,3,FISKE PLATS,DK,47,0,STELLA NOVA,2,156348,9,25,5,0,43,1,2016-12-15T03:05:05.000Z,gothenborg,2016-12-15T00:00:00.000Z,50,Fishing,gothenborg,1
57.70706,11.65926,0,348,205,5,FISKE PLATS,DK,47,0,STELLA NOVA,2,156348,9,25,5,0,43,1,2016-12-15T03:07:05.000Z,gothenborg,2016-12-15T00:00:00.000Z,50,Fishing,gothenborg,1
57.70707,11.65926,0,339,205,3,FISKE PLATS,DK,47,0,STELLA NOVA,2,156348,9,25,5,0,43,1,2016-12-15T03:09:05.000Z,gothenborg,2016-12-15T00:00:00.000Z,50,Fishing,gothenborg,1
57.70707,11.65926,0,339,205,5,FISKE PLATS,DK,47,0,STELLA NOVA,2,156348,9,25,5,0,43,1,2016-12-15T03:11:05.000Z,gothenborg,2016-12-15T00:00:00.000Z,50,Fishing,gothenborg,1
57.70705,11.65924,0,236,206,3,FISKE PLATS,DK,47,0,STELLA NOVA,2,156348,9,25,5,0,43,1,2016-12-15T03:13:05.000Z,gothenborg,2016-12-15T00:00:00.000Z,50,Fishing,gothenborg,1
57.70705,11.65924,0,236,206,5,FISKE PLATS,DK,47,0,STELLA NOVA,2,156348,9,25,5,0,43,1,2016-12-15T03:15:06.000Z,gothenborg,2016-12-15T00:00:00.000Z,50,Fishing,gothenborg,1
57.70705,11.65924,0,236,206,5,FISKE PLATS,DK,47,0,STELLA NOVA,2,156348,9,25,5,0,43,1,2016-12-15T03:17:05.000Z,gothenborg,2016-12-15T00:00:00.000Z,50,Fishing,gothenborg,1
57.70709,11.65922,0,220,205,5,FISKE PLATS,DK,47,0,STELLA NOVA,2,156348,9,25,5,0,43,1,2016-12-15T03:19:06.000Z,gothenborg,2016-12-15T00:00:00.000Z,50,Fishing,gothenborg,1
57.70706,11.65928,0,240,206,3,FISKE PLATS,DK,47,0,STELLA NOVA,2,156348,9,25,5,0,43,1,2016-12-15T03:21:05.000Z,gothenborg,2016-12-15T00:00:00.000Z,50,Fishing,gothenborg,1
57.70706,11.65928,0,240,206,5,FISKE PLATS,DK,47,0,STELLA NOVA,2,156348,9,25,5,0,43,1,2016-12-15T03:23:05.000Z,gothenborg,2016-12-15T00:00:00.000Z,50,Fishing,gothenborg,1
57.70705,11.65924,0,239,204,2,FISKE PLATS,DK,47,0,STELLA NOVA,2,156348,9,25,5,0,43,1,2016-12-15T03:25:05.000Z,gothenborg,2016-12-15T00:00:00.000Z,50,Fishing,gothenborg,1
57.70705,11.65924,0,239,204,5,FISKE PLATS,DK,47,0,STELLA NOVA,2,156348,9,25,5,0,43,1,2016-12-15T03:27:06.000Z,gothenborg,2016-12-15T00:00:00.000Z,50,Fishing,gothenborg,1
57.70706,11.65927,0,248,204,2,FISKE PLATS,DK,47,0,STELLA NOVA,2,156348,9,25,5,0,43,1,2016-12-15T03:29:05.000Z,gothenborg,2016-12-15T00:00:00.000Z,50,Fishing,gothenborg,1
57.70705,11.65928,0,230,204,2,FISKE PLATS,DK,47,0,STELLA NOVA,2,156348,9,25,5,0,43,1,2016-12-15T03:31:05.000Z,gothenborg,2016-12-15T00:00:00.000Z,50,Fishing,gothenborg,1
57.70705,11.65928,0,230,204,4,FISKE PLATS,DK,47,0,STELLA NOVA,2,156348,9,25,5,0,43,1,2016-12-15T03:33:06.000Z,gothenborg,2016-12-15T00:00:00.000Z,50,Fishing,gothenborg,1
57.70707,11.65927,0,205,205,3,FISKE PLATS,DK,47,0,STELLA NOVA,2,156348,9,25,5,0,43,1,2016-12-15T03:35:05.000Z,gothenborg,2016-12-15T00:00:00.000Z,50,Fishing,gothenborg,1
57.70705,11.65925,0,226,204,2,FISKE PLATS,DK,47,0,STELLA NOVA,2,156348,9,25,5,0,43,1,2016-12-15T03:37:05.000Z,gothenborg,2016-12-15T00:00:00.000Z,50,Fishing,gothenborg,1
57.70705,11.65925,0,226,204,4,FISKE PLATS,DK,47,0,STELLA NOVA,2,156348,9,25,5,0,43,1,2016-12-15T03:39:05.000Z,gothenborg,2016-12-15T00:00:00.000Z,50,Fishing,gothenborg,1
57.70707,11.65929,0,204,205,2,FISKE PLATS,DK,47,0,STELLA NOVA,2,156348,9,25,5,0,43,1,2016-12-15T03:41:05.000Z,gothenborg,2016-12-15T00:00:00.000Z,50,Fishing,gothenborg,1
57.70707,11.65929,0,204,205,4,FISKE PLATS,DK,47,0,STELLA NOVA,2,156348,9,25,5,0,43,1,2016-12-15T03:43:05.000Z,gothenborg,2016-12-15T00:00:00.000Z,50,Fishing,gothenborg,1
57.70706,11.65926,0,236,204,3,FISKE PLATS,DK,47,0,STELLA NOVA,2,156348,9,25,5,0,43,1,2016-12-15T03:45:05.000Z,gothenborg,2016-12-15T00:00:00.000Z,50,Fishing,gothenborg,1
57.70705,11.65925,0,255,205,2,FISKE PLATS,DK,47,0,STELLA NOVA,2,156348,9,25,5,0,43,1,2016-12-15T03:47:05.000Z,gothenborg,2016-12-15T00:00:00.000Z,50,Fishing,gothenborg,1
57.70705,11.65925,0,255,205,4,FISKE PLATS,DK,47,0,STELLA NOVA,2,156348,9,25,5,0,43,1,2016-12-15T03:49:05.000Z,gothenborg,2016-12-15T00:00:00.000Z,50,Fishing,gothenborg,1
57.70705,11.65928,0,265,205,2,FISKE PLATS,DK,47,0,STELLA NOVA,2,156348,9,25,5,0,43,1,2016-12-15T03:51:05.000Z,gothenborg,2016-12-15T00:00:00.000Z,50,Fishing,gothenborg,1
57.70705,11.65928,0,265,205,4,FISKE PLATS,DK,47,0,STELLA NOVA,2,156348,9,25,5,0,43,1,2016-12-15T03:53:05.000Z,gothenborg,2016-12-15T00:00:00.000Z,50,Fishing,gothenborg,1
57.70705,11.65926,0,279,205,3,FISKE PLATS,DK,47,0,STELLA NOVA,2,156348,9,25,5,0,43,1,2016-12-15T03:55:05.000Z,gothenborg,2016-12-15T00:00:00.000Z,50,Fishing,gothenborg,1
57.70705,11.65924,0,271,205,2,FISKE PLATS,DK,47,0,STELLA NOVA,2,156348,9,25,5,0,43,1,2016-12-15T03:57:06.000Z,gothenborg,2016-12-15T00:00:00.000Z,50,Fishing,gothenborg,1
57.70705,11.65924,0,271,205,4,FISKE PLATS,DK,47,0,STELLA NOVA,2,156348,9,25,5,0,43,1,2016-12-15T03:59:05.000Z,gothenborg,2016-12-15T00:00:00.000Z,50,Fishing,gothenborg,1
57.70704,11.65926,0,290,205,2,FISKE PLATS,DK,47,0,STELLA NOVA,2,156348,9,25,5,0,43,1,2016-12-15T04:01:05.000Z,gothenborg,2016-12-15T00:00:00.000Z,50,Fishing,gothenborg,1
57.70704,11.65926,0,290,205,4,FISKE PLATS,DK,47,0,STELLA NOVA,2,156348,9,25,5,0,43,1,2016-12-15T04:03:05.000Z,gothenborg,2016-12-15T00:00:00.000Z,50,Fishing,gothenborg,1
57.70705,11.65924,0,293,206,2,FISKE PLATS,DK,47,0,STELLA NOVA,2,156348,9,25,5,0,43,1,2016-12-15T04:05:06.000Z,gothenborg,2016-12-15T00:00:00.000Z,50,Fishing,gothenborg,1
57.70705,11.65924,0,293,206,4,FISKE PLATS,DK,47,0,STELLA NOVA,2,156348,9,25,5,0,43,1,2016-12-15T04:07:05.000Z,gothenborg,2016-12-15T00:00:00.000Z,50,Fishing,gothenborg,1
57.70705,11.65928,0,196,206,2,FISKE PLATS,DK,47,0,STELLA NOVA,2,156348,9,25,5,0,43,1,2016-12-15T04:09:05.000Z,gothenborg,2016-12-15T00:00:00.000Z,50,Fishing,gothenborg,1
57.70705,11.65928,0,196,206,4,FISKE PLATS,DK,47,0,STELLA NOVA,2,156348,9,25,5,0,43,1,2016-12-15T04:11:05.000Z,gothenborg,2016-12-15T00:00:00.000Z,50,Fishing,gothenborg,1
57.70705,11.65928,0,196,206,6,FISKE PLATS,DK,47,0,STELLA NOVA,2,156348,9,25,5,0,43,1,2016-12-15T04:13:05.000Z,gothenborg,2016-12-15T00:00:00.000Z,50,Fishing,gothenborg,1
57.70705,11.65929,0,236,206,2,FISKE PLATS,DK,47,0,STELLA NOVA,2,156348,9,25,5,0,43,1,2016-12-15T04:15:05.000Z,gothenborg,2016-12-15T00:00:00.000Z,50,Fishing,gothenborg,1
57.70705,11.65926,0,316,206,2,FISKE PLATS,DK,47,0,STELLA NOVA,2,156348,9,25,5,0,43,1,2016-12-15T04:17:05.000Z,gothenborg,2016-12-15T00:00:00.000Z,50,Fishing,gothenborg,1
57.70705,11.65926,0,316,206,4,FISKE PLATS,DK,47,0,STELLA NOVA,2,156348,9,25,5,0,43,1,2016-12-15T04:19:05.000Z,gothenborg,2016-12-15T00:00:00.000Z,50,Fishing,gothenborg,1
57.70705,11.65925,0,172,205,2,FISKE PLATS,DK,47,0,STELLA NOVA,2,156348,9,25,5,0,43,1,2016-12-15T04:21:05.000Z,gothenborg,2016-12-15T00:00:00.000Z,50,Fishing,gothenborg,1
57.70705,11.65925,0,172,205,4,FISKE PLATS,DK,47,0,STELLA NOVA,2,156348,9,25,5,0,43,1,2016-12-15T04:23:06.000Z,gothenborg,2016-12-15T00:00:00.000Z,50,Fishing,gothenborg,1
57.70705,11.65929,0,162,205,3,FISKE PLATS,DK,47,0,STELLA NOVA,2,156348,9,25,5,0,43,1,2016-12-15T04:25:06.000Z,gothenborg,2016-12-15T00:00:00.000Z,50,Fishing,gothenborg,1
57.70705,11.65929,0,162,205,3,FISKE PLATS,DK,47,0,STELLA NOVA,2,156348,9,25,5,0,43,1,2016-12-15T04:27:05.000Z,gothenborg,2016-12-15T00:00:00.000Z,50,Fishing,gothenborg,1
57.70705,11.65925,0,209,206,3,FISKE PLATS,DK,47,0,STELLA NOVA,2,156348,9,25,5,0,43,1,2016-12-15T04:29:06.000Z,gothenborg,2016-12-15T00:00:00.000Z,50,Fishing,gothenborg,1
57.70705,11.65925,0,209,206,5,FISKE PLATS,DK,47,0,STELLA NOVA,2,156348,9,25,5,0,43,1,2016-12-15T04:31:06.000Z,gothenborg,2016-12-15T00:00:00.000Z,50,Fishing,gothenborg,1
57.70705,11.65928,0,264,207,3,FISKE PLATS,DK,47,0,STELLA NOVA,2,156348,9,25,5,0,43,1,2016-12-15T04:33:06.000Z,gothenborg,2016-12-15T00:00:00.000Z,50,Fishing,gothenborg,1
57.70705,11.65928,0,264,207,5,FISKE PLATS,DK,47,0,STELLA NOVA,2,156348,9,25,5,0,43,1,2016-12-15T04:35:05.000Z,gothenborg,2016-12-15T00:00:00.000Z,50,Fishing,gothenborg,1
57.70706,11.65929,0,44,206,3,FISKE PLATS,DK,47,0,STELLA NOVA,2,156348,9,25,5,0,43,1,2016-12-15T04:37:06.000Z,gothenborg,2016-12-15T00:00:00.000Z,50,Fishing,gothenborg,1
57.70706,11.65929,0,44,206,5,FISKE PLATS,DK,47,0,STELLA NOVA,2,156348,9,25,5,0,43,1,2016-12-15T04:39:05.000Z,gothenborg,2016-12-15T00:00:00.000Z,50,Fishing,gothenborg,1
57.70705,11.65927,0,63,206,2,FISKE PLATS,DK,47,0,STELLA NOVA,2,156348,9,25,5,0,43,1,2016-12-15T04:41:05.000Z,gothenborg,2016-12-15T00:00:00.000Z,50,Fishing,gothenborg,1
57.70705,11.65927,0,63,206,4,FISKE PLATS,DK,47,0,STELLA NOVA,2,156348,9,25,5,0,43,1,2016-12-15T04:43:05.000Z,gothenborg,2016-12-15T00:00:00.000Z,50,Fishing,gothenborg,1
57.70706,11.65927,0,274,206,2,FISKE PLATS,DK,47,0,STELLA NOVA,2,156348,9,25,5,0,43,1,2016-12-15T04:45:05.000Z,gothenborg,2016-12-15T00:00:00.000Z,50,Fishing,gothenborg,1
57.70705,11.65926,0,306,206,2,FISKE PLATS,DK,47,0,STELLA NOVA,2,156348,9,25,5,0,43,1,2016-12-15T04:47:05.000Z,gothenborg,2016-12-15T00:00:00.000Z,50,Fishing,gothenborg,1
57.70705,11.65926,0,306,206,4,FISKE PLATS,DK,47,0,STELLA NOVA,2,156348,9,25,5,0,43,1,2016-12-15T04:49:06.000Z,gothenborg,2016-12-15T00:00:00.000Z,50,Fishing,gothenborg,1
57.70705,11.65927,0,332,206,3,FISKE PLATS,DK,47,0,STELLA NOVA,2,156348,9,25,5,0,43,1,2016-12-15T04:51:06.000Z,gothenborg,2016-12-15T00:00:00.000Z,50,Fishing,gothenborg,1
57.70705,11.65927,0,332,206,5,FISKE PLATS,DK,47,0,STELLA NOVA,2,156348,9,25,5,0,43,1,2016-12-15T04:53:05.000Z,gothenborg,2016-12-15T00:00:00.000Z,50,Fishing,gothenborg,1
57.70704,11.65928,0,329,206,3,FISKE PLATS,DK,47,0,STELLA NOVA,2,156348,9,25,5,0,43,1,2016-12-15T04:55:05.000Z,gothenborg,2016-12-15T00:00:00.000Z,50,Fishing,gothenborg,1
57.70704,11.65928,0,329,206,5,FISKE PLATS,DK,47,0,STELLA NOVA,2,156348,9,25,5,0,43,1,2016-12-15T04:57:05.000Z,gothenborg,2016-12-15T00:00:00.000Z,50,Fishing,gothenborg,1
57.70707,11.65928,0,338,205,3,FISKE PLATS,DK,47,0,STELLA NOVA,2,156348,9,25,5,0,43,1,2016-12-15T04:59:05.000Z,gothenborg,2016-12-15T00:00:00.000Z,50,Fishing,gothenborg,1
57.70707,11.65928,0,338,205,5,FISKE PLATS,DK,47,0,STELLA NOVA,2,156348,9,25,5,0,43,1,2016-12-15T05:01:05.000Z,gothenborg,2016-12-15T00:00:00.000Z,50,Fishing,gothenborg,1
57.70705,11.65928,0,305,207,3,FISKE PLATS,DK,47,0,STELLA NOVA,2,156348,9,25,5,0,43,1,2016-12-15T05:03:05.000Z,gothenborg,2016-12-15T00:00:00.000Z,50,Fishing,gothenborg,1
57.70705,11.65928,0,305,207,5,FISKE PLATS,DK,47,0,STELLA NOVA,2,156348,9,25,5,0,43,1,2016-12-15T05:05:06.000Z,gothenborg,2016-12-15T00:00:00.000Z,50,Fishing,gothenborg,1
57.70705,11.65928,0,305,207,5,FISKE PLATS,DK,47,0,STELLA NOVA,2,156348,9,25,5,0,43,1,2016-12-15T05:07:05.000Z,gothenborg,2016-12-15T00:00:00.000Z,50,Fishing,gothenborg,1
57.70706,11.65928,0,289,207,5,FISKE PLATS,DK,47,0,STELLA NOVA,2,156348,9,25,5,0,43,1,2016-12-15T05:09:05.000Z,gothenborg,2016-12-15T00:00:00.000Z,50,Fishing,gothenborg,1
57.70706,11.65925,0,75,206,3,FISKE PLATS,DK,47,0,STELLA NOVA,2,156348,9,25,5,0,43,1,2016-12-15T05:11:05.000Z,gothenborg,2016-12-15T00:00:00.000Z,50,Fishing,gothenborg,1
57.70706,11.65925,0,75,206,5,FISKE PLATS,DK,47,0,STELLA NOVA,2,156348,9,25,5,0,43,1,2016-12-15T05:13:05.000Z,gothenborg,2016-12-15T00:00:00.000Z,50,Fishing,gothenborg,1
57.70707,11.65926,0,340,207,3,FISKE PLATS,DK,47,0,STELLA NOVA,2,156348,9,25,5,0,43,1,2016-12-15T05:15:05.000Z,gothenborg,2016-12-15T00:00:00.000Z,50,Fishing,gothenborg,1
57.70706,11.65927,0,257,207,2,FISKE PLATS,DK,47,0,STELLA NOVA,2,156348,9,25,5,0,43,1,2016-12-15T05:17:05.000Z,gothenborg,2016-12-15T00:00:00.000Z,50,Fishing,gothenborg,1
57.70706,11.65927,0,257,207,4,FISKE PLATS,DK,47,0,STELLA NOVA,2,156348,9,25,5,0,43,1,2016-12-15T05:19:05.000Z,gothenborg,2016-12-15T00:00:00.000Z,50,Fishing,gothenborg,1
57.70707,11.65928,0,342,206,3,FISKE PLATS,DK,47,0,STELLA NOVA,2,156348,9,25,5,0,43,1,2016-12-15T05:21:05.000Z,gothenborg,2016-12-15T00:00:00.000Z,50,Fishing,gothenborg,1
57.70707,11.65928,0,342,206,4,FISKE PLATS,DK,47,0,STELLA NOVA,2,156348,9,25,5,0,43,1,2016-12-15T05:23:06.000Z,gothenborg,2016-12-15T00:00:00.000Z,50,Fishing,gothenborg,1
57.70708,11.65929,0,246,205,3,FISKE PLATS,DK,47,0,STELLA NOVA,2,156348,9,25,5,0,43,1,2016-12-15T05:25:06.000Z,gothenborg,2016-12-15T00:00:00.000Z,50,Fishing,gothenborg,1
57.70708,11.65929,0,246,205,5,FISKE PLATS,DK,47,0,STELLA NOVA,2,156348,9,25,5,0,43,1,2016-12-15T05:27:05.000Z,gothenborg,2016-12-15T00:00:00.000Z,50,Fishing,gothenborg,1
57.70708,11.65927,0,13,205,3,FISKE PLATS,DK,47,0,STELLA NOVA,2,156348,9,25,5,0,43,1,2016-12-15T05:29:05.000Z,gothenborg,2016-12-15T00:00:00.000Z,50,Fishing,gothenborg,1
57.70708,11.65927,0,13,205,4,FISKE PLATS,DK,47,0,STELLA NOVA,2,156348,9,25,5,0,43,1,2016-12-15T05:31:05.000Z,gothenborg,2016-12-15T00:00:00.000Z,50,Fishing,gothenborg,1
57.70706,11.65929,0,86,206,3,FISKE PLATS,DK,47,0,STELLA NOVA,2,156348,9,25,5,0,43,1,2016-12-15T05:33:05.000Z,gothenborg,2016-12-15T00:00:00.000Z,50,Fishing,gothenborg,1
57.70706,11.65929,0,86,206,5,FISKE PLATS,DK,47,0,STELLA NOVA,2,156348,9,25,5,0,43,1,2016-12-15T05:35:05.000Z,gothenborg,2016-12-15T00:00:00.000Z,50,Fishing,gothenborg,1
57.70707,11.65927,0,358,205,3,FISKE PLATS,DK,47,0,STELLA NOVA,2,156348,9,25,5,0,43,1,2016-12-15T05:37:05.000Z,gothenborg,2016-12-15T00:00:00.000Z,50,Fishing,gothenborg,1
57.70707,11.65928,0,37,206,2,FISKE PLATS,DK,47,0,STELLA NOVA,2,156348,9,25,5,0,43,1,2016-12-15T05:39:06.000Z,gothenborg,2016-12-15T00:00:00.000Z,50,Fishing,gothenborg,1
57.70707,11.65928,0,37,206,4,FISKE PLATS,DK,47,0,STELLA NOVA,2,156348,9,25,5,0,43,1,2016-12-15T05:41:05.000Z,gothenborg,2016-12-15T00:00:00.000Z,50,Fishing,gothenborg,1
57.70707,11.65928,0,37,206,6,FISKE PLATS,DK,47,0,STELLA NOVA,2,156348,9,25,5,0,43,1,2016-12-15T05:43:05.000Z,gothenborg,2016-12-15T00:00:00.000Z,50,Fishing,gothenborg,1
57.70706,11.65928,0,63,205,2,FISKE PLATS,DK,47,0,STELLA NOVA,2,156348,9,25,5,0,43,1,2016-12-15T05:45:06.000Z,gothenborg,2016-12-15T00:00:00.000Z,50,Fishing,gothenborg,1
57.70706,11.65928,0,63,205,5,FISKE PLATS,DK,47,0,STELLA NOVA,2,156348,9,25,5,0,43,1,2016-12-15T05:47:06.000Z,gothenborg,2016-12-15T00:00:00.000Z,50,Fishing,gothenborg,1
57.70705,11.65925,0,91,205,3,FISKE PLATS,DK,47,0,STELLA NOVA,2,156348,9,25,5,0,43,1,2016-12-15T05:49:05.000Z,gothenborg,2016-12-15T00:00:00.000Z,50,Fishing,gothenborg,1
57.70705,11.65925,0,91,205,5,FISKE PLATS,DK,47,0,STELLA NOVA,2,156348,9,25,5,0,43,1,2016-12-15T05:51:05.000Z,gothenborg,2016-12-15T00:00:00.000Z,50,Fishing,gothenborg,1
57.70707,11.65927,0,225,206,2,FISKE PLATS,DK,47,0,STELLA NOVA,2,156348,9,25,5,0,43,1,2016-12-15T05:53:07.000Z,gothenborg,2016-12-15T00:00:00.000Z,50,Fishing,gothenborg,1
57.70707,11.65927,0,225,206,4,FISKE PLATS,DK,47,0,STELLA NOVA,2,156348,9,25,5,0,43,1,2016-12-15T05:55:05.000Z,gothenborg,2016-12-15T00:00:00.000Z,50,Fishing,gothenborg,1
57.70709,11.65925,0,172,205,3,FISKE PLATS,DK,47,0,STELLA NOVA,2,156348,9,25,5,0,43,1,2016-12-15T05:57:05.000Z,gothenborg,2016-12-15T00:00:00.000Z,50,Fishing,gothenborg,1
57.70709,11.65925,0,172,205,5,FISKE PLATS,DK,47,0,STELLA NOVA,2,156348,9,25,5,0,43,1,2016-12-15T05:59:05.000Z,gothenborg,2016-12-15T00:00:00.000Z,50,Fishing,gothenborg,1
57.70707,11.65928,0,239,206,3,FISKE PLATS,DK,47,0,STELLA NOVA,2,156348,9,25,5,0,43,1,2016-12-15T06:01:06.000Z,gothenborg,2016-12-15T00:00:00.000Z,50,Fishing,gothenborg,1
57.70707,11.65928,0,239,206,5,FISKE PLATS,DK,47,0,STELLA NOVA,2,156348,9,25,5,0,43,1,2016-12-15T06:03:06.000Z,gothenborg,2016-12-15T00:00:00.000Z,50,Fishing,gothenborg,1
57.70707,11.65926,0,283,205,3,FISKE PLATS,DK,47,0,STELLA NOVA,2,156348,9,25,5,0,43,1,2016-12-15T06:05:06.000Z,gothenborg,2016-12-15T00:00:00.000Z,50,Fishing,gothenborg,1
57.70707,11.65926,0,283,205,5,FISKE PLATS,DK,47,0,STELLA NOVA,2,156348,9,25,5,0,43,1,2016-12-15T06:07:06.000Z,gothenborg,2016-12-15T00:00:00.000Z,50,Fishing,gothenborg,1
57.70708,11.65925,0,298,206,4,FISKE PLATS,DK,47,0,STELLA NOVA,2,156348,9,25,5,0,43,1,2016-12-15T06:09:05.000Z,gothenborg,2016-12-15T00:00:00.000Z,50,Fishing,gothenborg,1
57.70707,11.65926,0,311,206,2,FISKE PLATS,DK,47,0,STELLA NOVA,2,156348,9,25,5,0,43,1,2016-12-15T06:11:06.000Z,gothenborg,2016-12-15T00:00:00.000Z,50,Fishing,gothenborg,1
57.70707,11.65926,0,311,206,4,FISKE PLATS,DK,47,0,STELLA NOVA,2,156348,9,25,5,0,43,1,2016-12-15T06:13:06.000Z,gothenborg,2016-12-15T00:00:00.000Z,50,Fishing,gothenborg,1
57.70708,11.65929,0,321,205,2,FISKE PLATS,DK,47,0,STELLA NOVA,2,156348,9,25,5,0,43,1,2016-12-15T06:15:05.000Z,gothenborg,2016-12-15T00:00:00.000Z,50,Fishing,gothenborg,1
57.70708,11.65929,0,321,205,4,FISKE PLATS,DK,47,0,STELLA NOVA,2,156348,9,25,5,0,43,1,2016-12-15T06:17:06.000Z,gothenborg,2016-12-15T00:00:00.000Z,50,Fishing,gothenborg,1
57.70708,11.65929,0,321,205,6,FISKE PLATS,DK,47,0,STELLA NOVA,2,156348,9,25,5,0,43,1,2016-12-15T06:19:05.000Z,gothenborg,2016-12-15T00:00:00.000Z,50,Fishing,gothenborg,1
57.70707,11.65926,0,3,206,4,FISKE PLATS,DK,47,0,STELLA NOVA,2,156348,9,25,5,0,43,1,2016-12-15T06:21:06.000Z,gothenborg,2016-12-15T00:00:00.000Z,50,Fishing,gothenborg,1
57.70707,11.65926,0,255,206,2,FISKE PLATS,DK,47,0,STELLA NOVA,2,156348,9,25,5,0,43,1,2016-12-15T06:23:05.000Z,gothenborg,2016-12-15T00:00:00.000Z,50,Fishing,gothenborg,1
57.70707,11.65926,0,255,206,4,FISKE PLATS,DK,47,0,STELLA NOVA,2,156348,9,25,5,0,43,1,2016-12-15T06:25:07.000Z,gothenborg,2016-12-15T00:00:00.000Z,50,Fishing,gothenborg,1
57.70705,11.65928,0,261,205,2,FISKE PLATS,DK,47,0,STELLA NOVA,2,156348,9,25,5,0,43,1,2016-12-15T06:27:06.000Z,gothenborg,2016-12-15T00:00:00.000Z,50,Fishing,gothenborg,1
57.70705,11.65928,0,261,205,2,FISKE PLATS,DK,47,0,STELLA NOVA,2,156348,9,25,5,0,43,1,2016-12-15T06:29:05.000Z,gothenborg,2016-12-15T00:00:00.000Z,50,Fishing,gothenborg,1
57.70705,11.65923,0,279,205,2,FISKE PLATS,DK,47,0,STELLA NOVA,2,156348,9,25,5,0,43,1,2016-12-15T06:31:05.000Z,gothenborg,2016-12-15T00:00:00.000Z,50,Fishing,gothenborg,1
57.70705,11.65923,0,279,205,4,FISKE PLATS,DK,47,0,STELLA NOVA,2,156348,9,25,5,0,43,1,2016-12-15T06:33:05.000Z,gothenborg,2016-12-15T00:00:00.000Z,50,Fishing,gothenborg,1
57.70705,11.65924,0,303,206,3,FISKE PLATS,DK,47,0,STELLA NOVA,2,156348,9,25,5,0,43,1,2016-12-15T06:35:06.000Z,gothenborg,2016-12-15T00:00:00.000Z,50,Fishing,gothenborg,1
57.70705,11.65924,0,303,206,5,FISKE PLATS,DK,47,0,STELLA NOVA,2,156348,9,25,5,0,43,1,2016-12-15T06:37:06.000Z,gothenborg,2016-12-15T00:00:00.000Z,50,Fishing,gothenborg,1
57.70705,11.65924,0,303,206,5,FISKE PLATS,DK,47,0,STELLA NOVA,2,156348,9,25,5,0,43,1,2016-12-15T06:39:05.000Z,gothenborg,2016-12-15T00:00:00.000Z,50,Fishing,gothenborg,1
57.70706,11.65926,0,245,206,2,FISKE PLATS,DK,47,0,STELLA NOVA,2,156348,9,25,5,0,43,1,2016-12-15T06:41:05.000Z,gothenborg,2016-12-15T00:00:00.000Z,50,Fishing,gothenborg,1
57.70706,11.65926,0,245,206,4,FISKE PLATS,DK,47,0,STELLA NOVA,2,156348,9,25,5,0,43,1,2016-12-15T06:43:05.000Z,gothenborg,2016-12-15T00:00:00.000Z,50,Fishing,gothenborg,1
57.70708,11.65929,0,234,205,3,FISKE PLATS,DK,47,0,STELLA NOVA,2,156348,9,25,5,0,43,1,2016-12-15T06:45:05.000Z,gothenborg,2016-12-15T00:00:00.000Z,50,Fishing,gothenborg,1
57.70708,11.65929,0,234,205,5,FISKE PLATS,DK,47,0,STELLA NOVA,2,156348,9,25,5,0,43,1,2016-12-15T06:47:05.000Z,gothenborg,2016-12-15T00:00:00.000Z,50,Fishing,gothenborg,1
57.70707,11.6593,0,263,207,3,FISKE PLATS,DK,47,0,STELLA NOVA,2,156348,9,25,5,0,43,1,2016-12-15T06:49:05.000Z,gothenborg,2016-12-15T00:00:00.000Z,50,Fishing,gothenborg,1
57.70707,11.6593,0,263,207,5,FISKE PLATS,DK,47,0,STELLA NOVA,2,156348,9,25,5,0,43,1,2016-12-15T06:51:05.000Z,gothenborg,2016-12-15T00:00:00.000Z,50,Fishing,gothenborg,1
57.70709,11.65928,0,237,206,3,FISKE PLATS,DK,47,0,STELLA NOVA,2,156348,9,25,5,0,43,1,2016-12-15T06:53:06.000Z,gothenborg,2016-12-15T00:00:00.000Z,50,Fishing,gothenborg,1
57.70707,11.65928,0,245,206,2,FISKE PLATS,DK,47,0,STELLA NOVA,2,156348,9,25,5,0,43,1,2016-12-15T06:55:06.000Z,gothenborg,2016-12-15T00:00:00.000Z,50,Fishing,gothenborg,1
57.70707,11.65928,0,245,206,4,FISKE PLATS,DK,47,0,STELLA NOVA,2,156348,9,25,5,0,43,1,2016-12-15T06:57:06.000Z,gothenborg,2016-12-15T00:00:00.000Z,50,Fishing,gothenborg,1
57.70705,11.65924,0,270,206,2,FISKE PLATS,DK,47,0,STELLA NOVA,2,156348,9,25,5,0,43,1,2016-12-15T06:59:05.000Z,gothenborg,2016-12-15T00:00:00.000Z,50,Fishing,gothenborg,1
57.70705,11.65924,0,270,206,4,FISKE PLATS,DK,47,0,STELLA NOVA,2,156348,9,25,5,0,43,1,2016-12-15T07:01:05.000Z,gothenborg,2016-12-15T00:00:00.000Z,50,Fishing,gothenborg,1
57.70707,11.65926,0,220,207,3,FISKE PLATS,DK,47,0,STELLA NOVA,2,156348,9,25,5,0,43,1,2016-12-15T07:03:05.000Z,gothenborg,2016-12-15T00:00:00.000Z,50,Fishing,gothenborg,1
57.70707,11.65926,0,3,206,2,FISKE PLATS,DK,47,0,STELLA NOVA,2,156348,9,25,5,0,43,1,2016-12-15T07:05:05.000Z,gothenborg,2016-12-15T00:00:00.000Z,50,Fishing,gothenborg,1
57.70707,11.65926,0,3,206,4,FISKE PLATS,DK,47,0,STELLA NOVA,2,156348,9,25,5,0,43,1,2016-12-15T07:07:05.000Z,gothenborg,2016-12-15T00:00:00.000Z,50,Fishing,gothenborg,1
57.70709,11.65928,0,294,206,2,FISKE PLATS,DK,47,0,STELLA NOVA,2,156348,9,25,5,0,43,1,2016-12-15T07:09:06.000Z,gothenborg,2016-12-15T00:00:00.000Z,50,Fishing,gothenborg,1
57.70709,11.65928,0,294,206,3,FISKE PLATS,DK,47,0,STELLA NOVA,2,156348,9,25,5,0,43,1,2016-12-15T07:11:06.000Z,gothenborg,2016-12-15T00:00:00.000Z,50,Fishing,gothenborg,1
57.70709,11.65928,0,294,206,5,FISKE PLATS,DK,47,0,STELLA NOVA,2,156348,9,25,5,0,43,1,2016-12-15T07:13:05.000Z,gothenborg,2016-12-15T00:00:00.000Z,50,Fishing,gothenborg,1
57.70707,11.65928,0,280,206,4,FISKE PLATS,DK,47,0,STELLA NOVA,2,156348,9,25,5,0,43,1,2016-12-15T07:15:06.000Z,gothenborg,2016-12-15T00:00:00.000Z,50,Fishing,gothenborg,1
57.70707,11.65928,0,280,206,4,FISKE PLATS,DK,47,0,STELLA NOVA,2,156348,9,25,5,0,43,1,2016-12-15T07:17:05.000Z,gothenborg,2016-12-15T00:00:00.000Z,50,Fishing,gothenborg,1
57.70707,11.65928,0,282,206,3,FISKE PLATS,DK,47,0,STELLA NOVA,2,156348,9,25,5,0,43,1,2016-12-15T07:19:05.000Z,gothenborg,2016-12-15T00:00:00.000Z,50,Fishing,gothenborg,1
57.70707,11.65928,0,282,206,5,FISKE PLATS,DK,47,0,STELLA NOVA,2,156348,9,25,5,0,43,1,2016-12-15T07:21:05.000Z,gothenborg,2016-12-15T00:00:00.000Z,50,Fishing,gothenborg,1
57.70707,11.65927,0,289,206,3,FISKE PLATS,DK,47,0,STELLA NOVA,2,156348,9,25,5,0,43,1,2016-12-15T07:23:06.000Z,gothenborg,2016-12-15T00:00:00.000Z,50,Fishing,gothenborg,1
57.70707,11.65927,0,289,206,5,FISKE PLATS,DK,47,0,STELLA NOVA,2,156348,9,25,5,0,43,1,2016-12-15T07:25:05.000Z,gothenborg,2016-12-15T00:00:00.000Z,50,Fishing,gothenborg,1
57.70705,11.65929,0,251,206,3,FISKE PLATS,DK,47,0,STELLA NOVA,2,156348,9,25,5,0,43,1,2016-12-15T07:27:05.000Z,gothenborg,2016-12-15T00:00:00.000Z,50,Fishing,gothenborg,1
57.70705,11.65929,0,251,206,5,FISKE PLATS,DK,47,0,STELLA NOVA,2,156348,9,25,5,0,43,1,2016-12-15T07:29:05.000Z,gothenborg,2016-12-15T00:00:00.000Z,50,Fishing,gothenborg,1
57.70707,11.65929,0,269,206,3,FISKE PLATS,DK,47,0,STELLA NOVA,2,156348,9,25,5,0,43,1,2016-12-15T07:31:06.000Z,gothenborg,2016-12-15T00:00:00.000Z,50,Fishing,gothenborg,1
57.70707,11.65929,0,269,206,4,FISKE PLATS,DK,47,0,STELLA NOVA,2,156348,9,25,5,0,43,1,2016-12-15T07:33:06.000Z,gothenborg,2016-12-15T00:00:00.000Z,50,Fishing,gothenborg,1
57.70709,11.6593,0,260,205,4,FISKE PLATS,DK,47,0,STELLA NOVA,2,156348,9,25,5,0,43,1,2016-12-15T07:35:05.000Z,gothenborg,2016-12-15T00:00:00.000Z,50,Fishing,gothenborg,1
57.70707,11.6593,0,270,205,3,FISKE PLATS,DK,47,0,STELLA NOVA,2,156348,9,25,5,0,43,1,2016-12-15T07:37:05.000Z,gothenborg,2016-12-15T00:00:00.000Z,50,Fishing,gothenborg,1
57.70707,11.6593,0,270,205,5,FISKE PLATS,DK,47,0,STELLA NOVA,2,156348,9,25,5,0,43,1,2016-12-15T07:39:06.000Z,gothenborg,2016-12-15T00:00:00.000Z,50,Fishing,gothenborg,1
57.70706,11.65924,0,256,206,3,FISKE PLATS,DK,47,0,STELLA NOVA,2,156348,9,25,5,0,43,1,2016-12-15T07:41:05.000Z,gothenborg,2016-12-15T00:00:00.000Z,50,Fishing,gothenborg,1
57.70706,11.65924,0,256,206,5,FISKE PLATS,DK,47,0,STELLA NOVA,2,156348,9,25,5,0,43,1,2016-12-15T07:43:05.000Z,gothenborg,2016-12-15T00:00:00.000Z,50,Fishing,gothenborg,1
57.70706,11.6593,0,283,206,3,FISKE PLATS,DK,47,0,STELLA NOVA,2,156348,9,25,5,0,43,1,2016-12-15T07:45:05.000Z,gothenborg,2016-12-15T00:00:00.000Z,50,Fishing,gothenborg,1
57.70706,11.6593,0,283,206,5,FISKE PLATS,DK,47,0,STELLA NOVA,2,156348,9,25,5,0,43,1,2016-12-15T07:47:05.000Z,gothenborg,2016-12-15T00:00:00.000Z,50,Fishing,gothenborg,1
57.70707,11.65927,0,285,206,3,FISKE PLATS,DK,47,0,STELLA NOVA,2,156348,9,25,5,0,43,1,2016-12-15T07:49:05.000Z,gothenborg,2016-12-15T00:00:00.000Z,50,Fishing,gothenborg,1
57.70707,11.65927,0,285,206,5,FISKE PLATS,DK,47,0,STELLA NOVA,2,156348,9,25,5,0,43,1,2016-12-15T07:51:06.000Z,gothenborg,2016-12-15T00:00:00.000Z,50,Fishing,gothenborg,1
57.70707,11.65925,0,263,206,2,FISKE PLATS,DK,47,0,STELLA NOVA,2,156348,9,25,5,0,43,1,2016-12-15T07:53:06.000Z,gothenborg,2016-12-15T00:00:00.000Z,50,Fishing,gothenborg,1
57.70707,11.65925,0,263,206,4,FISKE PLATS,DK,47,0,STELLA NOVA,2,156348,9,25,5,0,43,1,2016-12-15T07:55:06.000Z,gothenborg,2016-12-15T00:00:00.000Z,50,Fishing,gothenborg,1
57.70705,11.65929,0,256,206,3,FISKE PLATS,DK,47,0,STELLA NOVA,2,156348,9,25,5,0,43,1,2016-12-15T07:57:05.000Z,gothenborg,2016-12-15T00:00:00.000Z,50,Fishing,gothenborg,1
57.70705,11.65929,0,256,206,5,FISKE PLATS,DK,47,0,STELLA NOVA,2,156348,9,25,5,0,43,1,2016-12-15T07:59:05.000Z,gothenborg,2016-12-15T00:00:00.000Z,50,Fishing,gothenborg,1
57.70707,11.65927,0,299,206,2,FISKE PLATS,DK,47,0,STELLA NOVA,2,156348,9,25,5,0,43,1,2016-12-15T08:01:14.000Z,gothenborg,2016-12-15T00:00:00.000Z,50,Fishing,gothenborg,1
57.70707,11.65927,0,299,206,4,FISKE PLATS,DK,47,0,STELLA NOVA,2,156348,9,25,5,0,43,1,2016-12-15T08:03:06.000Z,gothenborg,2016-12-15T00:00:00.000Z,50,Fishing,gothenborg,1
57.70707,11.65927,0,320,206,2,FISKE PLATS,DK,47,0,STELLA NOVA,2,156348,9,25,5,0,43,1,2016-12-15T08:05:06.000Z,gothenborg,2016-12-15T00:00:00.000Z,50,Fishing,gothenborg,1
57.70707,11.65927,0,320,206,4,FISKE PLATS,DK,47,0,STELLA NOVA,2,156348,9,25,5,0,43,1,2016-12-15T08:07:05.000Z,gothenborg,2016-12-15T00:00:00.000Z,50,Fishing,gothenborg,1
57.70707,11.65928,0,329,206,2,FISKE PLATS,DK,47,0,STELLA NOVA,2,156348,9,25,5,0,43,1,2016-12-15T08:09:06.000Z,gothenborg,2016-12-15T00:00:00.000Z,50,Fishing,gothenborg,1
57.70707,11.65928,0,329,206,4,FISKE PLATS,DK,47,0,STELLA NOVA,2,156348,9,25,5,0,43,1,2016-12-15T08:11:05.000Z,gothenborg,2016-12-15T00:00:00.000Z,50,Fishing,gothenborg,1
57.70708,11.65926,0,312,206,2,FISKE PLATS,DK,47,0,STELLA NOVA,2,156348,9,25,5,0,43,1,2016-12-15T08:13:05.000Z,gothenborg,2016-12-15T00:00:00.000Z,50,Fishing,gothenborg,1
57.70708,11.65926,0,312,206,4,FISKE PLATS,DK,47,0,STELLA NOVA,2,156348,9,25,5,0,43,1,2016-12-15T08:15:05.000Z,gothenborg,2016-12-15T00:00:00.000Z,50,Fishing,gothenborg,1
57.70708,11.65927,0,266,207,2,FISKE PLATS,DK,47,0,STELLA NOVA,2,156348,9,25,5,0,43,1,2016-12-15T08:17:05.000Z,gothenborg,2016-12-15T00:00:00.000Z,50,Fishing,gothenborg,1
57.70708,11.65927,0,266,207,4,FISKE PLATS,DK,47,0,STELLA NOVA,2,156348,9,25,5,0,43,1,2016-12-15T08:19:06.000Z,gothenborg,2016-12-15T00:00:00.000Z,50,Fishing,gothenborg,1
57.70708,11.65927,0,266,207,6,FISKE PLATS,DK,47,0,STELLA NOVA,2,156348,9,25,5,0,43,1,2016-12-15T08:21:05.000Z,gothenborg,2016-12-15T00:00:00.000Z,50,Fishing,gothenborg,1
57.70706,11.65926,0,290,206,3,FISKE PLATS,DK,47,0,STELLA NOVA,2,156348,9,25,5,0,43,1,2016-12-15T08:23:06.000Z,gothenborg,2016-12-15T00:00:00.000Z,50,Fishing,gothenborg,1
57.70706,11.65926,0,290,206,4,FISKE PLATS,DK,47,0,STELLA NOVA,2,156348,9,25,5,0,43,1,2016-12-15T08:25:05.000Z,gothenborg,2016-12-15T00:00:00.000Z,50,Fishing,gothenborg,1
57.70705,11.6593,0,259,206,3,FISKE PLATS,DK,47,0,STELLA NOVA,2,156348,9,25,5,0,43,1,2016-12-15T08:27:05.000Z,gothenborg,2016-12-15T00:00:00.000Z,50,Fishing,gothenborg,1
57.70705,11.65927,0,311,206,2,FISKE PLATS,DK,47,0,STELLA NOVA,2,156348,9,25,5,0,43,1,2016-12-15T08:29:05.000Z,gothenborg,2016-12-15T00:00:00.000Z,50,Fishing,gothenborg,1
57.70705,11.65927,0,311,206,3,FISKE PLATS,DK,47,0,STELLA NOVA,2,156348,9,25,5,0,43,1,2016-12-15T08:31:05.000Z,gothenborg,2016-12-15T00:00:00.000Z,50,Fishing,gothenborg,1
57.70707,11.65928,0,322,206,2,FISKE PLATS,DK,47,0,STELLA NOVA,2,156348,9,25,5,0,43,1,2016-12-15T08:33:06.000Z,gothenborg,2016-12-15T00:00:00.000Z,50,Fishing,gothenborg,1
57.70707,11.65928,0,322,206,4,FISKE PLATS,DK,47,0,STELLA NOVA,2,156348,9,25,5,0,43,1,2016-12-15T08:35:05.000Z,gothenborg,2016-12-15T00:00:00.000Z,50,Fishing,gothenborg,1
57.70707,11.6593,0,334,206,3,FISKE PLATS,DK,47,0,STELLA NOVA,2,156348,9,25,5,0,43,1,2016-12-15T08:37:05.000Z,gothenborg,2016-12-15T00:00:00.000Z,50,Fishing,gothenborg,1
57.70707,11.6593,0,334,206,5,FISKE PLATS,DK,47,0,STELLA NOVA,2,156348,9,25,5,0,43,1,2016-12-15T08:39:09.000Z,gothenborg,2016-12-15T00:00:00.000Z,50,Fishing,gothenborg,1
57.70707,11.6593,0,334,206,5,FISKE PLATS,DK,47,0,STELLA NOVA,2,156348,9,25,5,0,43,1,2016-12-15T08:41:06.000Z,gothenborg,2016-12-15T00:00:00.000Z,50,Fishing,gothenborg,1
57.70707,11.65929,0,265,206,4,FISKE PLATS,DK,47,0,STELLA NOVA,2,156348,9,25,5,0,43,1,2016-12-15T08:43:06.000Z,gothenborg,2016-12-15T00:00:00.000Z,50,Fishing,gothenborg,1
57.70705,11.65929,0,314,207,3,FISKE PLATS,DK,47,0,STELLA NOVA,2,156348,9,25,5,0,43,1,2016-12-15T08:45:06.000Z,gothenborg,2016-12-15T00:00:00.000Z,50,Fishing,gothenborg,1
57.70705,11.65929,0,314,207,3,FISKE PLATS,DK,47,0,STELLA NOVA,2,156348,9,25,5,0,43,1,2016-12-15T08:47:05.000Z,gothenborg,2016-12-15T00:00:00.000Z,50,Fishing,gothenborg,1
57.70706,11.65928,0,312,207,3,FISKE PLATS,DK,47,0,STELLA NOVA,2,156348,9,25,5,0,43,1,2016-12-15T08:49:05.000Z,gothenborg,2016-12-15T00:00:00.000Z,50,Fishing,gothenborg,1
57.70708,11.65928,0,298,206,2,FISKE PLATS,DK,47,0,STELLA NOVA,2,156348,9,25,5,0,43,1,2016-12-15T08:51:06.000Z,gothenborg,2016-12-15T00:00:00.000Z,50,Fishing,gothenborg,1
57.70708,11.65928,0,298,206,4,FISKE PLATS,DK,47,0,STELLA NOVA,2,156348,9,25,5,0,43,1,2016-12-15T08:53:06.000Z,gothenborg,2016-12-15T00:00:00.000Z,50,Fishing,gothenborg,1
57.70707,11.6593,0,325,206,2,FISKE PLATS,DK,47,0,STELLA NOVA,2,156348,9,25,5,0,43,1,2016-12-15T08:55:06.000Z,gothenborg,2016-12-15T00:00:00.000Z,50,Fishing,gothenborg,1
57.70707,11.6593,0,325,206,4,FISKE PLATS,DK,47,0,STELLA NOVA,2,156348,9,25,5,0,43,1,2016-12-15T08:57:05.000Z,gothenborg,2016-12-15T00:00:00.000Z,50,Fishing,gothenborg,1
57.70707,11.65928,0,45,206,2,FISKE PLATS,DK,47,0,STELLA NOVA,2,156348,9,25,5,0,43,1,2016-12-15T08:59:05.000Z,gothenborg,2016-12-15T00:00:00.000Z,50,Fishing,gothenborg,1
57.70707,11.65928,0,45,206,4,FISKE PLATS,DK,47,0,STELLA NOVA,2,156348,9,25,5,0,43,1,2016-12-15T09:01:05.000Z,gothenborg,2016-12-15T00:00:00.000Z,50,Fishing,gothenborg,1
57.70707,11.65928,0,31,206,3,FISKE PLATS,DK,47,0,STELLA NOVA,2,156348,9,25,5,0,43,1,2016-12-15T09:03:04.000Z,gothenborg,2016-12-15T00:00:00.000Z,50,Fishing,gothenborg,1
57.70707,11.65928,0,189,206,2,FISKE PLATS,DK,47,0,STELLA NOVA,2,156348,9,25,5,0,43,1,2016-12-15T09:05:06.000Z,gothenborg,2016-12-15T00:00:00.000Z,50,Fishing,gothenborg,1
57.70707,11.65928,0,189,206,4,FISKE PLATS,DK,47,0,STELLA NOVA,2,156348,9,25,5,0,43,1,2016-12-15T09:07:06.000Z,gothenborg,2016-12-15T00:00:00.000Z,50,Fishing,gothenborg,1
57.70707,11.65928,0,189,206,4,FISKE PLATS,DK,47,0,STELLA NOVA,2,156348,9,25,5,0,43,1,2016-12-15T09:09:05.000Z,gothenborg,2016-12-15T00:00:00.000Z,50,Fishing,gothenborg,1
57.70709,11.65931,0,305,205,4,FISKE PLATS,DK,47,0,STELLA NOVA,2,156348,9,25,5,0,43,1,2016-12-15T09:11:05.000Z,gothenborg,2016-12-15T00:00:00.000Z,50,Fishing,gothenborg,1
57.70709,11.65931,0,305,205,4,FISKE PLATS,DK,47,0,STELLA NOVA,2,156348,9,25,5,0,43,1,2016-12-15T09:13:05.000Z,gothenborg,2016-12-15T00:00:00.000Z,50,Fishing,gothenborg,1
57.70708,11.6593,0,148,205,3,FISKE PLATS,DK,47,0,STELLA NOVA,2,156348,9,25,5,0,43,1,2016-12-15T09:15:05.000Z,gothenborg,2016-12-15T00:00:00.000Z,50,Fishing,gothenborg,1
57.70708,11.6593,0,148,205,5,FISKE PLATS,DK,47,0,STELLA NOVA,2,156348,9,25,5,0,43,1,2016-12-15T09:17:05.000Z,gothenborg,2016-12-15T00:00:00.000Z,50,Fishing,gothenborg,1
57.70708,11.65926,0,204,205,3,FISKE PLATS,DK,47,0,STELLA NOVA,2,156348,9,25,5,0,43,1,2016-12-15T09:19:06.000Z,gothenborg,2016-12-15T00:00:00.000Z,50,Fishing,gothenborg,1
57.70708,11.65926,0,204,205,3,FISKE PLATS,DK,47,0,STELLA NOVA,2,156348,9,25,5,0,43,1,2016-12-15T09:21:05.000Z,gothenborg,2016-12-15T00:00:00.000Z,50,Fishing,gothenborg,1
57.70707,11.65931,0,111,205,3,FISKE PLATS,DK,47,0,STELLA NOVA,2,156348,9,25,5,0,43,1,2016-12-15T09:23:05.000Z,gothenborg,2016-12-15T00:00:00.000Z,50,Fishing,gothenborg,1
57.70707,11.65931,0,111,205,5,FISKE PLATS,DK,47,0,STELLA NOVA,2,156348,9,25,5,0,43,1,2016-12-15T09:25:06.000Z,gothenborg,2016-12-15T00:00:00.000Z,50,Fishing,gothenborg,1
57.70707,11.65929,0,10,205,2,FISKE PLATS,DK,47,0,STELLA NOVA,2,156348,9,25,5,0,43,1,2016-12-15T09:27:06.000Z,gothenborg,2016-12-15T00:00:00.000Z,50,Fishing,gothenborg,1
57.70707,11.65929,0,10,205,5,FISKE PLATS,DK,47,0,STELLA NOVA,2,156348,9,25,5,0,43,1,2016-12-15T09:29:05.000Z,gothenborg,2016-12-15T00:00:00.000Z,50,Fishing,gothenborg,1
57.70707,11.6593,0,217,205,3,FISKE PLATS,DK,47,0,STELLA NOVA,2,156348,9,25,5,0,43,1,2016-12-15T09:31:05.000Z,gothenborg,2016-12-15T00:00:00.000Z,50,Fishing,gothenborg,1
57.70707,11.6593,0,217,205,4,FISKE PLATS,DK,47,0,STELLA NOVA,2,156348,9,25,5,0,43,1,2016-12-15T09:33:06.000Z,gothenborg,2016-12-15T00:00:00.000Z,50,Fishing,gothenborg,1
57.70707,11.6593,0,203,205,4,FISKE PLATS,DK,47,0,STELLA NOVA,2,156348,9,25,5,0,43,1,2016-12-15T09:35:06.000Z,gothenborg,2016-12-15T00:00:00.000Z,50,Fishing,gothenborg,1
57.70707,11.6593,0,203,205,4,FISKE PLATS,DK,47,0,STELLA NOVA,2,156348,9,25,5,0,43,1,2016-12-15T09:37:06.000Z,gothenborg,2016-12-15T00:00:00.000Z,50,Fishing,gothenborg,1
57.70704,11.6593,0,215,205,4,FISKE PLATS,DK,47,0,STELLA NOVA,2,156348,9,25,5,0,43,1,2016-12-15T09:39:06.000Z,gothenborg,2016-12-15T00:00:00.000Z,50,Fishing,gothenborg,1
57.70705,11.65928,0,212,206,3,FISKE PLATS,DK,47,0,STELLA NOVA,2,156348,9,25,5,0,43,1,2016-12-15T09:41:07.000Z,gothenborg,2016-12-15T00:00:00.000Z,50,Fishing,gothenborg,1
57.70705,11.65928,0,212,206,5,FISKE PLATS,DK,47,0,STELLA NOVA,2,156348,9,25,5,0,43,1,2016-12-15T09:43:05.000Z,gothenborg,2016-12-15T00:00:00.000Z,50,Fishing,gothenborg,1
57.70709,11.65928,0,247,205,3,FISKE PLATS,DK,47,0,STELLA NOVA,2,156348,9,25,5,0,43,1,2016-12-15T09:45:07.000Z,gothenborg,2016-12-15T00:00:00.000Z,50,Fishing,gothenborg,1
57.70709,11.65928,0,247,205,5,FISKE PLATS,DK,47,0,STELLA NOVA,2,156348,9,25,5,0,43,1,2016-12-15T09:47:05.000Z,gothenborg,2016-12-15T00:00:00.000Z,50,Fishing,gothenborg,1
57.70707,11.65929,0,244,206,3,FISKE PLATS,DK,47,0,STELLA NOVA,2,156348,9,25,5,0,43,1,2016-12-15T09:49:06.000Z,gothenborg,2016-12-15T00:00:00.000Z,50,Fishing,gothenborg,1
57.70707,11.65929,0,244,206,5,FISKE PLATS,DK,47,0,STELLA NOVA,2,156348,9,25,5,0,43,1,2016-12-15T09:51:06.000Z,gothenborg,2016-12-15T00:00:00.000Z,50,Fishing,gothenborg,1
57.70708,11.65928,0,249,206,2,FISKE PLATS,DK,47,0,STELLA NOVA,2,156348,9,25,5,0,43,1,2016-12-15T09:53:05.000Z,gothenborg,2016-12-15T00:00:00.000Z,50,Fishing,gothenborg,1
57.70708,11.65928,0,249,206,4,FISKE PLATS,DK,47,0,STELLA NOVA,2,156348,9,25,5,0,43,1,2016-12-15T09:55:05.000Z,gothenborg,2016-12-15T00:00:00.000Z,50,Fishing,gothenborg,1
57.70706,11.65928,0,229,206,3,FISKE PLATS,DK,47,0,STELLA NOVA,2,156348,9,25,5,0,43,1,2016-12-15T09:57:05.000Z,gothenborg,2016-12-15T00:00:00.000Z,50,Fishing,gothenborg,1
57.70705,11.65928,0,226,206,2,FISKE PLATS,DK,47,0,STELLA NOVA,2,156348,9,25,5,0,43,1,2016-12-15T09:59:05.000Z,gothenborg,2016-12-15T00:00:00.000Z,50,Fishing,gothenborg,1
57.70705,11.65928,0,226,206,3,FISKE PLATS,DK,47,0,STELLA NOVA,2,156348,9,25,5,0,43,1,2016-12-15T10:01:06.000Z,gothenborg,2016-12-15T00:00:00.000Z,50,Fishing,gothenborg,1
57.70706,11.65932,0,238,206,2,FISKE PLATS,DK,47,0,STELLA NOVA,2,156348,9,25,5,0,43,1,2016-12-15T10:03:05.000Z,gothenborg,2016-12-15T00:00:00.000Z,50,Fishing,gothenborg,1
57.70706,11.65932,0,238,206,4,FISKE PLATS,DK,47,0,STELLA NOVA,2,156348,9,25,5,0,43,1,2016-12-15T10:05:05.000Z,gothenborg,2016-12-15T00:00:00.000Z,50,Fishing,gothenborg,1
57.70707,11.65929,0,233,206,2,FISKE PLATS,DK,47,0,STELLA NOVA,2,156348,9,25,5,0,43,1,2016-12-15T10:07:05.000Z,gothenborg,2016-12-15T00:00:00.000Z,50,Fishing,gothenborg,1
57.70707,11.65929,0,233,206,4,FISKE PLATS,DK,47,0,STELLA NOVA,2,156348,9,25,5,0,43,1,2016-12-15T10:09:06.000Z,gothenborg,2016-12-15T00:00:00.000Z,50,Fishing,gothenborg,1
57.70705,11.65926,0,232,206,2,FISKE PLATS,DK,47,0,STELLA NOVA,2,156348,9,25,5,0,43,1,2016-12-15T10:11:05.000Z,gothenborg,2016-12-15T00:00:00.000Z,50,Fishing,gothenborg,1
57.70705,11.65926,0,232,206,4,FISKE PLATS,DK,47,0,STELLA NOVA,2,156348,9,25,5,0,43,1,2016-12-15T10:13:05.000Z,gothenborg,2016-12-15T00:00:00.000Z,50,Fishing,gothenborg,1
57.70707,11.65928,0,243,206,2,FISKE PLATS,DK,47,0,STELLA NOVA,2,156348,9,25,5,0,43,1,2016-12-15T10:15:05.000Z,gothenborg,2016-12-15T00:00:00.000Z,50,Fishing,gothenborg,1
57.70707,11.65928,0,243,206,4,FISKE PLATS,DK,47,0,STELLA NOVA,2,156348,9,25,5,0,43,1,2016-12-15T10:17:06.000Z,gothenborg,2016-12-15T00:00:00.000Z,50,Fishing,gothenborg,1
57.70705,11.65926,0,240,206,3,FISKE PLATS,DK,47,0,STELLA NOVA,2,156348,9,25,5,0,43,1,2016-12-15T10:19:05.000Z,gothenborg,2016-12-15T00:00:00.000Z,50,Fishing,gothenborg,1
57.70705,11.65926,0,240,206,5,FISKE PLATS,DK,47,0,STELLA NOVA,2,156348,9,25,5,0,43,1,2016-12-15T10:21:06.000Z,gothenborg,2016-12-15T00:00:00.000Z,50,Fishing,gothenborg,1
57.70707,11.65927,0,242,206,3,FISKE PLATS,DK,47,0,STELLA NOVA,2,156348,9,25,5,0,43,1,2016-12-15T10:23:06.000Z,gothenborg,2016-12-15T00:00:00.000Z,50,Fishing,gothenborg,1
57.70707,11.65929,0,244,206,2,FISKE PLATS,DK,47,0,STELLA NOVA,2,156348,9,25,5,0,43,1,2016-12-15T10:25:05.000Z,gothenborg,2016-12-15T00:00:00.000Z,50,Fishing,gothenborg,1
57.70707,11.65929,0,244,206,2,FISKE PLATS,DK,47,0,STELLA NOVA,2,156348,9,25,5,0,43,1,2016-12-15T10:27:05.000Z,gothenborg,2016-12-15T00:00:00.000Z,50,Fishing,gothenborg,1
57.70706,11.65927,0,222,206,3,FISKE PLATS,DK,47,0,STELLA NOVA,2,156348,9,25,5,0,43,1,2016-12-15T10:29:06.000Z,gothenborg,2016-12-15T00:00:00.000Z,50,Fishing,gothenborg,1
57.70706,11.65927,0,222,206,5,FISKE PLATS,DK,47,0,STELLA NOVA,2,156348,9,25,5,0,43,1,2016-12-15T10:31:06.000Z,gothenborg,2016-12-15T00:00:00.000Z,50,Fishing,gothenborg,1
57.70707,11.65928,0,227,207,3,FISKE PLATS,DK,47,0,STELLA NOVA,2,156348,9,25,5,0,43,1,2016-12-15T10:33:05.000Z,gothenborg,2016-12-15T00:00:00.000Z,50,Fishing,gothenborg,1
57.70707,11.65928,0,227,207,5,FISKE PLATS,DK,47,0,STELLA NOVA,2,156348,9,25,5,0,43,1,2016-12-15T10:35:05.000Z,gothenborg,2016-12-15T00:00:00.000Z,50,Fishing,gothenborg,1
57.70706,11.65929,0,245,206,2,FISKE PLATS,DK,47,0,STELLA NOVA,2,156348,9,25,5,0,43,1,2016-12-15T10:37:06.000Z,gothenborg,2016-12-15T00:00:00.000Z,50,Fishing,gothenborg,1
57.70706,11.65929,0,245,206,4,FISKE PLATS,DK,47,0,STELLA NOVA,2,156348,9,25,5,0,43,1,2016-12-15T10:39:05.000Z,gothenborg,2016-12-15T00:00:00.000Z,50,Fishing,gothenborg,1
57.70707,11.65927,0,242,207,2,FISKE PLATS,DK,47,0,STELLA NOVA,2,156348,9,25,5,0,43,1,2016-12-15T10:41:05.000Z,gothenborg,2016-12-15T00:00:00.000Z,50,Fishing,gothenborg,1
57.70707,11.65927,0,242,207,4,FISKE PLATS,DK,47,0,STELLA NOVA,2,156348,9,25,5,0,43,1,2016-12-15T10:43:06.000Z,gothenborg,2016-12-15T00:00:00.000Z,50,Fishing,gothenborg,1
57.70706,11.65926,0,238,206,2,FISKE PLATS,DK,47,0,STELLA NOVA,2,156348,9,25,5,0,43,1,2016-12-15T10:45:05.000Z,gothenborg,2016-12-15T00:00:00.000Z,50,Fishing,gothenborg,1
57.70706,11.65926,0,238,206,4,FISKE PLATS,DK,47,0,STELLA NOVA,2,156348,9,25,5,0,43,1,2016-12-15T10:47:06.000Z,gothenborg,2016-12-15T00:00:00.000Z,50,Fishing,gothenborg,1
57.70705,11.65927,0,242,206,2,FISKE PLATS,DK,47,0,STELLA NOVA,2,156348,9,25,5,0,43,1,2016-12-15T10:49:06.000Z,gothenborg,2016-12-15T00:00:00.000Z,50,Fishing,gothenborg,1
57.70705,11.65927,0,242,206,4,FISKE PLATS,DK,47,0,STELLA NOVA,2,156348,9,25,5,0,43,1,2016-12-15T10:51:06.000Z,gothenborg,2016-12-15T00:00:00.000Z,50,Fishing,gothenborg,1
57.70705,11.65927,0,242,206,4,FISKE PLATS,DK,47,0,STELLA NOVA,2,156348,9,25,5,0,43,1,2016-12-15T10:53:05.000Z,gothenborg,2016-12-15T00:00:00.000Z,50,Fishing,gothenborg,1
57.70707,11.65927,0,306,206,4,FISKE PLATS,DK,47,0,STELLA NOVA,2,156348,9,25,5,0,43,1,2016-12-15T10:55:06.000Z,gothenborg,2016-12-15T00:00:00.000Z,50,Fishing,gothenborg,1
57.70707,11.65926,0,261,206,2,FISKE PLATS,DK,47,0,STELLA NOVA,2,156348,9,25,5,0,43,1,2016-12-15T10:57:05.000Z,gothenborg,2016-12-15T00:00:00.000Z,50,Fishing,gothenborg,1
57.70707,11.65926,0,261,206,4,FISKE PLATS,DK,47,0,STELLA NOVA,2,156348,9,25,5,0,43,1,2016-12-15T10:59:05.000Z,gothenborg,2016-12-15T00:00:00.000Z,50,Fishing,gothenborg,1
57.70707,11.65928,0,235,206,2,FISKE PLATS,DK,47,0,STELLA NOVA,2,156348,9,25,5,0,43,1,2016-12-15T11:01:06.000Z,gothenborg,2016-12-15T00:00:00.000Z,50,Fishing,gothenborg,1
57.70707,11.65928,0,235,206,4,FISKE PLATS,DK,47,0,STELLA NOVA,2,156348,9,25,5,0,43,1,2016-12-15T11:03:05.000Z,gothenborg,2016-12-15T00:00:00.000Z,50,Fishing,gothenborg,1
57.70705,11.65928,0,209,206,2,FISKE PLATS,DK,47,0,STELLA NOVA,2,156348,9,25,5,0,43,1,2016-12-15T11:05:05.000Z,gothenborg,2016-12-15T00:00:00.000Z,50,Fishing,gothenborg,1
57.70705,11.65928,0,209,206,4,FISKE PLATS,DK,47,0,STELLA NOVA,2,156348,9,25,5,0,43,1,2016-12-15T11:07:06.000Z,gothenborg,2016-12-15T00:00:00.000Z,50,Fishing,gothenborg,1
57.70706,11.65928,0,222,206,2,FISKE PLATS,DK,47,0,STELLA NOVA,2,156348,9,25,5,0,43,1,2016-12-15T11:09:06.000Z,gothenborg,2016-12-15T00:00:00.000Z,50,Fishing,gothenborg,1
57.70706,11.65928,0,222,206,2,FISKE PLATS,DK,47,0,STELLA NOVA,2,156348,9,25,5,0,43,1,2016-12-15T11:11:06.000Z,gothenborg,2016-12-15T00:00:00.000Z,50,Fishing,gothenborg,1
57.70706,11.65928,0,222,206,5,FISKE PLATS,DK,47,0,STELLA NOVA,2,156348,9,25,5,0,43,1,2016-12-15T11:13:05.000Z,gothenborg,2016-12-15T00:00:00.000Z,50,Fishing,gothenborg,1
57.70707,11.65927,0,272,205,3,FISKE PLATS,DK,47,0,STELLA NOVA,2,156348,9,25,5,0,43,1,2016-12-15T11:15:06.000Z,gothenborg,2016-12-15T00:00:00.000Z,50,Fishing,gothenborg,1
57.70707,11.65927,0,272,205,5,FISKE PLATS,DK,47,0,STELLA NOVA,2,156348,9,25,5,0,43,1,2016-12-15T11:17:06.000Z,gothenborg,2016-12-15T00:00:00.000Z,50,Fishing,gothenborg,1
57.70706,11.65926,0,215,205,3,FISKE PLATS,DK,47,0,STELLA NOVA,2,156348,9,25,5,0,43,1,2016-12-15T11:19:06.000Z,gothenborg,2016-12-15T00:00:00.000Z,50,Fishing,gothenborg,1
57.70706,11.65926,0,215,205,3,FISKE PLATS,DK,47,0,STELLA NOVA,2,156348,9,25,5,0,43,1,2016-12-15T11:21:05.000Z,gothenborg,2016-12-15T00:00:00.000Z,50,Fishing,gothenborg,1
57.70707,11.6593,0,254,205,3,FISKE PLATS,DK,47,0,STELLA NOVA,2,156348,9,25,5,0,43,1,2016-12-15T11:23:06.000Z,gothenborg,2016-12-15T00:00:00.000Z,50,Fishing,gothenborg,1
57.70707,11.6593,0,254,205,3,FISKE PLATS,DK,47,0,STELLA NOVA,2,156348,9,25,5,0,43,1,2016-12-15T11:25:05.000Z,gothenborg,2016-12-15T00:00:00.000Z,50,Fishing,gothenborg,1
57.70707,11.65925,0,285,206,4,FISKE PLATS,DK,47,0,STELLA NOVA,2,156348,9,25,5,0,43,1,2016-12-15T11:27:06.000Z,gothenborg,2016-12-15T00:00:00.000Z,50,Fishing,gothenborg,1
57.70706,11.65926,0,287,206,2,FISKE PLATS,DK,47,0,STELLA NOVA,2,156348,9,25,5,0,43,1,2016-12-15T11:29:05.000Z,gothenborg,2016-12-15T00:00:00.000Z,50,Fishing,gothenborg,1
57.70706,11.65926,0,287,206,4,FISKE PLATS,DK,47,0,STELLA NOVA,2,156348,9,25,5,0,43,1,2016-12-15T11:31:06.000Z,gothenborg,2016-12-15T00:00:00.000Z,50,Fishing,gothenborg,1
57.70707,11.65926,0,299,207,3,FISKE PLATS,DK,47,0,STELLA NOVA,2,156348,9,25,5,0,43,1,2016-12-15T11:33:06.000Z,gothenborg,2016-12-15T00:00:00.000Z,50,Fishing,gothenborg,1
57.70707,11.65926,0,299,207,3,FISKE PLATS,DK,47,0,STELLA NOVA,2,156348,9,25,5,0,43,1,2016-12-15T11:35:05.000Z,gothenborg,2016-12-15T00:00:00.000Z,50,Fishing,gothenborg,1
57.70707,11.65928,0,310,206,4,FISKE PLATS,DK,47,0,STELLA NOVA,2,156348,9,25,5,0,43,1,2016-12-15T11:37:06.000Z,gothenborg,2016-12-15T00:00:00.000Z,50,Fishing,gothenborg,1
57.70706,11.65928,0,320,205,2,FISKE PLATS,DK,47,0,STELLA NOVA,2,156348,9,25,5,0,43,1,2016-12-15T11:39:07.000Z,gothenborg,2016-12-15T00:00:00.000Z,50,Fishing,gothenborg,1
57.70706,11.65928,0,320,205,4,FISKE PLATS,DK,47,0,STELLA NOVA,2,156348,9,25,5,0,43,1,2016-12-15T11:41:06.000Z,gothenborg,2016-12-15T00:00:00.000Z,50,Fishing,gothenborg,1
57.70707,11.65929,0,296,206,2,FISKE PLATS,DK,47,0,STELLA NOVA,2,156348,9,25,5,0,43,1,2016-12-15T11:43:06.000Z,gothenborg,2016-12-15T00:00:00.000Z,50,Fishing,gothenborg,1
57.70707,11.65929,0,296,206,4,FISKE PLATS,DK,47,0,STELLA NOVA,2,156348,9,25,5,0,43,1,2016-12-15T11:45:06.000Z,gothenborg,2016-12-15T00:00:00.000Z,50,Fishing,gothenborg,1
57.70705,11.65928,0,307,206,3,FISKE PLATS,DK,47,0,STELLA NOVA,2,156348,9,25,5,0,43,1,2016-12-15T11:47:05.000Z,gothenborg,2016-12-15T00:00:00.000Z,50,Fishing,gothenborg,1
57.70707,11.65928,0,319,205,2,FISKE PLATS,DK,47,0,STELLA NOVA,2,156348,9,25,5,0,43,1,2016-12-15T11:49:06.000Z,gothenborg,2016-12-15T00:00:00.000Z,50,Fishing,gothenborg,1
57.70707,11.65928,0,319,205,4,FISKE PLATS,DK,47,0,STELLA NOVA,2,156348,9,25,5,0,43,1,2016-12-15T11:51:05.000Z,gothenborg,2016-12-15T00:00:00.000Z,50,Fishing,gothenborg,1
57.70705,11.65927,0,318,206,2,FISKE PLATS,DK,47,0,STELLA NOVA,2,156348,9,25,5,0,43,1,2016-12-15T11:53:07.000Z,gothenborg,2016-12-15T00:00:00.000Z,50,Fishing,gothenborg,1
57.70705,11.65927,0,318,206,4,FISKE PLATS,DK,47,0,STELLA NOVA,2,156348,9,25,5,0,43,1,2016-12-15T11:55:06.000Z,gothenborg,2016-12-15T00:00:00.000Z,50,Fishing,gothenborg,1
57.70707,11.65926,0,337,206,3,FISKE PLATS,DK,47,0,STELLA NOVA,2,156348,9,25,5,0,43,1,2016-12-15T11:57:05.000Z,gothenborg,2016-12-15T00:00:00.000Z,50,Fishing,gothenborg,1
57.70705,11.65928,0,353,206,2,FISKE PLATS,DK,47,0,STELLA NOVA,2,156348,9,25,5,0,43,1,2016-12-15T11:59:05.000Z,gothenborg,2016-12-15T00:00:00.000Z,50,Fishing,gothenborg,1
57.70705,11.65928,0,353,206,4,FISKE PLATS,DK,47,0,STELLA NOVA,2,156348,9,25,5,0,43,1,2016-12-15T12:01:06.000Z,gothenborg,2016-12-15T00:00:00.000Z,50,Fishing,gothenborg,1
57.70705,11.65928,0,331,206,2,FISKE PLATS,DK,47,0,STELLA NOVA,2,156348,9,25,5,0,43,1,2016-12-15T12:03:05.000Z,gothenborg,2016-12-15T00:00:00.000Z,50,Fishing,gothenborg,1
57.70705,11.65928,0,331,206,4,FISKE PLATS,DK,47,0,STELLA NOVA,2,156348,9,25,5,0,43,1,2016-12-15T12:05:07.000Z,gothenborg,2016-12-15T00:00:00.000Z,50,Fishing,gothenborg,1
57.70705,11.65928,0,350,205,3,FISKE PLATS,DK,47,0,STELLA NOVA,2,156348,9,25,5,0,43,1,2016-12-15T12:07:06.000Z,gothenborg,2016-12-15T00:00:00.000Z,50,Fishing,gothenborg,1
57.70707,11.65928,0,51,205,2,FISKE PLATS,DK,47,0,STELLA NOVA,2,156348,9,25,5,0,43,1,2016-12-15T12:09:06.000Z,gothenborg,2016-12-15T00:00:00.000Z,50,Fishing,gothenborg,1
57.70707,11.65928,0,51,205,4,FISKE PLATS,DK,47,0,STELLA NOVA,2,156348,9,25,5,0,43,1,2016-12-15T12:11:06.000Z,gothenborg,2016-12-15T00:00:00.000Z,50,Fishing,gothenborg,1
57.70704,11.65929,0,349,206,2,FISKE PLATS,DK,47,0,STELLA NOVA,2,156348,9,25,5,0,43,1,2016-12-15T12:13:05.000Z,gothenborg,2016-12-15T00:00:00.000Z,50,Fishing,gothenborg,1
57.70704,11.65929,0,349,206,4,FISKE PLATS,DK,47,0,STELLA NOVA,2,156348,9,25,5,0,43,1,2016-12-15T12:15:06.000Z,gothenborg,2016-12-15T00:00:00.000Z,50,Fishing,gothenborg,1
57.70708,11.6593,0,113,206,3,FISKE PLATS,DK,47,0,STELLA NOVA,2,156348,9,25,5,0,43,1,2016-12-15T12:17:06.000Z,gothenborg,2016-12-15T00:00:00.000Z,50,Fishing,gothenborg,1
57.70708,11.6593,0,113,206,4,FISKE PLATS,DK,47,0,STELLA NOVA,2,156348,9,25,5,0,43,1,2016-12-15T12:19:06.000Z,gothenborg,2016-12-15T00:00:00.000Z,50,Fishing,gothenborg,1
57.70706,11.65929,0,198,205,4,FISKE PLATS,DK,47,0,STELLA NOVA,2,156348,9,25,5,0,43,1,2016-12-15T12:21:06.000Z,gothenborg,2016-12-15T00:00:00.000Z,50,Fishing,gothenborg,1
57.70705,11.65928,0,274,206,3,FISKE PLATS,DK,47,0,STELLA NOVA,2,156348,9,25,5,0,43,1,2016-12-15T12:23:06.000Z,gothenborg,2016-12-15T00:00:00.000Z,50,Fishing,gothenborg,1
57.70705,11.65928,0,274,206,5,FISKE PLATS,DK,47,0,STELLA NOVA,2,156348,9,25,5,0,43,1,2016-12-15T12:25:06.000Z,gothenborg,2016-12-15T00:00:00.000Z,50,Fishing,gothenborg,1
57.70708,11.65927,0,318,205,3,FISKE PLATS,DK,47,0,STELLA NOVA,2,156348,9,25,5,0,43,1,2016-12-15T12:27:10.000Z,gothenborg,2016-12-15T00:00:00.000Z,50,Fishing,gothenborg,1
57.70708,11.65927,0,318,205,5,FISKE PLATS,DK,47,0,STELLA NOVA,2,156348,9,25,5,0,43,1,2016-12-15T12:29:05.000Z,gothenborg,2016-12-15T00:00:00.000Z,50,Fishing,gothenborg,1
57.70705,11.65928,0,237,206,3,FISKE PLATS,DK,47,0,STELLA NOVA,2,156348,9,25,5,0,43,1,2016-12-15T12:31:05.000Z,gothenborg,2016-12-15T00:00:00.000Z,50,Fishing,gothenborg,1
57.70705,11.65928,0,237,206,4,FISKE PLATS,DK,47,0,STELLA NOVA,2,156348,9,25,5,0,43,1,2016-12-15T12:33:06.000Z,gothenborg,2016-12-15T00:00:00.000Z,50,Fishing,gothenborg,1
57.70706,11.65929,0,30,206,3,FISKE PLATS,DK,47,0,STELLA NOVA,2,156348,9,25,5,0,43,1,2016-12-15T12:35:06.000Z,gothenborg,2016-12-15T00:00:00.000Z,50,Fishing,gothenborg,1
57.70705,11.65929,0,77,206,3,FISKE PLATS,DK,47,0,STELLA NOVA,2,156348,9,25,5,0,43,1,2016-12-15T12:37:06.000Z,gothenborg,2016-12-15T00:00:00.000Z,50,Fishing,gothenborg,1
57.70705,11.65929,0,77,206,5,FISKE PLATS,DK,47,0,STELLA NOVA,2,156348,9,25,5,0,43,1,2016-12-15T12:39:05.000Z,gothenborg,2016-12-15T00:00:00.000Z,50,Fishing,gothenborg,1
57.70706,11.6593,0,15,206,3,FISKE PLATS,DK,47,0,STELLA NOVA,2,156348,9,25,5,0,43,1,2016-12-15T12:41:06.000Z,gothenborg,2016-12-15T00:00:00.000Z,50,Fishing,gothenborg,1
57.70706,11.6593,0,15,206,5,FISKE PLATS,DK,47,0,STELLA NOVA,2,156348,9,25,5,0,43,1,2016-12-15T12:43:06.000Z,gothenborg,2016-12-15T00:00:00.000Z,50,Fishing,gothenborg,1
57.70705,11.65926,0,301,205,2,FISKE PLATS,DK,47,0,STELLA NOVA,2,156348,9,25,5,0,43,1,2016-12-15T12:45:06.000Z,gothenborg,2016-12-15T00:00:00.000Z,50,Fishing,gothenborg,1
57.70705,11.65926,0,301,205,4,FISKE PLATS,DK,47,0,STELLA NOVA,2,156348,9,25,5,0,43,1,2016-12-15T12:47:05.000Z,gothenborg,2016-12-15T00:00:00.000Z,50,Fishing,gothenborg,1
57.70705,11.65929,0,317,205,2,FISKE PLATS,DK,47,0,STELLA NOVA,2,156348,9,25,5,0,43,1,2016-12-15T12:49:05.000Z,gothenborg,2016-12-15T00:00:00.000Z,50,Fishing,gothenborg,1
57.70705,11.65929,0,317,205,4,FISKE PLATS,DK,47,0,STELLA NOVA,2,156348,9,25,5,0,43,1,2016-12-15T12:51:06.000Z,gothenborg,2016-12-15T00:00:00.000Z,50,Fishing,gothenborg,1
57.70705,11.65927,0,302,205,3,FISKE PLATS,DK,47,0,STELLA NOVA,2,156348,9,25,5,0,43,1,2016-12-15T12:53:05.000Z,gothenborg,2016-12-15T00:00:00.000Z,50,Fishing,gothenborg,1
57.70705,11.65927,0,293,205,2,FISKE PLATS,DK,47,0,STELLA NOVA,2,156348,9,25,5,0,43,1,2016-12-15T12:55:05.000Z,gothenborg,2016-12-15T00:00:00.000Z,50,Fishing,gothenborg,1
57.70705,11.65927,0,293,205,4,FISKE PLATS,DK,47,0,STELLA NOVA,2,156348,9,25,5,0,43,1,2016-12-15T12:57:05.000Z,gothenborg,2016-12-15T00:00:00.000Z,50,Fishing,gothenborg,1
57.70706,11.65929,0,205,206,2,FISKE PLATS,DK,47,0,STELLA NOVA,2,156348,9,25,5,0,43,1,2016-12-15T12:59:06.000Z,gothenborg,2016-12-15T00:00:00.000Z,50,Fishing,gothenborg,1
57.70706,11.65929,0,205,206,4,FISKE PLATS,DK,47,0,STELLA NOVA,2,156348,9,25,5,0,43,1,2016-12-15T13:01:05.000Z,gothenborg,2016-12-15T00:00:00.000Z,50,Fishing,gothenborg,1
57.70706,11.65929,0,205,206,5,FISKE PLATS,DK,47,0,STELLA NOVA,2,156348,9,25,5,0,43,1,2016-12-15T13:03:06.000Z,gothenborg,2016-12-15T00:00:00.000Z,50,Fishing,gothenborg,1
57.70704,11.65931,0,315,206,3,FISKE PLATS,DK,47,0,STELLA NOVA,2,156348,9,25,5,0,43,1,2016-12-15T13:05:05.000Z,gothenborg,2016-12-15T00:00:00.000Z,50,Fishing,gothenborg,1
57.70706,11.6593,0,345,206,2,FISKE PLATS,DK,47,0,STELLA NOVA,2,156348,9,25,5,0,43,1,2016-12-15T13:07:06.000Z,gothenborg,2016-12-15T00:00:00.000Z,50,Fishing,gothenborg,1
57.70706,11.6593,0,345,206,4,FISKE PLATS,DK,47,0,STELLA NOVA,2,156348,9,25,5,0,43,1,2016-12-15T13:09:05.000Z,gothenborg,2016-12-15T00:00:00.000Z,50,Fishing,gothenborg,1
57.70705,11.65929,0,272,206,2,FISKE PLATS,DK,47,0,STELLA NOVA,2,156348,9,25,5,0,43,1,2016-12-15T13:11:06.000Z,gothenborg,2016-12-15T00:00:00.000Z,50,Fishing,gothenborg,1
57.70705,11.65929,0,272,206,4,FISKE PLATS,DK,47,0,STELLA NOVA,2,156348,9,25,5,0,43,1,2016-12-15T13:13:05.000Z,gothenborg,2016-12-15T00:00:00.000Z,50,Fishing,gothenborg,1
57.70705,11.6593,0,308,206,3,FISKE PLATS,DK,47,0,STELLA NOVA,2,156348,9,25,5,0,43,1,2016-12-15T13:15:06.000Z,gothenborg,2016-12-15T00:00:00.000Z,50,Fishing,gothenborg,1
57.70705,11.65931,0,235,205,2,FISKE PLATS,DK,47,0,STELLA NOVA,2,156348,9,25,5,0,43,1,2016-12-15T13:17:05.000Z,gothenborg,2016-12-15T00:00:00.000Z,50,Fishing,gothenborg,1
57.70705,11.65931,0,235,205,4,FISKE PLATS,DK,47,0,STELLA NOVA,2,156348,9,25,5,0,43,1,2016-12-15T13:19:05.000Z,gothenborg,2016-12-15T00:00:00.000Z,50,Fishing,gothenborg,1
57.70706,11.65929,0,266,205,2,FISKE PLATS,DK,47,0,STELLA NOVA,2,156348,9,25,5,0,43,1,2016-12-15T13:21:05.000Z,gothenborg,2016-12-15T00:00:00.000Z,50,Fishing,gothenborg,1
57.70706,11.65929,0,266,205,4,FISKE PLATS,DK,47,0,STELLA NOVA,2,156348,9,25,5,0,43,1,2016-12-15T13:23:05.000Z,gothenborg,2016-12-15T00:00:00.000Z,50,Fishing,gothenborg,1
57.70705,11.6593,0,253,205,2,FISKE PLATS,DK,47,0,STELLA NOVA,2,156348,9,25,5,0,43,1,2016-12-15T13:25:06.000Z,gothenborg,2016-12-15T00:00:00.000Z,50,Fishing,gothenborg,1
57.70705,11.6593,0,253,205,4,FISKE PLATS,DK,47,0,STELLA NOVA,2,156348,9,25,5,0,43,1,2016-12-15T13:27:05.000Z,gothenborg,2016-12-15T00:00:00.000Z,50,Fishing,gothenborg,1
57.70707,11.65929,0,285,205,3,FISKE PLATS,DK,47,0,STELLA NOVA,2,156348,9,25,5,0,43,1,2016-12-15T13:29:06.000Z,gothenborg,2016-12-15T00:00:00.000Z,50,Fishing,gothenborg,1
57.70707,11.65929,0,285,205,5,FISKE PLATS,DK,47,0,STELLA NOVA,2,156348,9,25,5,0,43,1,2016-12-15T13:31:06.000Z,gothenborg,2016-12-15T00:00:00.000Z,50,Fishing,gothenborg,1
57.70706,11.65928,0,227,205,3,FISKE PLATS,DK,47,0,STELLA NOVA,2,156348,9,25,5,0,43,1,2016-12-15T13:33:05.000Z,gothenborg,2016-12-15T00:00:00.000Z,50,Fishing,gothenborg,1
57.70706,11.65928,0,227,205,5,FISKE PLATS,DK,47,0,STELLA NOVA,2,156348,9,25,5,0,43,1,2016-12-15T13:35:08.000Z,gothenborg,2016-12-15T00:00:00.000Z,50,Fishing,gothenborg,1
57.70706,11.65927,0,184,204,3,FISKE PLATS,DK,47,0,STELLA NOVA,2,156348,9,25,5,0,43,1,2016-12-15T13:37:05.000Z,gothenborg,2016-12-15T00:00:00.000Z,50,Fishing,gothenborg,1
57.70707,11.65929,0,262,205,2,FISKE PLATS,DK,47,0,STELLA NOVA,2,156348,9,25,5,0,43,1,2016-12-15T13:39:06.000Z,gothenborg,2016-12-15T00:00:00.000Z,50,Fishing,gothenborg,1
57.70707,11.65929,0,262,205,2,FISKE PLATS,DK,47,0,STELLA NOVA,2,156348,9,25,5,0,43,1,2016-12-15T13:41:06.000Z,gothenborg,2016-12-15T00:00:00.000Z,50,Fishing,gothenborg,1
57.70707,11.65928,0,241,204,3,FISKE PLATS,DK,47,0,STELLA NOVA,2,156348,9,25,5,0,43,1,2016-12-15T13:43:05.000Z,gothenborg,2016-12-15T00:00:00.000Z,50,Fishing,gothenborg,1
57.70707,11.65928,0,241,204,4,FISKE PLATS,DK,47,0,STELLA NOVA,2,156348,9,25,5,0,43,1,2016-12-15T13:45:05.000Z,gothenborg,2016-12-15T00:00:00.000Z,50,Fishing,gothenborg,1
57.70705,11.65926,0,151,204,3,FISKE PLATS,DK,47,0,STELLA NOVA,2,156348,9,25,5,0,43,1,2016-12-15T13:47:06.000Z,gothenborg,2016-12-15T00:00:00.000Z,50,Fishing,gothenborg,1
57.70705,11.65928,0,249,204,2,FISKE PLATS,DK,47,0,STELLA NOVA,2,156348,9,25,5,0,43,1,2016-12-15T13:49:06.000Z,gothenborg,2016-12-15T00:00:00.000Z,50,Fishing,gothenborg,1
57.70705,11.65928,0,249,204,4,FISKE PLATS,DK,47,0,STELLA NOVA,2,156348,9,25,5,0,43,1,2016-12-15T13:51:05.000Z,gothenborg,2016-12-15T00:00:00.000Z,50,Fishing,gothenborg,1
57.70705,11.65928,0,264,206,3,FISKE PLATS,DK,47,0,STELLA NOVA,2,156348,9,25,5,0,43,1,2016-12-15T13:53:06.000Z,gothenborg,2016-12-15T00:00:00.000Z,50,Fishing,gothenborg,1
57.70705,11.65928,0,264,206,3,FISKE PLATS,DK,47,0,STELLA NOVA,2,156348,9,25,5,0,43,1,2016-12-15T13:55:05.000Z,gothenborg,2016-12-15T00:00:00.000Z,50,Fishing,gothenborg,1
57.70706,11.65927,0,241,206,4,FISKE PLATS,DK,47,0,STELLA NOVA,2,156348,9,25,5,0,43,1,2016-12-15T13:57:06.000Z,gothenborg,2016-12-15T00:00:00.000Z,50,Fishing,gothenborg,1
57.70706,11.65934,0,234,206,2,FISKE PLATS,DK,47,0,STELLA NOVA,2,156348,9,25,5,0,43,1,2016-12-15T13:59:06.000Z,gothenborg,2016-12-15T00:00:00.000Z,50,Fishing,gothenborg,1
57.70706,11.65934,0,234,206,4,FISKE PLATS,DK,47,0,STELLA NOVA,2,156348,9,25,5,0,43,1,2016-12-15T14:01:06.000Z,gothenborg,2016-12-15T00:00:00.000Z,50,Fishing,gothenborg,1
57.70706,11.65927,0,206,206,2,FISKE PLATS,DK,47,0,STELLA NOVA,2,156348,9,25,5,0,43,1,2016-12-15T14:03:05.000Z,gothenborg,2016-12-15T00:00:00.000Z,50,Fishing,gothenborg,1
57.70706,11.65927,0,206,206,4,FISKE PLATS,DK,47,0,STELLA NOVA,2,156348,9,25,5,0,43,1,2016-12-15T14:05:06.000Z,gothenborg,2016-12-15T00:00:00.000Z,50,Fishing,gothenborg,1
57.70705,11.65927,0,205,206,2,FISKE PLATS,DK,47,0,STELLA NOVA,2,156348,9,25,5,0,43,1,2016-12-15T14:07:05.000Z,gothenborg,2016-12-15T00:00:00.000Z,50,Fishing,gothenborg,1
57.70705,11.65927,0,205,206,4,FISKE PLATS,DK,47,0,STELLA NOVA,2,156348,9,25,5,0,43,1,2016-12-15T14:09:06.000Z,gothenborg,2016-12-15T00:00:00.000Z,50,Fishing,gothenborg,1
57.70708,11.65928,0,260,206,2,FISKE PLATS,DK,47,0,STELLA NOVA,2,156348,9,25,5,0,43,1,2016-12-15T14:11:05.000Z,gothenborg,2016-12-15T00:00:00.000Z,50,Fishing,gothenborg,1
57.70708,11.65928,0,260,206,4,FISKE PLATS,DK,47,0,STELLA NOVA,2,156348,9,25,5,0,43,1,2016-12-15T14:13:05.000Z,gothenborg,2016-12-15T00:00:00.000Z,50,Fishing,gothenborg,1
57.70707,11.65926,0,246,206,2,FISKE PLATS,DK,47,0,STELLA NOVA,2,156348,9,25,5,0,43,1,2016-12-15T14:15:05.000Z,gothenborg,2016-12-15T00:00:00.000Z,50,Fishing,gothenborg,1
57.70707,11.65926,0,246,206,4,FISKE PLATS,DK,47,0,STELLA NOVA,2,156348,9,25,5,0,43,1,2016-12-15T14:17:06.000Z,gothenborg,2016-12-15T00:00:00.000Z,50,Fishing,gothenborg,1
57.70707,11.65926,0,246,206,4,FISKE PLATS,DK,47,0,STELLA NOVA,2,156348,9,25,5,0,43,1,2016-12-15T14:19:05.000Z,gothenborg,2016-12-15T00:00:00.000Z,50,Fishing,gothenborg,1
57.70705,11.65929,0,53,206,4,FISKE PLATS,DK,47,0,STELLA NOVA,2,156348,9,25,5,0,43,1,2016-12-15T14:21:05.000Z,gothenborg,2016-12-15T00:00:00.000Z,50,Fishing,gothenborg,1
57.70705,11.65928,0,177,206,2,FISKE PLATS,DK,47,0,STELLA NOVA,2,156348,9,25,5,0,43,1,2016-12-15T14:23:05.000Z,gothenborg,2016-12-15T00:00:00.000Z,50,Fishing,gothenborg,1
57.70705,11.65928,0,177,206,3,FISKE PLATS,DK,47,0,STELLA NOVA,2,156348,9,25,5,0,43,1,2016-12-15T14:25:06.000Z,gothenborg,2016-12-15T00:00:00.000Z,50,Fishing,gothenborg,1
57.70705,11.65929,0,240,206,2,FISKE PLATS,DK,47,0,STELLA NOVA,2,156348,9,25,5,0,43,1,2016-12-15T14:27:05.000Z,gothenborg,2016-12-15T00:00:00.000Z,50,Fishing,gothenborg,1
57.70705,11.65929,0,240,206,4,FISKE PLATS,DK,47,0,STELLA NOVA,2,156348,9,25,5,0,43,1,2016-12-15T14:29:06.000Z,gothenborg,2016-12-15T00:00:00.000Z,50,Fishing,gothenborg,1
57.70707,11.65923,0,264,205,2,FISKE PLATS,DK,47,0,STELLA NOVA,2,156348,9,25,5,0,43,1,2016-12-15T14:31:04.000Z,gothenborg,2016-12-15T00:00:00.000Z,50,Fishing,gothenborg,1
57.70707,11.65923,0,264,205,3,FISKE PLATS,DK,47,0,STELLA NOVA,2,156348,9,25,5,0,43,1,2016-12-15T14:33:05.000Z,gothenborg,2016-12-15T00:00:00.000Z,50,Fishing,gothenborg,1
57.70707,11.65923,0,264,205,6,FISKE PLATS,DK,47,0,STELLA NOVA,2,156348,9,25,5,0,43,1,2016-12-15T14:35:06.000Z,gothenborg,2016-12-15T00:00:00.000Z,50,Fishing,gothenborg,1
57.70707,11.65923,0,170,205,4,FISKE PLATS,DK,47,0,STELLA NOVA,2,156348,9,25,5,0,43,1,2016-12-15T14:37:06.000Z,gothenborg,2016-12-15T00:00:00.000Z,50,Fishing,gothenborg,1
57.70707,11.65923,0,170,205,6,FISKE PLATS,DK,47,0,STELLA NOVA,2,156348,9,25,5,0,43,1,2016-12-15T14:39:05.000Z,gothenborg,2016-12-15T00:00:00.000Z,50,Fishing,gothenborg,1
57.70706,11.65924,0,239,205,2,FISKE PLATS,DK,47,0,STELLA NOVA,2,156348,9,25,5,0,43,1,2016-12-15T14:41:05.000Z,gothenborg,2016-12-15T00:00:00.000Z,50,Fishing,gothenborg,1
57.70706,11.65926,0,271,205,2,FISKE PLATS,DK,47,0,STELLA NOVA,2,156348,9,25,5,0,43,1,2016-12-15T14:43:05.000Z,gothenborg,2016-12-15T00:00:00.000Z,50,Fishing,gothenborg,1
57.70706,11.65926,0,271,205,4,FISKE PLATS,DK,47,0,STELLA NOVA,2,156348,9,25,5,0,43,1,2016-12-15T14:45:06.000Z,gothenborg,2016-12-15T00:00:00.000Z,50,Fishing,gothenborg,1
57.70706,11.65926,0,271,205,4,FISKE PLATS,DK,47,0,STELLA NOVA,2,156348,9,25,5,0,43,1,2016-12-15T14:47:05.000Z,gothenborg,2016-12-15T00:00:00.000Z,50,Fishing,gothenborg,1
57.70707,11.65923,0,235,205,4,FISKE PLATS,DK,47,0,STELLA NOVA,2,156348,9,25,5,0,43,1,2016-12-15T14:49:06.000Z,gothenborg,2016-12-15T00:00:00.000Z,50,Fishing,gothenborg,1
57.70707,11.65923,0,235,205,6,FISKE PLATS,DK,47,0,STELLA NOVA,2,156348,9,25,5,0,43,1,2016-12-15T14:51:05.000Z,gothenborg,2016-12-15T00:00:00.000Z,50,Fishing,gothenborg,1
57.70705,11.65928,0,318,207,3,FISKE PLATS,DK,47,0,STELLA NOVA,2,156348,9,25,5,0,43,1,2016-12-15T14:53:05.000Z,gothenborg,2016-12-15T00:00:00.000Z,50,Fishing,gothenborg,1
57.70705,11.65928,0,318,207,5,FISKE PLATS,DK,47,0,STELLA NOVA,2,156348,9,25,5,0,43,1,2016-12-15T14:55:05.000Z,gothenborg,2016-12-15T00:00:00.000Z,50,Fishing,gothenborg,1
57.70707,11.65926,0,322,206,3,FISKE PLATS,DK,47,0,STELLA NOVA,2,156348,9,25,5,0,43,1,2016-12-15T14:57:06.000Z,gothenborg,2016-12-15T00:00:00.000Z,50,Fishing,gothenborg,1
57.70707,11.65926,0,322,206,5,FISKE PLATS,DK,47,0,STELLA NOVA,2,156348,9,25,5,0,43,1,2016-12-15T14:59:05.000Z,gothenborg,2016-12-15T00:00:00.000Z,50,Fishing,gothenborg,1
57.70704,11.65928,0,313,206,3,FISKE PLATS,DK,47,0,STELLA NOVA,2,156348,9,25,5,0,43,1,2016-12-15T15:01:05.000Z,gothenborg,2016-12-15T00:00:00.000Z,50,Fishing,gothenborg,1
57.70704,11.65928,0,313,206,5,FISKE PLATS,DK,47,0,STELLA NOVA,2,156348,9,25,5,0,43,1,2016-12-15T15:03:05.000Z,gothenborg,2016-12-15T00:00:00.000Z,50,Fishing,gothenborg,1
57.70709,11.65927,0,296,206,5,FISKE PLATS,DK,47,0,STELLA NOVA,2,156348,9,25,5,0,43,1,2016-12-15T15:07:06.000Z,gothenborg,2016-12-15T00:00:00.000Z,50,Fishing,gothenborg,1
57.70707,11.65927,0,319,207,3,FISKE PLATS,DK,47,0,STELLA NOVA,2,156348,9,25,5,0,43,1,2016-12-15T15:09:06.000Z,gothenborg,2016-12-15T00:00:00.000Z,50,Fishing,gothenborg,1
57.70707,11.65927,0,319,207,5,FISKE PLATS,DK,47,0,STELLA NOVA,2,156348,9,25,5,0,43,1,2016-12-15T15:11:06.000Z,gothenborg,2016-12-15T00:00:00.000Z,50,Fishing,gothenborg,1
57.70707,11.65927,0,319,207,6,FISKE PLATS,DK,47,0,STELLA NOVA,2,156348,9,25,5,0,43,1,2016-12-15T15:13:06.000Z,gothenborg,2016-12-15T00:00:00.000Z,50,Fishing,gothenborg,1
57.70708,11.65928,0,304,206,4,FISKE PLATS,DK,47,0,STELLA NOVA,2,156348,9,25,5,0,43,1,2016-12-15T15:15:05.000Z,gothenborg,2016-12-15T00:00:00.000Z,50,Fishing,gothenborg,1
57.70708,11.65928,0,304,206,6,FISKE PLATS,DK,47,0,STELLA NOVA,2,156348,9,25,5,0,43,1,2016-12-15T15:17:06.000Z,gothenborg,2016-12-15T00:00:00.000Z,50,Fishing,gothenborg,1
57.70708,11.65928,0,304,206,6,FISKE PLATS,DK,47,0,STELLA NOVA,2,156348,9,25,5,0,43,1,2016-12-15T15:19:05.000Z,gothenborg,2016-12-15T00:00:00.000Z,50,Fishing,gothenborg,1
57.70708,11.65929,0,0,205,2,FISKE PLATS,DK,47,0,STELLA NOVA,2,156348,9,25,5,0,43,1,2016-12-15T15:21:06.000Z,gothenborg,2016-12-15T00:00:00.000Z,50,Fishing,gothenborg,1
57.70708,11.65929,0,0,205,4,FISKE PLATS,DK,47,0,STELLA NOVA,2,156348,9,25,5,0,43,1,2016-12-15T15:23:06.000Z,gothenborg,2016-12-15T00:00:00.000Z,50,Fishing,gothenborg,1
57.70707,11.6593,0,0,206,2,FISKE PLATS,DK,47,0,STELLA NOVA,2,156348,9,25,5,0,43,1,2016-12-15T15:25:05.000Z,gothenborg,2016-12-15T00:00:00.000Z,50,Fishing,gothenborg,1
57.70707,11.6593,0,0,206,4,FISKE PLATS,DK,47,0,STELLA NOVA,2,156348,9,25,5,0,43,1,2016-12-15T15:27:06.000Z,gothenborg,2016-12-15T00:00:00.000Z,50,Fishing,gothenborg,1
57.70704,11.65929,0,5,204,3,FISKE PLATS,DK,47,0,STELLA NOVA,2,156348,9,25,5,0,43,1,2016-12-15T15:29:05.000Z,gothenborg,2016-12-15T00:00:00.000Z,50,Fishing,gothenborg,1
57.70704,11.65929,0,5,204,5,FISKE PLATS,DK,47,0,STELLA NOVA,2,156348,9,25,5,0,43,1,2016-12-15T15:31:06.000Z,gothenborg,2016-12-15T00:00:00.000Z,50,Fishing,gothenborg,1
57.70705,11.65926,0,195,205,3,FISKE PLATS,DK,47,0,STELLA NOVA,2,156348,9,25,5,0,43,1,2016-12-15T15:33:05.000Z,gothenborg,2016-12-15T00:00:00.000Z,50,Fishing,gothenborg,1
57.70705,11.65926,0,195,205,5,FISKE PLATS,DK,47,0,STELLA NOVA,2,156348,9,25,5,0,43,1,2016-12-15T15:35:06.000Z,gothenborg,2016-12-15T00:00:00.000Z,50,Fishing,gothenborg,1
57.70707,11.6593,0,338,205,3,FISKE PLATS,DK,47,0,STELLA NOVA,2,156348,9,25,5,0,43,1,2016-12-15T15:37:06.000Z,gothenborg,2016-12-15T00:00:00.000Z,50,Fishing,gothenborg,1
57.70706,11.6593,0,348,205,2,FISKE PLATS,DK,47,0,STELLA NOVA,2,156348,9,25,5,0,43,1,2016-12-15T15:39:05.000Z,gothenborg,2016-12-15T00:00:00.000Z,50,Fishing,gothenborg,1
57.70706,11.6593,0,348,205,4,FISKE PLATS,DK,47,0,STELLA NOVA,2,156348,9,25,5,0,43,1,2016-12-15T15:41:05.000Z,gothenborg,2016-12-15T00:00:00.000Z,50,Fishing,gothenborg,1
57.70707,11.65928,0,19,205,3,FISKE PLATS,DK,47,0,STELLA NOVA,2,156348,9,25,5,0,43,1,2016-12-15T15:43:05.000Z,gothenborg,2016-12-15T00:00:00.000Z,50,Fishing,gothenborg,1
57.70707,11.65928,0,18,205,2,FISKE PLATS,DK,47,0,STELLA NOVA,2,156348,9,25,5,0,43,1,2016-12-15T15:45:06.000Z,gothenborg,2016-12-15T00:00:00.000Z,50,Fishing,gothenborg,1
57.70707,11.65928,0,18,205,4,FISKE PLATS,DK,47,0,STELLA NOVA,2,156348,9,25,5,0,43,1,2016-12-15T15:47:05.000Z,gothenborg,2016-12-15T00:00:00.000Z,50,Fishing,gothenborg,1
57.70707,11.65928,0,22,204,2,FISKE PLATS,DK,47,0,STELLA NOVA,2,156348,9,25,5,0,43,1,2016-12-15T15:49:06.000Z,gothenborg,2016-12-15T00:00:00.000Z,50,Fishing,gothenborg,1
57.70707,11.65928,0,22,204,4,FISKE PLATS,DK,47,0,STELLA NOVA,2,156348,9,25,5,0,43,1,2016-12-15T15:51:05.000Z,gothenborg,2016-12-15T00:00:00.000Z,50,Fishing,gothenborg,1
57.70709,11.6593,0,323,204,2,FISKE PLATS,DK,47,0,STELLA NOVA,2,156348,9,25,5,0,43,1,2016-12-15T15:53:05.000Z,gothenborg,2016-12-15T00:00:00.000Z,50,Fishing,gothenborg,1
57.70709,11.6593,0,323,204,4,FISKE PLATS,DK,47,0,STELLA NOVA,2,156348,9,25,5,0,43,1,2016-12-15T15:55:06.000Z,gothenborg,2016-12-15T00:00:00.000Z,50,Fishing,gothenborg,1
57.70709,11.6593,0,323,204,6,FISKE PLATS,DK,47,0,STELLA NOVA,2,156348,9,25,5,0,43,1,2016-12-15T15:57:06.000Z,gothenborg,2016-12-15T00:00:00.000Z,50,Fishing,gothenborg,1
57.70707,11.65929,0,313,204,3,FISKE PLATS,DK,47,0,STELLA NOVA,2,156348,9,25,5,0,43,1,2016-12-15T15:59:05.000Z,gothenborg,2016-12-15T00:00:00.000Z,50,Fishing,gothenborg,1
57.70707,11.65929,0,313,204,5,FISKE PLATS,DK,47,0,STELLA NOVA,2,156348,9,25,5,0,43,1,2016-12-15T16:01:06.000Z,gothenborg,2016-12-15T00:00:00.000Z,50,Fishing,gothenborg,1
57.70707,11.65929,0,313,204,5,FISKE PLATS,DK,47,0,STELLA NOVA,2,156348,9,25,5,0,43,1,2016-12-15T16:03:05.000Z,gothenborg,2016-12-15T00:00:00.000Z,50,Fishing,gothenborg,1
57.70706,11.65926,0,281,205,5,FISKE PLATS,DK,47,0,STELLA NOVA,2,156348,9,25,5,0,43,1,2016-12-15T16:05:06.000Z,gothenborg,2016-12-15T00:00:00.000Z,50,Fishing,gothenborg,1
57.70708,11.65929,0,298,205,3,FISKE PLATS,DK,47,0,STELLA NOVA,2,156348,9,25,5,0,43,1,2016-12-15T16:07:06.000Z,gothenborg,2016-12-15T00:00:00.000Z,50,Fishing,gothenborg,1
57.70706,11.65928,0,323,205,2,FISKE PLATS,DK,47,0,STELLA NOVA,2,156348,9,25,5,0,43,1,2016-12-15T16:09:06.000Z,gothenborg,2016-12-15T00:00:00.000Z,50,Fishing,gothenborg,1
57.70706,11.65928,0,323,205,4,FISKE PLATS,DK,47,0,STELLA NOVA,2,156348,9,25,5,0,43,1,2016-12-15T16:11:05.000Z,gothenborg,2016-12-15T00:00:00.000Z,50,Fishing,gothenborg,1
57.70709,11.6593,0,231,206,3,FISKE PLATS,DK,47,0,STELLA NOVA,2,156348,9,25,5,0,43,1,2016-12-15T16:13:06.000Z,gothenborg,2016-12-15T00:00:00.000Z,50,Fishing,gothenborg,1
57.70709,11.6593,0,231,206,5,FISKE PLATS,DK,47,0,STELLA NOVA,2,156348,9,25,5,0,43,1,2016-12-15T16:15:06.000Z,gothenborg,2016-12-15T00:00:00.000Z,50,Fishing,gothenborg,1
57.70708,11.65929,0,290,205,3,FISKE PLATS,DK,47,0,STELLA NOVA,2,156348,9,25,5,0,43,1,2016-12-15T16:17:05.000Z,gothenborg,2016-12-15T00:00:00.000Z,50,Fishing,gothenborg,1
57.70707,11.65928,0,286,206,2,FISKE PLATS,DK,47,0,STELLA NOVA,2,156348,9,25,5,0,43,1,2016-12-15T16:19:06.000Z,gothenborg,2016-12-15T00:00:00.000Z,50,Fishing,gothenborg,1
57.70707,11.65928,0,286,206,4,FISKE PLATS,DK,47,0,STELLA NOVA,2,156348,9,25,5,0,43,1,2016-12-15T16:21:06.000Z,gothenborg,2016-12-15T00:00:00.000Z,50,Fishing,gothenborg,1
57.70707,11.65928,0,286,206,6,FISKE PLATS,DK,47,0,STELLA NOVA,2,156348,9,25,5,0,43,1,2016-12-15T16:23:05.000Z,gothenborg,2016-12-15T00:00:00.000Z,50,Fishing,gothenborg,1
57.70708,11.65927,0,247,206,3,FISKE PLATS,DK,47,0,STELLA NOVA,2,156348,9,25,5,0,43,1,2016-12-15T16:25:06.000Z,gothenborg,2016-12-15T00:00:00.000Z,50,Fishing,gothenborg,1
57.70708,11.65927,0,247,206,5,FISKE PLATS,DK,47,0,STELLA NOVA,2,156348,9,25,5,0,43,1,2016-12-15T16:27:05.000Z,gothenborg,2016-12-15T00:00:00.000Z,50,Fishing,gothenborg,1
57.70706,11.65928,0,237,205,3,FISKE PLATS,DK,47,0,STELLA NOVA,2,156348,9,25,5,0,43,1,2016-12-15T16:29:05.000Z,gothenborg,2016-12-15T00:00:00.000Z,50,Fishing,gothenborg,1
57.70707,11.65926,0,252,206,2,FISKE PLATS,DK,47,0,STELLA NOVA,2,156348,9,25,5,0,43,1,2016-12-15T16:31:06.000Z,gothenborg,2016-12-15T00:00:00.000Z,50,Fishing,gothenborg,1
57.70707,11.65926,0,252,206,4,FISKE PLATS,DK,47,0,STELLA NOVA,2,156348,9,25,5,0,43,1,2016-12-15T16:33:05.000Z,gothenborg,2016-12-15T00:00:00.000Z,50,Fishing,gothenborg,1
57.70707,11.65926,0,252,206,5,FISKE PLATS,DK,47,0,STELLA NOVA,2,156348,9,25,5,0,43,1,2016-12-15T16:35:06.000Z,gothenborg,2016-12-15T00:00:00.000Z,50,Fishing,gothenborg,1
57.70705,11.65928,0,224,206,4,FISKE PLATS,DK,47,0,STELLA NOVA,2,156348,9,25,5,0,43,1,2016-12-15T16:37:06.000Z,gothenborg,2016-12-15T00:00:00.000Z,50,Fishing,gothenborg,1
57.70705,11.65928,0,224,206,6,FISKE PLATS,DK,47,0,STELLA NOVA,2,156348,9,25,5,0,43,1,2016-12-15T16:39:05.000Z,gothenborg,2016-12-15T00:00:00.000Z,50,Fishing,gothenborg,1
57.70708,11.65929,0,278,206,3,FISKE PLATS,DK,47,0,STELLA NOVA,2,156348,9,25,5,0,43,1,2016-12-15T16:41:06.000Z,gothenborg,2016-12-15T00:00:00.000Z,50,Fishing,gothenborg,1
57.70708,11.65929,0,278,206,5,FISKE PLATS,DK,47,0,STELLA NOVA,2,156348,9,25,5,0,43,1,2016-12-15T16:43:05.000Z,gothenborg,2016-12-15T00:00:00.000Z,50,Fishing,gothenborg,1
57.70705,11.65929,0,287,206,3,FISKE PLATS,DK,47,0,STELLA NOVA,2,156348,9,25,5,0,43,1,2016-12-15T16:45:07.000Z,gothenborg,2016-12-15T00:00:00.000Z,50,Fishing,gothenborg,1
57.70705,11.65929,0,287,206,3,FISKE PLATS,DK,47,0,STELLA NOVA,2,156348,9,25,5,0,43,1,2016-12-15T16:47:05.000Z,gothenborg,2016-12-15T00:00:00.000Z,50,Fishing,gothenborg,1
57.70705,11.65931,0,258,206,3,FISKE PLATS,DK,47,0,STELLA NOVA,2,156348,9,25,5,0,43,1,2016-12-15T16:49:05.000Z,gothenborg,2016-12-15T00:00:00.000Z,50,Fishing,gothenborg,1
57.70705,11.65931,0,258,206,5,FISKE PLATS,DK,47,0,STELLA NOVA,2,156348,9,25,5,0,43,1,2016-12-15T16:51:05.000Z,gothenborg,2016-12-15T00:00:00.000Z,50,Fishing,gothenborg,1
57.70707,11.65928,0,250,206,3,FISKE PLATS,DK,47,0,STELLA NOVA,2,156348,9,25,5,0,43,1,2016-12-15T16:53:06.000Z,gothenborg,2016-12-15T00:00:00.000Z,50,Fishing,gothenborg,1
57.70707,11.65928,0,250,206,5,FISKE PLATS,DK,47,0,STELLA NOVA,2,156348,9,25,5,0,43,1,2016-12-15T16:55:05.000Z,gothenborg,2016-12-15T00:00:00.000Z,50,Fishing,gothenborg,1
57.70706,11.65928,0,287,206,3,FISKE PLATS,DK,47,0,STELLA NOVA,2,156348,9,25,5,0,43,1,2016-12-15T16:57:05.000Z,gothenborg,2016-12-15T00:00:00.000Z,50,Fishing,gothenborg,1
57.70706,11.65928,0,287,206,5,FISKE PLATS,DK,47,0,STELLA NOVA,2,156348,9,25,5,0,43,1,2016-12-15T16:59:05.000Z,gothenborg,2016-12-15T00:00:00.000Z,50,Fishing,gothenborg,1
57.70708,11.65928,0,277,206,3,FISKE PLATS,DK,47,0,STELLA NOVA,2,156348,9,25,5,0,43,1,2016-12-15T17:01:06.000Z,gothenborg,2016-12-15T00:00:00.000Z,50,Fishing,gothenborg,1
57.70706,11.65928,0,265,206,4,FISKE PLATS,DK,47,0,STELLA NOVA,2,156348,9,25,5,0,43,1,2016-12-15T17:05:05.000Z,gothenborg,2016-12-15T00:00:00.000Z,50,Fishing,gothenborg,1
57.70705,11.6593,0,265,206,2,FISKE PLATS,DK,47,0,STELLA NOVA,2,156348,9,25,5,0,43,1,2016-12-15T17:07:05.000Z,gothenborg,2016-12-15T00:00:00.000Z,50,Fishing,gothenborg,1
57.70705,11.6593,0,265,206,4,FISKE PLATS,DK,47,0,STELLA NOVA,2,156348,9,25,5,0,43,1,2016-12-15T17:09:06.000Z,gothenborg,2016-12-15T00:00:00.000Z,50,Fishing,gothenborg,1
57.70707,11.65931,0,331,206,2,FISKE PLATS,DK,47,0,STELLA NOVA,2,156348,9,25,5,0,43,1,2016-12-15T17:11:06.000Z,gothenborg,2016-12-15T00:00:00.000Z,50,Fishing,gothenborg,1
57.70707,11.65931,0,331,206,4,FISKE PLATS,DK,47,0,STELLA NOVA,2,156348,9,25,5,0,43,1,2016-12-15T17:13:05.000Z,gothenborg,2016-12-15T00:00:00.000Z,50,Fishing,gothenborg,1
57.70707,11.6593,0,290,206,2,FISKE PLATS,DK,47,0,STELLA NOVA,2,156348,9,25,5,0,43,1,2016-12-15T17:15:06.000Z,gothenborg,2016-12-15T00:00:00.000Z,50,Fishing,gothenborg,1
57.70707,11.6593,0,290,206,4,FISKE PLATS,DK,47,0,STELLA NOVA,2,156348,9,25,5,0,43,1,2016-12-15T17:17:05.000Z,gothenborg,2016-12-15T00:00:00.000Z,50,Fishing,gothenborg,1
57.70705,11.65929,0,311,205,2,FISKE PLATS,DK,47,0,STELLA NOVA,2,156348,9,25,5,0,43,1,2016-12-15T17:19:06.000Z,gothenborg,2016-12-15T00:00:00.000Z,50,Fishing,gothenborg,1
57.70705,11.65929,0,311,205,2,FISKE PLATS,DK,47,0,STELLA NOVA,2,156348,9,25,5,0,43,1,2016-12-15T17:21:05.000Z,gothenborg,2016-12-15T00:00:00.000Z,50,Fishing,gothenborg,1
57.70705,11.65929,0,311,205,6,FISKE PLATS,DK,47,0,STELLA NOVA,2,156348,9,25,5,0,43,1,2016-12-15T17:23:06.000Z,gothenborg,2016-12-15T00:00:00.000Z,50,Fishing,gothenborg,1
57.70708,11.65928,0,307,205,3,FISKE PLATS,DK,47,0,STELLA NOVA,2,156348,9,25,5,0,43,1,2016-12-15T17:25:05.000Z,gothenborg,2016-12-15T00:00:00.000Z,50,Fishing,gothenborg,1
57.70708,11.65928,0,307,205,5,FISKE PLATS,DK,47,0,STELLA NOVA,2,156348,9,25,5,0,43,1,2016-12-15T17:27:06.000Z,gothenborg,2016-12-15T00:00:00.000Z,50,Fishing,gothenborg,1
57.70706,11.65927,0,308,205,3,FISKE PLATS,DK,47,0,STELLA NOVA,2,156348,9,25,5,0,43,1,2016-12-15T17:29:05.000Z,gothenborg,2016-12-15T00:00:00.000Z,50,Fishing,gothenborg,1
57.70706,11.65927,0,308,205,5,FISKE PLATS,DK,47,0,STELLA NOVA,2,156348,9,25,5,0,43,1,2016-12-15T17:31:04.000Z,gothenborg,2016-12-15T00:00:00.000Z,50,Fishing,gothenborg,1
57.70708,11.6593,0,311,205,3,FISKE PLATS,DK,47,0,STELLA NOVA,2,156348,9,25,5,0,43,1,2016-12-15T17:33:06.000Z,gothenborg,2016-12-15T00:00:00.000Z,50,Fishing,gothenborg,1
57.70708,11.6593,0,311,205,4,FISKE PLATS,DK,47,0,STELLA NOVA,2,156348,9,25,5,0,43,1,2016-12-15T17:35:05.000Z,gothenborg,2016-12-15T00:00:00.000Z,50,Fishing,gothenborg,1
57.70707,11.65927,0,322,205,3,FISKE PLATS,DK,47,0,STELLA NOVA,2,156348,9,25,5,0,43,1,2016-12-15T17:37:06.000Z,gothenborg,2016-12-15T00:00:00.000Z,50,Fishing,gothenborg,1
57.70707,11.65926,0,274,206,2,FISKE PLATS,DK,47,0,STELLA NOVA,2,156348,9,25,5,0,43,1,2016-12-15T17:39:05.000Z,gothenborg,2016-12-15T00:00:00.000Z,50,Fishing,gothenborg,1
57.70707,11.65926,0,274,206,4,FISKE PLATS,DK,47,0,STELLA NOVA,2,156348,9,25,5,0,43,1,2016-12-15T17:41:05.000Z,gothenborg,2016-12-15T00:00:00.000Z,50,Fishing,gothenborg,1
57.70707,11.65927,0,286,206,2,FISKE PLATS,DK,47,0,STELLA NOVA,2,156348,9,25,5,0,43,1,2016-12-15T17:43:05.000Z,gothenborg,2016-12-15T00:00:00.000Z,50,Fishing,gothenborg,1
57.70707,11.65927,0,286,206,4,FISKE PLATS,DK,47,0,STELLA NOVA,2,156348,9,25,5,0,43,1,2016-12-15T17:45:06.000Z,gothenborg,2016-12-15T00:00:00.000Z,50,Fishing,gothenborg,1
57.70707,11.65929,0,325,206,2,FISKE PLATS,DK,47,0,STELLA NOVA,2,156348,9,25,5,0,43,1,2016-12-15T17:47:05.000Z,gothenborg,2016-12-15T00:00:00.000Z,50,Fishing,gothenborg,1
57.70707,11.65929,0,325,206,4,FISKE PLATS,DK,47,0,STELLA NOVA,2,156348,9,25,5,0,43,1,2016-12-15T17:49:05.000Z,gothenborg,2016-12-15T00:00:00.000Z,50,Fishing,gothenborg,1
57.70707,11.65929,0,325,206,4,FISKE PLATS,DK,47,0,STELLA NOVA,2,156348,9,25,5,0,43,1,2016-12-15T17:51:04.000Z,gothenborg,2016-12-15T00:00:00.000Z,50,Fishing,gothenborg,1
57.70706,11.65926,0,319,206,2,FISKE PLATS,DK,47,0,STELLA NOVA,2,156348,9,25,5,0,43,1,2016-12-15T17:53:06.000Z,gothenborg,2016-12-15T00:00:00.000Z,50,Fishing,gothenborg,1
57.70706,11.65926,0,319,206,4,FISKE PLATS,DK,47,0,STELLA NOVA,2,156348,9,25,5,0,43,1,2016-12-15T17:55:06.000Z,gothenborg,2016-12-15T00:00:00.000Z,50,Fishing,gothenborg,1
57.70708,11.65928,0,223,206,2,FISKE PLATS,DK,47,0,STELLA NOVA,2,156348,9,25,5,0,43,1,2016-12-15T17:57:05.000Z,gothenborg,2016-12-15T00:00:00.000Z,50,Fishing,gothenborg,1
57.70708,11.65928,0,223,206,4,FISKE PLATS,DK,47,0,STELLA NOVA,2,156348,9,25,5,0,43,1,2016-12-15T17:59:06.000Z,gothenborg,2016-12-15T00:00:00.000Z,50,Fishing,gothenborg,1
57.70708,11.65928,0,223,206,5,FISKE PLATS,DK,47,0,STELLA NOVA,2,156348,9,25,5,0,43,1,2016-12-15T18:01:05.000Z,gothenborg,2016-12-15T00:00:00.000Z,50,Fishing,gothenborg,1
57.70708,11.65926,0,91,205,5,FISKE PLATS,DK,47,0,STELLA NOVA,2,156348,9,25,5,0,43,1,2016-12-15T18:03:06.000Z,gothenborg,2016-12-15T00:00:00.000Z,50,Fishing,gothenborg,1
57.70708,11.65929,0,7,206,2,FISKE PLATS,DK,47,0,STELLA NOVA,2,156348,9,25,5,0,43,1,2016-12-15T18:05:05.000Z,gothenborg,2016-12-15T00:00:00.000Z,50,Fishing,gothenborg,1
57.70708,11.65929,0,7,206,5,FISKE PLATS,DK,47,0,STELLA NOVA,2,156348,9,25,5,0,43,1,2016-12-15T18:07:06.000Z,gothenborg,2016-12-15T00:00:00.000Z,50,Fishing,gothenborg,1
57.70707,11.65928,0,318,205,2,FISKE PLATS,DK,47,0,STELLA NOVA,2,156348,9,25,5,0,43,1,2016-12-15T18:09:05.000Z,gothenborg,2016-12-15T00:00:00.000Z,50,Fishing,gothenborg,1
57.70707,11.65928,0,318,205,4,FISKE PLATS,DK,47,0,STELLA NOVA,2,156348,9,25,5,0,43,1,2016-12-15T18:11:05.000Z,gothenborg,2016-12-15T00:00:00.000Z,50,Fishing,gothenborg,1
57.70705,11.65928,0,351,205,2,FISKE PLATS,DK,47,0,STELLA NOVA,2,156348,9,25,5,0,43,1,2016-12-15T18:13:05.000Z,gothenborg,2016-12-15T00:00:00.000Z,50,Fishing,gothenborg,1
57.70705,11.65928,0,351,205,2,FISKE PLATS,DK,47,0,STELLA NOVA,2,156348,9,25,5,0,43,1,2016-12-15T18:15:07.000Z,gothenborg,2016-12-15T00:00:00.000Z,50,Fishing,gothenborg,1
57.70707,11.65928,0,353,205,2,FISKE PLATS,DK,47,0,STELLA NOVA,2,156348,9,25,5,0,43,1,2016-12-15T18:17:05.000Z,gothenborg,2016-12-15T00:00:00.000Z,50,Fishing,gothenborg,1
57.70707,11.65928,0,353,205,4,FISKE PLATS,DK,47,0,STELLA NOVA,2,156348,9,25,5,0,43,1,2016-12-15T18:19:06.000Z,gothenborg,2016-12-15T00:00:00.000Z,50,Fishing,gothenborg,1
57.70705,11.65926,0,337,206,2,FISKE PLATS,DK,47,0,STELLA NOVA,2,156348,9,25,5,0,43,1,2016-12-15T18:21:05.000Z,gothenborg,2016-12-15T00:00:00.000Z,50,Fishing,gothenborg,1
57.70705,11.65926,0,337,206,3,FISKE PLATS,DK,47,0,STELLA NOVA,2,156348,9,25,5,0,43,1,2016-12-15T18:23:07.000Z,gothenborg,2016-12-15T00:00:00.000Z,50,Fishing,gothenborg,1
57.70707,11.65928,0,30,205,2,FISKE PLATS,DK,47,0,STELLA NOVA,2,156348,9,25,5,0,43,1,2016-12-15T18:25:05.000Z,gothenborg,2016-12-15T00:00:00.000Z,50,Fishing,gothenborg,1
57.70707,11.65928,0,30,205,5,FISKE PLATS,DK,47,0,STELLA NOVA,2,156348,9,25,5,0,43,1,2016-12-15T18:27:05.000Z,gothenborg,2016-12-15T00:00:00.000Z,50,Fishing,gothenborg,1
57.70706,11.65927,0,346,205,3,FISKE PLATS,DK,47,0,STELLA NOVA,2,156348,9,25,5,0,43,1,2016-12-15T18:29:07.000Z,gothenborg,2016-12-15T00:00:00.000Z,50,Fishing,gothenborg,1
57.70707,11.65926,0,17,205,2,FISKE PLATS,DK,47,0,STELLA NOVA,2,156348,9,25,5,0,43,1,2016-12-15T18:31:08.000Z,gothenborg,2016-12-15T00:00:00.000Z,50,Fishing,gothenborg,1
57.70707,11.65926,0,17,205,2,FISKE PLATS,DK,47,0,STELLA NOVA,2,156348,9,25,5,0,43,1,2016-12-15T18:33:16.000Z,gothenborg,2016-12-15T00:00:00.000Z,50,Fishing,gothenborg,1
57.70707,11.65927,0,277,205,3,FISKE PLATS,DK,47,0,STELLA NOVA,2,156348,9,25,5,0,43,1,2016-12-15T18:35:06.000Z,gothenborg,2016-12-15T00:00:00.000Z,50,Fishing,gothenborg,1
57.70707,11.65925,0,16,205,2,FISKE PLATS,DK,47,0,STELLA NOVA,2,156348,9,25,5,0,43,1,2016-12-15T18:37:06.000Z,gothenborg,2016-12-15T00:00:00.000Z,50,Fishing,gothenborg,1
57.70707,11.65925,0,16,205,4,FISKE PLATS,DK,47,0,STELLA NOVA,2,156348,9,25,5,0,43,1,2016-12-15T18:39:06.000Z,gothenborg,2016-12-15T00:00:00.000Z,50,Fishing,gothenborg,1
57.70706,11.65928,0,308,206,3,FISKE PLATS,DK,47,0,STELLA NOVA,2,156348,9,25,5,0,43,1,2016-12-15T18:41:06.000Z,gothenborg,2016-12-15T00:00:00.000Z,50,Fishing,gothenborg,1
57.70706,11.65928,0,308,206,3,FISKE PLATS,DK,47,0,STELLA NOVA,2,156348,9,25,5,0,43,1,2016-12-15T18:43:05.000Z,gothenborg,2016-12-15T00:00:00.000Z,50,Fishing,gothenborg,1
57.70707,11.6593,0,15,206,4,FISKE PLATS,DK,47,0,STELLA NOVA,2,156348,9,25,5,0,43,1,2016-12-15T18:45:09.000Z,gothenborg,2016-12-15T00:00:00.000Z,50,Fishing,gothenborg,1
57.70706,11.6593,0,291,205,2,FISKE PLATS,DK,47,0,STELLA NOVA,2,156348,9,25,5,0,43,1,2016-12-15T18:47:05.000Z,gothenborg,2016-12-15T00:00:00.000Z,50,Fishing,gothenborg,1
57.70706,11.6593,0,291,205,4,FISKE PLATS,DK,47,0,STELLA NOVA,2,156348,9,25,5,0,43,1,2016-12-15T18:49:05.000Z,gothenborg,2016-12-15T00:00:00.000Z,50,Fishing,gothenborg,1
57.70706,11.65929,0,26,205,3,FISKE PLATS,DK,47,0,STELLA NOVA,2,156348,9,25,5,0,43,1,2016-12-15T18:51:05.000Z,gothenborg,2016-12-15T00:00:00.000Z,50,Fishing,gothenborg,1
57.70706,11.65929,0,26,205,5,FISKE PLATS,DK,47,0,STELLA NOVA,2,156348,9,25,5,0,43,1,2016-12-15T18:53:05.000Z,gothenborg,2016-12-15T00:00:00.000Z,50,Fishing,gothenborg,1
57.70707,11.65926,0,264,206,4,FISKE PLATS,DK,47,0,STELLA NOVA,2,156348,9,25,5,0,43,1,2016-12-15T18:55:06.000Z,gothenborg,2016-12-15T00:00:00.000Z,50,Fishing,gothenborg,1
57.70707,11.65926,0,264,206,4,FISKE PLATS,DK,47,0,STELLA NOVA,2,156348,9,25,5,0,43,1,2016-12-15T18:57:05.000Z,gothenborg,2016-12-15T00:00:00.000Z,50,Fishing,gothenborg,1
57.70706,11.65928,0,230,206,4,FISKE PLATS,DK,47,0,STELLA NOVA,2,156348,9,25,5,0,43,1,2016-12-15T18:59:05.000Z,gothenborg,2016-12-15T00:00:00.000Z,50,Fishing,gothenborg,1
57.70707,11.6593,0,327,206,2,FISKE PLATS,DK,47,0,STELLA NOVA,2,156348,9,25,5,0,43,1,2016-12-15T19:01:06.000Z,gothenborg,2016-12-15T00:00:00.000Z,50,Fishing,gothenborg,1
57.70707,11.6593,0,327,206,2,FISKE PLATS,DK,47,0,STELLA NOVA,2,156348,9,25,5,0,43,1,2016-12-15T19:03:05.000Z,gothenborg,2016-12-15T00:00:00.000Z,50,Fishing,gothenborg,1
57.70707,11.65926,0,291,207,3,FISKE PLATS,DK,47,0,STELLA NOVA,2,156348,9,25,5,0,43,1,2016-12-15T19:05:05.000Z,gothenborg,2016-12-15T00:00:00.000Z,50,Fishing,gothenborg,1
57.70707,11.65927,0,267,207,2,FISKE PLATS,DK,47,0,STELLA NOVA,2,156348,9,25,5,0,43,1,2016-12-15T19:07:06.000Z,gothenborg,2016-12-15T00:00:00.000Z,50,Fishing,gothenborg,1
57.70707,11.65927,0,267,207,4,FISKE PLATS,DK,47,0,STELLA NOVA,2,156348,9,25,5,0,43,1,2016-12-15T19:09:05.000Z,gothenborg,2016-12-15T00:00:00.000Z,50,Fishing,gothenborg,1
57.70706,11.65926,0,98,206,2,FISKE PLATS,DK,47,0,STELLA NOVA,2,156348,9,25,5,0,43,1,2016-12-15T19:11:05.000Z,gothenborg,2016-12-15T00:00:00.000Z,50,Fishing,gothenborg,1
57.70706,11.65926,0,98,206,4,FISKE PLATS,DK,47,0,STELLA NOVA,2,156348,9,25,5,0,43,1,2016-12-15T19:13:05.000Z,gothenborg,2016-12-15T00:00:00.000Z,50,Fishing,gothenborg,1
57.70707,11.65929,0,339,206,3,FISKE PLATS,DK,47,0,STELLA NOVA,2,156348,9,25,5,0,43,1,2016-12-15T19:15:05.000Z,gothenborg,2016-12-15T00:00:00.000Z,50,Fishing,gothenborg,1
57.70707,11.65926,0,10,206,2,FISKE PLATS,DK,47,0,STELLA NOVA,2,156348,9,25,5,0,43,1,2016-12-15T19:17:05.000Z,gothenborg,2016-12-15T00:00:00.000Z,50,Fishing,gothenborg,1
57.70707,11.65926,0,10,206,2,FISKE PLATS,DK,47,0,STELLA NOVA,2,156348,9,25,5,0,43,1,2016-12-15T19:19:05.000Z,gothenborg,2016-12-15T00:00:00.000Z,50,Fishing,gothenborg,1
57.70708,11.6593,0,313,206,3,FISKE PLATS,DK,47,0,STELLA NOVA,2,156348,9,25,5,0,43,1,2016-12-15T19:21:05.000Z,gothenborg,2016-12-15T00:00:00.000Z,50,Fishing,gothenborg,1
57.70707,11.65927,0,347,206,2,FISKE PLATS,DK,47,0,STELLA NOVA,2,156348,9,25,5,0,43,1,2016-12-15T19:23:05.000Z,gothenborg,2016-12-15T00:00:00.000Z,50,Fishing,gothenborg,1
57.70707,11.65927,0,347,206,4,FISKE PLATS,DK,47,0,STELLA NOVA,2,156348,9,25,5,0,43,1,2016-12-15T19:25:05.000Z,gothenborg,2016-12-15T00:00:00.000Z,50,Fishing,gothenborg,1
57.70705,11.65927,0,249,206,3,FISKE PLATS,DK,47,0,STELLA NOVA,2,156348,9,25,5,0,43,1,2016-12-15T19:27:05.000Z,gothenborg,2016-12-15T00:00:00.000Z,50,Fishing,gothenborg,1
57.70705,11.65927,0,249,206,5,FISKE PLATS,DK,47,0,STELLA NOVA,2,156348,9,25,5,0,43,1,2016-12-15T19:29:05.000Z,gothenborg,2016-12-15T00:00:00.000Z,50,Fishing,gothenborg,1
57.70706,11.65928,0,236,206,3,FISKE PLATS,DK,47,0,STELLA NOVA,2,156348,9,25,5,0,43,1,2016-12-15T19:31:05.000Z,gothenborg,2016-12-15T00:00:00.000Z,50,Fishing,gothenborg,1
57.70707,11.65926,0,225,206,2,FISKE PLATS,DK,47,0,STELLA NOVA,2,156348,9,25,5,0,43,1,2016-12-15T19:33:05.000Z,gothenborg,2016-12-15T00:00:00.000Z,50,Fishing,gothenborg,1
57.70707,11.65926,0,225,206,4,FISKE PLATS,DK,47,0,STELLA NOVA,2,156348,9,25,5,0,43,1,2016-12-15T19:35:06.000Z,gothenborg,2016-12-15T00:00:00.000Z,50,Fishing,gothenborg,1
57.70707,11.65927,0,90,206,2,FISKE PLATS,DK,47,0,STELLA NOVA,2,156348,9,25,5,0,43,1,2016-12-15T19:37:05.000Z,gothenborg,2016-12-15T00:00:00.000Z,50,Fishing,gothenborg,1
57.70707,11.65927,0,90,206,4,FISKE PLATS,DK,47,0,STELLA NOVA,2,156348,9,25,5,0,43,1,2016-12-15T19:39:06.000Z,gothenborg,2016-12-15T00:00:00.000Z,50,Fishing,gothenborg,1
57.70708,11.65927,0,224,206,3,FISKE PLATS,DK,47,0,STELLA NOVA,2,156348,9,25,5,0,43,1,2016-12-15T19:41:05.000Z,gothenborg,2016-12-15T00:00:00.000Z,50,Fishing,gothenborg,1
57.70706,11.65925,0,288,206,2,FISKE PLATS,DK,47,0,STELLA NOVA,2,156348,9,25,5,0,43,1,2016-12-15T19:43:06.000Z,gothenborg,2016-12-15T00:00:00.000Z,50,Fishing,gothenborg,1
57.70706,11.65925,0,288,206,4,FISKE PLATS,DK,47,0,STELLA NOVA,2,156348,9,25,5,0,43,1,2016-12-15T19:45:06.000Z,gothenborg,2016-12-15T00:00:00.000Z,50,Fishing,gothenborg,1
57.70707,11.65926,0,212,206,3,FISKE PLATS,DK,47,0,STELLA NOVA,2,156348,9,25,5,0,43,1,2016-12-15T19:47:05.000Z,gothenborg,2016-12-15T00:00:00.000Z,50,Fishing,gothenborg,1
57.70707,11.65926,0,212,206,5,FISKE PLATS,DK,47,0,STELLA NOVA,2,156348,9,25,5,0,43,1,2016-12-15T19:49:05.000Z,gothenborg,2016-12-15T00:00:00.000Z,50,Fishing,gothenborg,1
57.70707,11.65924,0,264,207,3,FISKE PLATS,DK,47,0,STELLA NOVA,2,156348,9,25,5,0,43,1,2016-12-15T19:51:05.000Z,gothenborg,2016-12-15T00:00:00.000Z,50,Fishing,gothenborg,1
57.70707,11.65924,0,264,207,4,FISKE PLATS,DK,47,0,STELLA NOVA,2,156348,9,25,5,0,43,1,2016-12-15T19:53:05.000Z,gothenborg,2016-12-15T00:00:00.000Z,50,Fishing,gothenborg,1
57.70707,11.65929,0,199,206,4,FISKE PLATS,DK,47,0,STELLA NOVA,2,156348,9,25,5,0,43,1,2016-12-15T19:55:05.000Z,gothenborg,2016-12-15T00:00:00.000Z,50,Fishing,gothenborg,1
57.70708,11.65926,0,338,206,3,FISKE PLATS,DK,47,0,STELLA NOVA,2,156348,9,25,5,0,43,1,2016-12-15T19:57:05.000Z,gothenborg,2016-12-15T00:00:00.000Z,50,Fishing,gothenborg,1
57.70708,11.65926,0,338,206,3,FISKE PLATS,DK,47,0,STELLA NOVA,2,156348,9,25,5,0,43,1,2016-12-15T19:59:04.000Z,gothenborg,2016-12-15T00:00:00.000Z,50,Fishing,gothenborg,1
57.70707,11.65927,0,326,206,3,FISKE PLATS,DK,47,0,STELLA NOVA,2,156348,9,25,5,0,43,1,2016-12-15T20:01:05.000Z,gothenborg,2016-12-15T00:00:00.000Z,50,Fishing,gothenborg,1
57.70707,11.65927,0,326,206,4,FISKE PLATS,DK,47,0,STELLA NOVA,2,156348,9,25,5,0,43,1,2016-12-15T20:03:05.000Z,gothenborg,2016-12-15T00:00:00.000Z,50,Fishing,gothenborg,1
57.70707,11.65927,0,339,207,3,FISKE PLATS,DK,47,0,STELLA NOVA,2,156348,9,25,5,0,43,1,2016-12-15T20:05:06.000Z,gothenborg,2016-12-15T00:00:00.000Z,50,Fishing,gothenborg,1
57.70707,11.65927,0,339,207,5,FISKE PLATS,DK,47,0,STELLA NOVA,2,156348,9,25,5,0,43,1,2016-12-15T20:07:05.000Z,gothenborg,2016-12-15T00:00:00.000Z,50,Fishing,gothenborg,1
57.70706,11.65924,0,343,206,2,FISKE PLATS,DK,47,0,STELLA NOVA,2,156348,9,25,5,0,43,1,2016-12-15T20:09:05.000Z,gothenborg,2016-12-15T00:00:00.000Z,50,Fishing,gothenborg,1
57.70706,11.65924,0,343,206,4,FISKE PLATS,DK,47,0,STELLA NOVA,2,156348,9,25,5,0,43,1,2016-12-15T20:11:05.000Z,gothenborg,2016-12-15T00:00:00.000Z,50,Fishing,gothenborg,1
57.70707,11.65926,0,6,207,3,FISKE PLATS,DK,47,0,STELLA NOVA,2,156348,9,25,5,0,43,1,2016-12-15T20:13:05.000Z,gothenborg,2016-12-15T00:00:00.000Z,50,Fishing,gothenborg,1
57.70707,11.65926,0,6,207,4,FISKE PLATS,DK,47,0,STELLA NOVA,2,156348,9,25,5,0,43,1,2016-12-15T20:15:06.000Z,gothenborg,2016-12-15T00:00:00.000Z,50,Fishing,gothenborg,1
57.70707,11.65928,0,336,207,4,FISKE PLATS,DK,47,0,STELLA NOVA,2,156348,9,25,5,0,43,1,2016-12-15T20:17:06.000Z,gothenborg,2016-12-15T00:00:00.000Z,50,Fishing,gothenborg,1
57.70707,11.65928,0,336,207,4,FISKE PLATS,DK,47,0,STELLA NOVA,2,156348,9,25,5,0,43,1,2016-12-15T20:19:05.000Z,gothenborg,2016-12-15T00:00:00.000Z,50,Fishing,gothenborg,1
57.70705,11.65928,0,325,206,4,FISKE PLATS,DK,47,0,STELLA NOVA,2,156348,9,25,5,0,43,1,2016-12-15T20:21:05.000Z,gothenborg,2016-12-15T00:00:00.000Z,50,Fishing,gothenborg,1
57.70706,11.65927,0,355,206,2,FISKE PLATS,DK,47,0,STELLA NOVA,2,156348,9,25,5,0,43,1,2016-12-15T20:23:05.000Z,gothenborg,2016-12-15T00:00:00.000Z,50,Fishing,gothenborg,1
57.70707,11.65926,0,321,207,2,FISKE PLATS,DK,47,0,STELLA NOVA,2,156348,9,25,5,0,43,1,2016-12-15T20:25:06.000Z,gothenborg,2016-12-15T00:00:00.000Z,50,Fishing,gothenborg,1
57.70707,11.65926,0,321,207,4,FISKE PLATS,DK,47,0,STELLA NOVA,2,156348,9,25,5,0,43,1,2016-12-15T20:27:05.000Z,gothenborg,2016-12-15T00:00:00.000Z,50,Fishing,gothenborg,1
57.70707,11.65926,0,321,207,6,FISKE PLATS,DK,47,0,STELLA NOVA,2,156348,9,25,5,0,43,1,2016-12-15T20:29:06.000Z,gothenborg,2016-12-15T00:00:00.000Z,50,Fishing,gothenborg,1
57.70707,11.65928,0,290,207,3,FISKE PLATS,DK,47,0,STELLA NOVA,2,156348,9,25,5,0,43,1,2016-12-15T20:31:05.000Z,gothenborg,2016-12-15T00:00:00.000Z,50,Fishing,gothenborg,1
57.70707,11.65928,0,290,207,4,FISKE PLATS,DK,47,0,STELLA NOVA,2,156348,9,25,5,0,43,1,2016-12-15T20:33:06.000Z,gothenborg,2016-12-15T00:00:00.000Z,50,Fishing,gothenborg,1
57.70708,11.65926,0,298,206,3,FISKE PLATS,DK,47,0,STELLA NOVA,2,156348,9,25,5,0,43,1,2016-12-15T20:35:06.000Z,gothenborg,2016-12-15T00:00:00.000Z,50,Fishing,gothenborg,1
57.70708,11.65926,0,298,206,5,FISKE PLATS,DK,47,0,STELLA NOVA,2,156348,9,25,5,0,43,1,2016-12-15T20:37:06.000Z,gothenborg,2016-12-15T00:00:00.000Z,50,Fishing,gothenborg,1
57.70707,11.65927,0,243,206,3,FISKE PLATS,DK,47,0,STELLA NOVA,2,156348,9,25,5,0,43,1,2016-12-15T20:39:05.000Z,gothenborg,2016-12-15T00:00:00.000Z,50,Fishing,gothenborg,1
57.70707,11.65927,0,243,206,5,FISKE PLATS,DK,47,0,STELLA NOVA,2,156348,9,25,5,0,43,1,2016-12-15T20:41:06.000Z,gothenborg,2016-12-15T00:00:00.000Z,50,Fishing,gothenborg,1
57.70707,11.65926,0,332,206,3,FISKE PLATS,DK,47,0,STELLA NOVA,2,156348,9,25,5,0,43,1,2016-12-15T20:43:05.000Z,gothenborg,2016-12-15T00:00:00.000Z,50,Fishing,gothenborg,1
57.70707,11.65926,0,332,206,5,FISKE PLATS,DK,47,0,STELLA NOVA,2,156348,9,25,5,0,43,1,2016-12-15T20:45:05.000Z,gothenborg,2016-12-15T00:00:00.000Z,50,Fishing,gothenborg,1
57.70707,11.65926,0,298,206,3,FISKE PLATS,DK,47,0,STELLA NOVA,2,156348,9,25,5,0,43,1,2016-12-15T20:47:05.000Z,gothenborg,2016-12-15T00:00:00.000Z,50,Fishing,gothenborg,1
57.70707,11.65926,0,298,206,5,FISKE PLATS,DK,47,0,STELLA NOVA,2,156348,9,25,5,0,43,1,2016-12-15T20:49:05.000Z,gothenborg,2016-12-15T00:00:00.000Z,50,Fishing,gothenborg,1
57.70706,11.65925,0,132,206,2,FISKE PLATS,DK,47,0,STELLA NOVA,2,156348,9,25,5,0,43,1,2016-12-15T20:51:05.000Z,gothenborg,2016-12-15T00:00:00.000Z,50,Fishing,gothenborg,1
57.70706,11.65925,0,132,206,5,FISKE PLATS,DK,47,0,STELLA NOVA,2,156348,9,25,5,0,43,1,2016-12-15T20:53:05.000Z,gothenborg,2016-12-15T00:00:00.000Z,50,Fishing,gothenborg,1
57.70705,11.65926,0,72,205,2,FISKE PLATS,DK,47,0,STELLA NOVA,2,156348,9,25,5,0,43,1,2016-12-15T20:55:06.000Z,gothenborg,2016-12-15T00:00:00.000Z,50,Fishing,gothenborg,1
57.70705,11.65926,0,72,205,4,FISKE PLATS,DK,47,0,STELLA NOVA,2,156348,9,25,5,0,43,1,2016-12-15T20:57:05.000Z,gothenborg,2016-12-15T00:00:00.000Z,50,Fishing,gothenborg,1
57.70705,11.65927,0,150,205,2,FISKE PLATS,DK,47,0,STELLA NOVA,2,156348,9,25,5,0,43,1,2016-12-15T20:59:06.000Z,gothenborg,2016-12-15T00:00:00.000Z,50,Fishing,gothenborg,1
57.70705,11.65927,0,150,205,4,FISKE PLATS,DK,47,0,STELLA NOVA,2,156348,9,25,5,0,43,1,2016-12-15T21:01:08.000Z,gothenborg,2016-12-15T00:00:00.000Z,50,Fishing,gothenborg,1
57.70706,11.65928,0,36,205,2,FISKE PLATS,DK,47,0,STELLA NOVA,2,156348,9,25,5,0,43,1,2016-12-15T21:03:06.000Z,gothenborg,2016-12-15T00:00:00.000Z,50,Fishing,gothenborg,1
57.70706,11.65928,0,36,205,4,FISKE PLATS,DK,47,0,STELLA NOVA,2,156348,9,25,5,0,43,1,2016-12-15T21:05:06.000Z,gothenborg,2016-12-15T00:00:00.000Z,50,Fishing,gothenborg,1
57.70707,11.65928,0,358,205,2,FISKE PLATS,DK,47,0,STELLA NOVA,2,156348,9,25,5,0,43,1,2016-12-15T21:07:06.000Z,gothenborg,2016-12-15T00:00:00.000Z,50,Fishing,gothenborg,1
57.70707,11.65928,0,358,205,4,FISKE PLATS,DK,47,0,STELLA NOVA,2,156348,9,25,5,0,43,1,2016-12-15T21:09:06.000Z,gothenborg,2016-12-15T00:00:00.000Z,50,Fishing,gothenborg,1
57.70707,11.65928,0,358,205,4,FISKE PLATS,DK,47,0,STELLA NOVA,2,156348,9,25,5,0,43,1,2016-12-15T21:11:05.000Z,gothenborg,2016-12-15T00:00:00.000Z,50,Fishing,gothenborg,1
57.70705,11.65928,0,41,205,4,FISKE PLATS,DK,47,0,STELLA NOVA,2,156348,9,25,5,0,43,1,2016-12-15T21:13:05.000Z,gothenborg,2016-12-15T00:00:00.000Z,50,Fishing,gothenborg,1
57.70705,11.65928,0,41,205,6,FISKE PLATS,DK,47,0,STELLA NOVA,2,156348,9,25,5,0,43,1,2016-12-15T21:15:06.000Z,gothenborg,2016-12-15T00:00:00.000Z,50,Fishing,gothenborg,1
57.70705,11.6593,0,350,205,3,FISKE PLATS,DK,47,0,STELLA NOVA,2,156348,9,25,5,0,43,1,2016-12-15T21:17:05.000Z,gothenborg,2016-12-15T00:00:00.000Z,50,Fishing,gothenborg,1
57.70705,11.6593,0,350,205,5,FISKE PLATS,DK,47,0,STELLA NOVA,2,156348,9,25,5,0,43,1,2016-12-15T21:19:05.000Z,gothenborg,2016-12-15T00:00:00.000Z,50,Fishing,gothenborg,1
57.70707,11.6593,0,16,204,3,FISKE PLATS,DK,47,0,STELLA NOVA,2,156348,9,25,5,0,43,1,2016-12-15T21:21:05.000Z,gothenborg,2016-12-15T00:00:00.000Z,50,Fishing,gothenborg,1
57.70707,11.65928,0,7,205,2,FISKE PLATS,DK,47,0,STELLA NOVA,2,156348,9,25,5,0,43,1,2016-12-15T21:23:05.000Z,gothenborg,2016-12-15T00:00:00.000Z,50,Fishing,gothenborg,1
57.70707,11.65928,0,7,205,4,FISKE PLATS,DK,47,0,STELLA NOVA,2,156348,9,25,5,0,43,1,2016-12-15T21:25:05.000Z,gothenborg,2016-12-15T00:00:00.000Z,50,Fishing,gothenborg,1
57.70706,11.6593,0,185,205,3,FISKE PLATS,DK,47,0,STELLA NOVA,2,156348,9,25,5,0,43,1,2016-12-15T21:27:05.000Z,gothenborg,2016-12-15T00:00:00.000Z,50,Fishing,gothenborg,1
57.70706,11.6593,0,185,205,5,FISKE PLATS,DK,47,0,STELLA NOVA,2,156348,9,25,5,0,43,1,2016-12-15T21:29:05.000Z,gothenborg,2016-12-15T00:00:00.000Z,50,Fishing,gothenborg,1
57.70705,11.65928,0,214,205,3,FISKE PLATS,DK,47,0,STELLA NOVA,2,156348,9,25,5,0,43,1,2016-12-15T21:31:05.000Z,gothenborg,2016-12-15T00:00:00.000Z,50,Fishing,gothenborg,1
57.70707,11.65928,0,188,205,2,FISKE PLATS,DK,47,0,STELLA NOVA,2,156348,9,25,5,0,43,1,2016-12-15T21:33:06.000Z,gothenborg,2016-12-15T00:00:00.000Z,50,Fishing,gothenborg,1
57.70707,11.65928,0,188,205,4,FISKE PLATS,DK,47,0,STELLA NOVA,2,156348,9,25,5,0,43,1,2016-12-15T21:35:06.000Z,gothenborg,2016-12-15T00:00:00.000Z,50,Fishing,gothenborg,1
57.70707,11.65927,0,183,206,3,FISKE PLATS,DK,47,0,STELLA NOVA,2,156348,9,25,5,0,43,1,2016-12-15T21:37:05.000Z,gothenborg,2016-12-15T00:00:00.000Z,50,Fishing,gothenborg,1
57.70707,11.65929,0,205,206,2,FISKE PLATS,DK,47,0,STELLA NOVA,2,156348,9,25,5,0,43,1,2016-12-15T21:39:05.000Z,gothenborg,2016-12-15T00:00:00.000Z,50,Fishing,gothenborg,1
57.70707,11.65929,0,205,206,4,FISKE PLATS,DK,47,0,STELLA NOVA,2,156348,9,25,5,0,43,1,2016-12-15T21:41:05.000Z,gothenborg,2016-12-15T00:00:00.000Z,50,Fishing,gothenborg,1
57.70707,11.65929,0,205,206,5,FISKE PLATS,DK,47,0,STELLA NOVA,2,156348,9,25,5,0,43,1,2016-12-15T21:43:05.000Z,gothenborg,2016-12-15T00:00:00.000Z,50,Fishing,gothenborg,1
57.70708,11.6593,0,189,206,3,FISKE PLATS,DK,47,0,STELLA NOVA,2,156348,9,25,5,0,43,1,2016-12-15T21:45:05.000Z,gothenborg,2016-12-15T00:00:00.000Z,50,Fishing,gothenborg,1
57.70707,11.65928,0,178,206,3,FISKE PLATS,DK,47,0,STELLA NOVA,2,156348,9,25,5,0,43,1,2016-12-15T21:47:05.000Z,gothenborg,2016-12-15T00:00:00.000Z,50,Fishing,gothenborg,1
57.70707,11.65928,0,178,206,5,FISKE PLATS,DK,47,0,STELLA NOVA,2,156348,9,25,5,0,43,1,2016-12-15T21:49:05.000Z,gothenborg,2016-12-15T00:00:00.000Z,50,Fishing,gothenborg,1
57.70704,11.65928,0,187,206,3,FISKE PLATS,DK,47,0,STELLA NOVA,2,156348,9,25,5,0,43,1,2016-12-15T21:51:05.000Z,gothenborg,2016-12-15T00:00:00.000Z,50,Fishing,gothenborg,1
57.70707,11.6593,0,193,206,2,FISKE PLATS,DK,47,0,STELLA NOVA,2,156348,9,25,5,0,43,1,2016-12-15T21:53:05.000Z,gothenborg,2016-12-15T00:00:00.000Z,50,Fishing,gothenborg,1
57.70707,11.6593,0,193,206,4,FISKE PLATS,DK,47,0,STELLA NOVA,2,156348,9,25,5,0,43,1,2016-12-15T21:55:06.000Z,gothenborg,2016-12-15T00:00:00.000Z,50,Fishing,gothenborg,1
57.70707,11.6593,0,193,206,5,FISKE PLATS,DK,47,0,STELLA NOVA,2,156348,9,25,5,0,43,1,2016-12-15T21:57:05.000Z,gothenborg,2016-12-15T00:00:00.000Z,50,Fishing,gothenborg,1
57.70706,11.65928,0,207,206,4,FISKE PLATS,DK,47,0,STELLA NOVA,2,156348,9,25,5,0,43,1,2016-12-15T21:59:05.000Z,gothenborg,2016-12-15T00:00:00.000Z,50,Fishing,gothenborg,1
57.70708,11.65929,0,241,206,3,FISKE PLATS,DK,47,0,STELLA NOVA,2,156348,9,25,5,0,43,1,2016-12-15T22:01:06.000Z,gothenborg,2016-12-15T00:00:00.000Z,50,Fishing,gothenborg,1
57.70708,11.65929,0,241,206,3,FISKE PLATS,DK,47,0,STELLA NOVA,2,156348,9,25,5,0,43,1,2016-12-15T22:03:05.000Z,gothenborg,2016-12-15T00:00:00.000Z,50,Fishing,gothenborg,1
57.70707,11.65929,0,216,206,4,FISKE PLATS,DK,47,0,STELLA NOVA,2,156348,9,25,5,0,43,1,2016-12-15T22:05:06.000Z,gothenborg,2016-12-15T00:00:00.000Z,50,Fishing,gothenborg,1
57.70707,11.65929,0,198,206,1,FISKE PLATS,DK,47,0,STELLA NOVA,2,156348,9,25,5,0,43,1,2016-12-15T22:07:05.000Z,gothenborg,2016-12-15T00:00:00.000Z,50,Fishing,gothenborg,1
57.70707,11.65929,0,198,206,4,FISKE PLATS,DK,47,0,STELLA NOVA,2,156348,9,25,5,0,43,1,2016-12-15T22:09:05.000Z,gothenborg,2016-12-15T00:00:00.000Z,50,Fishing,gothenborg,1
57.70707,11.65929,0,199,206,3,FISKE PLATS,DK,47,0,STELLA NOVA,2,156348,9,25,5,0,43,1,2016-12-15T22:11:05.000Z,gothenborg,2016-12-15T00:00:00.000Z,50,Fishing,gothenborg,1
57.70707,11.65929,0,199,206,4,FISKE PLATS,DK,47,0,STELLA NOVA,2,156348,9,25,5,0,43,1,2016-12-15T22:13:06.000Z,gothenborg,2016-12-15T00:00:00.000Z,50,Fishing,gothenborg,1
57.70708,11.65929,0,220,206,3,FISKE PLATS,DK,47,0,STELLA NOVA,2,156348,9,25,5,0,43,1,2016-12-15T22:15:05.000Z,gothenborg,2016-12-15T00:00:00.000Z,50,Fishing,gothenborg,1
57.70706,11.65928,0,209,205,2,FISKE PLATS,DK,47,0,STELLA NOVA,2,156348,9,25,5,0,43,1,2016-12-15T22:17:05.000Z,gothenborg,2016-12-15T00:00:00.000Z,50,Fishing,gothenborg,1
57.70706,11.65928,0,209,205,4,FISKE PLATS,DK,47,0,STELLA NOVA,2,156348,9,25,5,0,43,1,2016-12-15T22:19:06.000Z,gothenborg,2016-12-15T00:00:00.000Z,50,Fishing,gothenborg,1
57.70707,11.65928,0,220,206,3,FISKE PLATS,DK,47,0,STELLA NOVA,2,156348,9,25,5,0,43,1,2016-12-15T22:21:06.000Z,gothenborg,2016-12-15T00:00:00.000Z,50,Fishing,gothenborg,1
57.70707,11.65929,0,219,205,2,FISKE PLATS,DK,47,0,STELLA NOVA,2,156348,9,25,5,0,43,1,2016-12-15T22:23:06.000Z,gothenborg,2016-12-15T00:00:00.000Z,50,Fishing,gothenborg,1
57.70707,11.65929,0,219,205,4,FISKE PLATS,DK,47,0,STELLA NOVA,2,156348,9,25,5,0,43,1,2016-12-15T22:25:05.000Z,gothenborg,2016-12-15T00:00:00.000Z,50,Fishing,gothenborg,1
57.70707,11.65929,0,200,206,2,FISKE PLATS,DK,47,0,STELLA NOVA,2,156348,9,25,5,0,43,1,2016-12-15T22:27:06.000Z,gothenborg,2016-12-15T00:00:00.000Z,50,Fishing,gothenborg,1
57.70707,11.65929,0,200,206,4,FISKE PLATS,DK,47,0,STELLA NOVA,2,156348,9,25,5,0,43,1,2016-12-15T22:29:05.000Z,gothenborg,2016-12-15T00:00:00.000Z,50,Fishing,gothenborg,1
57.70707,11.65929,0,191,206,2,FISKE PLATS,DK,47,0,STELLA NOVA,2,156348,9,25,5,0,43,1,2016-12-15T22:31:05.000Z,gothenborg,2016-12-15T00:00:00.000Z,50,Fishing,gothenborg,1
57.70707,11.65929,0,191,206,4,FISKE PLATS,DK,47,0,STELLA NOVA,2,156348,9,25,5,0,43,1,2016-12-15T22:33:06.000Z,gothenborg,2016-12-15T00:00:00.000Z,50,Fishing,gothenborg,1
57.70708,11.65927,0,150,205,3,FISKE PLATS,DK,47,0,STELLA NOVA,2,156348,9,25,5,0,43,1,2016-12-15T22:35:05.000Z,gothenborg,2016-12-15T00:00:00.000Z,50,Fishing,gothenborg,1
57.70707,11.6593,0,190,205,2,FISKE PLATS,DK,47,0,STELLA NOVA,2,156348,9,25,5,0,43,1,2016-12-15T22:37:06.000Z,gothenborg,2016-12-15T00:00:00.000Z,50,Fishing,gothenborg,1
57.70707,11.6593,0,190,205,2,FISKE PLATS,DK,47,0,STELLA NOVA,2,156348,9,25,5,0,43,1,2016-12-15T22:39:05.000Z,gothenborg,2016-12-15T00:00:00.000Z,50,Fishing,gothenborg,1
57.70706,11.6593,0,243,206,2,FISKE PLATS,DK,47,0,STELLA NOVA,2,156348,9,25,5,0,43,1,2016-12-15T22:41:05.000Z,gothenborg,2016-12-15T00:00:00.000Z,50,Fishing,gothenborg,1
57.70706,11.6593,0,243,206,4,FISKE PLATS,DK,47,0,STELLA NOVA,2,156348,9,25,5,0,43,1,2016-12-15T22:43:05.000Z,gothenborg,2016-12-15T00:00:00.000Z,50,Fishing,gothenborg,1
57.70707,11.65927,0,169,206,3,FISKE PLATS,DK,47,0,STELLA NOVA,2,156348,9,25,5,0,43,1,2016-12-15T22:45:06.000Z,gothenborg,2016-12-15T00:00:00.000Z,50,Fishing,gothenborg,1
57.70706,11.65928,0,199,206,2,FISKE PLATS,DK,47,0,STELLA NOVA,2,156348,9,25,5,0,43,1,2016-12-15T22:47:06.000Z,gothenborg,2016-12-15T00:00:00.000Z,50,Fishing,gothenborg,1
57.70706,11.65928,0,199,206,4,FISKE PLATS,DK,47,0,STELLA NOVA,2,156348,9,25,5,0,43,1,2016-12-15T22:49:05.000Z,gothenborg,2016-12-15T00:00:00.000Z,50,Fishing,gothenborg,1
57.70706,11.65929,0,182,206,2,FISKE PLATS,DK,47,0,STELLA NOVA,2,156348,9,25,5,0,43,1,2016-12-15T22:51:05.000Z,gothenborg,2016-12-15T00:00:00.000Z,50,Fishing,gothenborg,1
57.70706,11.65929,0,182,206,4,FISKE PLATS,DK,47,0,STELLA NOVA,2,156348,9,25,5,0,43,1,2016-12-15T22:53:05.000Z,gothenborg,2016-12-15T00:00:00.000Z,50,Fishing,gothenborg,1
57.70708,11.65927,0,254,206,2,FISKE PLATS,DK,47,0,STELLA NOVA,2,156348,9,25,5,0,43,1,2016-12-15T22:55:05.000Z,gothenborg,2016-12-15T00:00:00.000Z,50,Fishing,gothenborg,1
57.70708,11.65927,0,254,206,4,FISKE PLATS,DK,47,0,STELLA NOVA,2,156348,9,25,5,0,43,1,2016-12-15T22:57:05.000Z,gothenborg,2016-12-15T00:00:00.000Z,50,Fishing,gothenborg,1
57.70708,11.65927,0,254,206,6,FISKE PLATS,DK,47,0,STELLA NOVA,2,156348,9,25,5,0,43,1,2016-12-15T22:59:05.000Z,gothenborg,2016-12-15T00:00:00.000Z,50,Fishing,gothenborg,1
57.70705,11.65928,0,301,206,3,FISKE PLATS,DK,47,0,STELLA NOVA,2,156348,9,25,5,0,43,1,2016-12-15T23:01:05.000Z,gothenborg,2016-12-15T00:00:00.000Z,50,Fishing,gothenborg,1
57.70705,11.65928,0,301,206,5,FISKE PLATS,DK,47,0,STELLA NOVA,2,156348,9,25,5,0,43,1,2016-12-15T23:03:05.000Z,gothenborg,2016-12-15T00:00:00.000Z,50,Fishing,gothenborg,1
57.70705,11.65926,0,58,205,3,FISKE PLATS,DK,47,0,STELLA NOVA,2,156348,9,25,5,0,43,1,2016-12-15T23:05:05.000Z,gothenborg,2016-12-15T00:00:00.000Z,50,Fishing,gothenborg,1
57.70705,11.65926,0,58,205,5,FISKE PLATS,DK,47,0,STELLA NOVA,2,156348,9,25,5,0,43,1,2016-12-15T23:07:05.000Z,gothenborg,2016-12-15T00:00:00.000Z,50,Fishing,gothenborg,1
57.70706,11.6593,0,283,205,3,FISKE PLATS,DK,47,0,STELLA NOVA,2,156348,9,25,5,0,43,1,2016-12-15T23:09:05.000Z,gothenborg,2016-12-15T00:00:00.000Z,50,Fishing,gothenborg,1
57.70705,11.65928,0,333,205,2,FISKE PLATS,DK,47,0,STELLA NOVA,2,156348,9,25,5,0,43,1,2016-12-15T23:11:05.000Z,gothenborg,2016-12-15T00:00:00.000Z,50,Fishing,gothenborg,1
57.70705,11.65928,0,333,205,4,FISKE PLATS,DK,47,0,STELLA NOVA,2,156348,9,25,5,0,43,1,2016-12-15T23:13:05.000Z,gothenborg,2016-12-15T00:00:00.000Z,50,Fishing,gothenborg,1
57.70708,11.65931,0,319,205,2,FISKE PLATS,DK,47,0,STELLA NOVA,2,156348,9,25,5,0,43,1,2016-12-15T23:15:06.000Z,gothenborg,2016-12-15T00:00:00.000Z,50,Fishing,gothenborg,1
57.70707,11.65929,0,282,206,2,FISKE PLATS,DK,47,0,STELLA NOVA,2,156348,9,25,5,0,43,1,2016-12-15T23:17:05.000Z,gothenborg,2016-12-15T00:00:00.000Z,50,Fishing,gothenborg,1
57.70707,11.65929,0,282,206,4,FISKE PLATS,DK,47,0,STELLA NOVA,2,156348,9,25,5,0,43,1,2016-12-15T23:19:05.000Z,gothenborg,2016-12-15T00:00:00.000Z,50,Fishing,gothenborg,1
57.70708,11.65927,0,3,206,3,FISKE PLATS,DK,47,0,STELLA NOVA,2,156348,9,25,5,0,43,1,2016-12-15T23:21:06.000Z,gothenborg,2016-12-15T00:00:00.000Z,50,Fishing,gothenborg,1
57.70708,11.65927,0,7,206,2,FISKE PLATS,DK,47,0,STELLA NOVA,2,156348,9,25,5,0,43,1,2016-12-15T23:23:05.000Z,gothenborg,2016-12-15T00:00:00.000Z,50,Fishing,gothenborg,1
57.70708,11.65927,0,7,206,4,FISKE PLATS,DK,47,0,STELLA NOVA,2,156348,9,25,5,0,43,1,2016-12-15T23:25:05.000Z,gothenborg,2016-12-15T00:00:00.000Z,50,Fishing,gothenborg,1
57.70707,11.65928,0,357,206,3,FISKE PLATS,DK,47,0,STELLA NOVA,2,156348,9,25,5,0,43,1,2016-12-15T23:27:05.000Z,gothenborg,2016-12-15T00:00:00.000Z,50,Fishing,gothenborg,1
57.70707,11.65928,0,357,206,5,FISKE PLATS,DK,47,0,STELLA NOVA,2,156348,9,25,5,0,43,1,2016-12-15T23:29:06.000Z,gothenborg,2016-12-15T00:00:00.000Z,50,Fishing,gothenborg,1
57.70708,11.65927,0,0,206,3,FISKE PLATS,DK,47,0,STELLA NOVA,2,156348,9,25,5,0,43,1,2016-12-15T23:31:04.000Z,gothenborg,2016-12-15T00:00:00.000Z,50,Fishing,gothenborg,1
57.70707,11.65927,0,344,206,2,FISKE PLATS,DK,47,0,STELLA NOVA,2,156348,9,25,5,0,43,1,2016-12-15T23:33:05.000Z,gothenborg,2016-12-15T00:00:00.000Z,50,Fishing,gothenborg,1
57.70707,11.65927,0,344,206,4,FISKE PLATS,DK,47,0,STELLA NOVA,2,156348,9,25,5,0,43,1,2016-12-15T23:35:05.000Z,gothenborg,2016-12-15T00:00:00.000Z,50,Fishing,gothenborg,1
57.70707,11.65929,0,68,207,2,FISKE PLATS,DK,47,0,STELLA NOVA,2,156348,9,25,5,0,43,1,2016-12-15T23:37:05.000Z,gothenborg,2016-12-15T00:00:00.000Z,50,Fishing,gothenborg,1
57.70707,11.65929,0,68,207,4,FISKE PLATS,DK,47,0,STELLA NOVA,2,156348,9,25,5,0,43,1,2016-12-15T23:39:05.000Z,gothenborg,2016-12-15T00:00:00.000Z,50,Fishing,gothenborg,1
57.70705,11.65928,0,347,207,3,FISKE PLATS,DK,47,0,STELLA NOVA,2,156348,9,25,5,0,43,1,2016-12-15T23:41:05.000Z,gothenborg,2016-12-15T00:00:00.000Z,50,Fishing,gothenborg,1
57.70707,11.65929,0,339,207,2,FISKE PLATS,DK,47,0,STELLA NOVA,2,156348,9,25,5,0,43,1,2016-12-15T23:43:05.000Z,gothenborg,2016-12-15T00:00:00.000Z,50,Fishing,gothenborg,1
57.70707,11.65929,0,339,207,4,FISKE PLATS,DK,47,0,STELLA NOVA,2,156348,9,25,5,0,43,1,2016-12-15T23:45:05.000Z,gothenborg,2016-12-15T00:00:00.000Z,50,Fishing,gothenborg,1
57.70705,11.65929,0,322,206,3,FISKE PLATS,DK,47,0,STELLA NOVA,2,156348,9,25,5,0,43,1,2016-12-15T23:47:06.000Z,gothenborg,2016-12-15T00:00:00.000Z,50,Fishing,gothenborg,1
57.70705,11.65929,0,322,206,5,FISKE PLATS,DK,47,0,STELLA NOVA,2,156348,9,25,5,0,43,1,2016-12-15T23:49:05.000Z,gothenborg,2016-12-15T00:00:00.000Z,50,Fishing,gothenborg,1
57.70707,11.65927,0,332,207,3,FISKE PLATS,DK,47,0,STELLA NOVA,2,156348,9,25,5,0,43,1,2016-12-15T23:51:05.000Z,gothenborg,2016-12-15T00:00:00.000Z,50,Fishing,gothenborg,1
57.70707,11.65927,0,332,207,4,FISKE PLATS,DK,47,0,STELLA NOVA,2,156348,9,25,5,0,43,1,2016-12-15T23:53:06.000Z,gothenborg,2016-12-15T00:00:00.000Z,50,Fishing,gothenborg,1
57.70705,11.65929,0,330,206,3,FISKE PLATS,DK,47,0,STELLA NOVA,2,156348,9,25,5,0,43,1,2016-12-15T23:55:05.000Z,gothenborg,2016-12-15T00:00:00.000Z,50,Fishing,gothenborg,1
57.70705,11.65928,0,335,206,2,FISKE PLATS,DK,47,0,STELLA NOVA,2,156348,9,25,5,0,43,1,2016-12-15T23:57:05.000Z,gothenborg,2016-12-15T00:00:00.000Z,50,Fishing,gothenborg,1
57.70705,11.65928,0,335,206,4,FISKE PLATS,DK,47,0,STELLA NOVA,2,156348,9,25,5,0,43,1,2016-12-15T23:59:05.000Z,gothenborg,2016-12-15T00:00:00.000Z,50,Fishing,gothenborg,1
57.70707,11.65928,0,347,205,3,FISKE PLATS,DK,47,0,STELLA NOVA,2,156348,9,25,5,0,43,1,2016-12-16T00:02:08.000Z,gothenborg,2016-12-16T00:00:00.000Z,51,Fishing,gothenborg,1
57.70707,11.65928,0,347,205,2,FISKE PLATS,DK,47,0,STELLA NOVA,2,156348,9,25,5,0,43,1,2016-12-16T00:03:05.000Z,gothenborg,2016-12-16T00:00:00.000Z,51,Fishing,gothenborg,1
57.70705,11.6593,0,335,205,2,FISKE PLATS,DK,47,0,STELLA NOVA,2,156348,9,25,5,0,43,1,2016-12-16T00:05:05.000Z,gothenborg,2016-12-16T00:00:00.000Z,51,Fishing,gothenborg,1
57.70705,11.6593,0,335,205,4,FISKE PLATS,DK,47,0,STELLA NOVA,2,156348,9,25,5,0,43,1,2016-12-16T00:07:05.000Z,gothenborg,2016-12-16T00:00:00.000Z,51,Fishing,gothenborg,1
57.70705,11.65929,0,312,206,3,FISKE PLATS,DK,47,0,STELLA NOVA,2,156348,9,25,5,0,43,1,2016-12-16T00:09:05.000Z,gothenborg,2016-12-16T00:00:00.000Z,51,Fishing,gothenborg,1
57.70705,11.65929,0,312,206,5,FISKE PLATS,DK,47,0,STELLA NOVA,2,156348,9,25,5,0,43,1,2016-12-16T00:11:05.000Z,gothenborg,2016-12-16T00:00:00.000Z,51,Fishing,gothenborg,1
57.70705,11.6593,0,317,204,3,FISKE PLATS,DK,47,0,STELLA NOVA,2,156348,9,25,5,0,43,1,2016-12-16T00:13:06.000Z,gothenborg,2016-12-16T00:00:00.000Z,51,Fishing,gothenborg,1
57.70705,11.65929,0,312,205,2,FISKE PLATS,DK,47,0,STELLA NOVA,2,156348,9,25,5,0,43,1,2016-12-16T00:15:05.000Z,gothenborg,2016-12-16T00:00:00.000Z,51,Fishing,gothenborg,1
57.70705,11.65929,0,312,205,4,FISKE PLATS,DK,47,0,STELLA NOVA,2,156348,9,25,5,0,43,1,2016-12-16T00:17:05.000Z,gothenborg,2016-12-16T00:00:00.000Z,51,Fishing,gothenborg,1
57.70705,11.65928,0,311,205,3,FISKE PLATS,DK,47,0,STELLA NOVA,2,156348,9,25,5,0,43,1,2016-12-16T00:19:05.000Z,gothenborg,2016-12-16T00:00:00.000Z,51,Fishing,gothenborg,1
57.70705,11.65928,0,311,205,5,FISKE PLATS,DK,47,0,STELLA NOVA,2,156348,9,25,5,0,43,1,2016-12-16T00:21:05.000Z,gothenborg,2016-12-16T00:00:00.000Z,51,Fishing,gothenborg,1
57.70709,11.65928,0,357,206,3,FISKE PLATS,DK,47,0,STELLA NOVA,2,156348,9,25,5,0,43,1,2016-12-16T00:23:05.000Z,gothenborg,2016-12-16T00:00:00.000Z,51,Fishing,gothenborg,1
57.70708,11.65927,0,217,205,2,FISKE PLATS,DK,47,0,STELLA NOVA,2,156348,9,25,5,0,43,1,2016-12-16T00:25:05.000Z,gothenborg,2016-12-16T00:00:00.000Z,51,Fishing,gothenborg,1
57.70708,11.65927,0,217,205,4,FISKE PLATS,DK,47,0,STELLA NOVA,2,156348,9,25,5,0,43,1,2016-12-16T00:27:05.000Z,gothenborg,2016-12-16T00:00:00.000Z,51,Fishing,gothenborg,1
57.70707,11.65928,0,224,205,2,FISKE PLATS,DK,47,0,STELLA NOVA,2,156348,9,25,5,0,43,1,2016-12-16T00:29:05.000Z,gothenborg,2016-12-16T00:00:00.000Z,51,Fishing,gothenborg,1
57.70707,11.65928,0,224,205,3,FISKE PLATS,DK,47,0,STELLA NOVA,2,156348,9,25,5,0,43,1,2016-12-16T00:31:05.000Z,gothenborg,2016-12-16T00:00:00.000Z,51,Fishing,gothenborg,1
57.70707,11.65928,0,224,205,5,FISKE PLATS,DK,47,0,STELLA NOVA,2,156348,9,25,5,0,43,1,2016-12-16T00:33:06.000Z,gothenborg,2016-12-16T00:00:00.000Z,51,Fishing,gothenborg,1
57.70707,11.65927,0,114,205,3,FISKE PLATS,DK,47,0,STELLA NOVA,2,156348,9,25,5,0,43,1,2016-12-16T00:35:05.000Z,gothenborg,2016-12-16T00:00:00.000Z,51,Fishing,gothenborg,1
57.70707,11.65927,0,114,205,5,FISKE PLATS,DK,47,0,STELLA NOVA,2,156348,9,25,5,0,43,1,2016-12-16T00:37:05.000Z,gothenborg,2016-12-16T00:00:00.000Z,51,Fishing,gothenborg,1
57.70706,11.65926,0,264,205,3,FISKE PLATS,DK,47,0,STELLA NOVA,2,156348,9,25,5,0,43,1,2016-12-16T00:39:05.000Z,gothenborg,2016-12-16T00:00:00.000Z,51,Fishing,gothenborg,1
57.70706,11.65926,0,264,205,5,FISKE PLATS,DK,47,0,STELLA NOVA,2,156348,9,25,5,0,43,1,2016-12-16T00:41:05.000Z,gothenborg,2016-12-16T00:00:00.000Z,51,Fishing,gothenborg,1
57.70706,11.65927,0,316,205,2,FISKE PLATS,DK,47,0,STELLA NOVA,2,156348,9,25,5,0,43,1,2016-12-16T00:43:05.000Z,gothenborg,2016-12-16T00:00:00.000Z,51,Fishing,gothenborg,1
57.70706,11.65927,0,316,205,4,FISKE PLATS,DK,47,0,STELLA NOVA,2,156348,9,25,5,0,43,1,2016-12-16T00:45:05.000Z,gothenborg,2016-12-16T00:00:00.000Z,51,Fishing,gothenborg,1
57.70707,11.65928,0,351,206,2,FISKE PLATS,DK,47,0,STELLA NOVA,2,156348,9,25,5,0,43,1,2016-12-16T00:47:07.000Z,gothenborg,2016-12-16T00:00:00.000Z,51,Fishing,gothenborg,1
57.70707,11.65928,0,351,206,4,FISKE PLATS,DK,47,0,STELLA NOVA,2,156348,9,25,5,0,43,1,2016-12-16T00:49:05.000Z,gothenborg,2016-12-16T00:00:00.000Z,51,Fishing,gothenborg,1
57.70707,11.65928,0,221,205,2,FISKE PLATS,DK,47,0,STELLA NOVA,2,156348,9,25,5,0,43,1,2016-12-16T00:51:06.000Z,gothenborg,2016-12-16T00:00:00.000Z,51,Fishing,gothenborg,1
57.70707,11.65928,0,221,205,4,FISKE PLATS,DK,47,0,STELLA NOVA,2,156348,9,25,5,0,43,1,2016-12-16T00:53:05.000Z,gothenborg,2016-12-16T00:00:00.000Z,51,Fishing,gothenborg,1
57.70707,11.6593,0,249,205,2,FISKE PLATS,DK,47,0,STELLA NOVA,2,156348,9,25,5,0,43,1,2016-12-16T00:55:06.000Z,gothenborg,2016-12-16T00:00:00.000Z,51,Fishing,gothenborg,1
57.70707,11.6593,0,249,205,4,FISKE PLATS,DK,47,0,STELLA NOVA,2,156348,9,25,5,0,43,1,2016-12-16T00:57:06.000Z,gothenborg,2016-12-16T00:00:00.000Z,51,Fishing,gothenborg,1
57.70707,11.65928,0,265,207,2,FISKE PLATS,DK,47,0,STELLA NOVA,2,156348,9,25,5,0,43,1,2016-12-16T00:59:06.000Z,gothenborg,2016-12-16T00:00:00.000Z,51,Fishing,gothenborg,1
57.70707,11.65928,0,265,207,4,FISKE PLATS,DK,47,0,STELLA NOVA,2,156348,9,25,5,0,43,1,2016-12-16T01:01:05.000Z,gothenborg,2016-12-16T00:00:00.000Z,51,Fishing,gothenborg,1
57.70707,11.65929,0,290,206,2,FISKE PLATS,DK,47,0,STELLA NOVA,2,156348,9,25,5,0,43,1,2016-12-16T01:03:05.000Z,gothenborg,2016-12-16T00:00:00.000Z,51,Fishing,gothenborg,1
57.70707,11.65929,0,290,206,4,FISKE PLATS,DK,47,0,STELLA NOVA,2,156348,9,25,5,0,43,1,2016-12-16T01:05:06.000Z,gothenborg,2016-12-16T00:00:00.000Z,51,Fishing,gothenborg,1
57.70707,11.65928,0,219,205,2,FISKE PLATS,DK,47,0,STELLA NOVA,2,156348,9,25,5,0,43,1,2016-12-16T01:07:05.000Z,gothenborg,2016-12-16T00:00:00.000Z,51,Fishing,gothenborg,1
57.70707,11.65928,0,219,205,4,FISKE PLATS,DK,47,0,STELLA NOVA,2,156348,9,25,5,0,43,1,2016-12-16T01:09:05.000Z,gothenborg,2016-12-16T00:00:00.000Z,51,Fishing,gothenborg,1
57.70707,11.65926,0,267,206,2,FISKE PLATS,DK,47,0,STELLA NOVA,2,156348,9,25,5,0,43,1,2016-12-16T01:11:05.000Z,gothenborg,2016-12-16T00:00:00.000Z,51,Fishing,gothenborg,1
57.70707,11.65926,0,267,206,4,FISKE PLATS,DK,47,0,STELLA NOVA,2,156348,9,25,5,0,43,1,2016-12-16T01:13:05.000Z,gothenborg,2016-12-16T00:00:00.000Z,51,Fishing,gothenborg,1
57.70707,11.65926,0,267,206,6,FISKE PLATS,DK,47,0,STELLA NOVA,2,156348,9,25,5,0,43,1,2016-12-16T01:15:06.000Z,gothenborg,2016-12-16T00:00:00.000Z,51,Fishing,gothenborg,1
57.70707,11.65928,0,284,206,3,FISKE PLATS,DK,47,0,STELLA NOVA,2,156348,9,25,5,0,43,1,2016-12-16T01:17:05.000Z,gothenborg,2016-12-16T00:00:00.000Z,51,Fishing,gothenborg,1
57.70707,11.65928,0,284,206,5,FISKE PLATS,DK,47,0,STELLA NOVA,2,156348,9,25,5,0,43,1,2016-12-16T01:19:05.000Z,gothenborg,2016-12-16T00:00:00.000Z,51,Fishing,gothenborg,1
57.70705,11.6593,0,204,206,3,FISKE PLATS,DK,47,0,STELLA NOVA,2,156348,9,25,5,0,43,1,2016-12-16T01:21:05.000Z,gothenborg,2016-12-16T00:00:00.000Z,51,Fishing,gothenborg,1
57.70705,11.6593,0,204,206,5,FISKE PLATS,DK,47,0,STELLA NOVA,2,156348,9,25,5,0,43,1,2016-12-16T01:23:05.000Z,gothenborg,2016-12-16T00:00:00.000Z,51,Fishing,gothenborg,1
57.70706,11.65928,0,193,206,2,FISKE PLATS,DK,47,0,STELLA NOVA,2,156348,9,25,5,0,43,1,2016-12-16T01:25:05.000Z,gothenborg,2016-12-16T00:00:00.000Z,51,Fishing,gothenborg,1
57.70706,11.65928,0,193,206,5,FISKE PLATS,DK,47,0,STELLA NOVA,2,156348,9,25,5,0,43,1,2016-12-16T01:27:05.000Z,gothenborg,2016-12-16T00:00:00.000Z,51,Fishing,gothenborg,1
57.70707,11.65928,0,220,205,2,FISKE PLATS,DK,47,0,STELLA NOVA,2,156348,9,25,5,0,43,1,2016-12-16T01:29:06.000Z,gothenborg,2016-12-16T00:00:00.000Z,51,Fishing,gothenborg,1
57.70707,11.65928,0,220,205,2,FISKE PLATS,DK,47,0,STELLA NOVA,2,156348,9,25,5,0,43,1,2016-12-16T01:31:05.000Z,gothenborg,2016-12-16T00:00:00.000Z,51,Fishing,gothenborg,1
57.70707,11.65928,0,266,205,2,FISKE PLATS,DK,47,0,STELLA NOVA,2,156348,9,25,5,0,43,1,2016-12-16T01:33:05.000Z,gothenborg,2016-12-16T00:00:00.000Z,51,Fishing,gothenborg,1
57.70707,11.65928,0,266,205,4,FISKE PLATS,DK,47,0,STELLA NOVA,2,156348,9,25,5,0,43,1,2016-12-16T01:35:06.000Z,gothenborg,2016-12-16T00:00:00.000Z,51,Fishing,gothenborg,1
57.70705,11.65927,0,206,205,3,FISKE PLATS,DK,47,0,STELLA NOVA,2,156348,9,25,5,0,43,1,2016-12-16T01:37:05.000Z,gothenborg,2016-12-16T00:00:00.000Z,51,Fishing,gothenborg,1
57.70705,11.65927,0,206,205,5,FISKE PLATS,DK,47,0,STELLA NOVA,2,156348,9,25,5,0,43,1,2016-12-16T01:39:06.000Z,gothenborg,2016-12-16T00:00:00.000Z,51,Fishing,gothenborg,1
57.70705,11.65928,0,200,205,3,FISKE PLATS,DK,47,0,STELLA NOVA,2,156348,9,25,5,0,43,1,2016-12-16T01:41:05.000Z,gothenborg,2016-12-16T00:00:00.000Z,51,Fishing,gothenborg,1
57.70705,11.65928,0,200,205,5,FISKE PLATS,DK,47,0,STELLA NOVA,2,156348,9,25,5,0,43,1,2016-12-16T01:43:05.000Z,gothenborg,2016-12-16T00:00:00.000Z,51,Fishing,gothenborg,1
57.70705,11.65926,0,250,205,4,FISKE PLATS,DK,47,0,STELLA NOVA,2,156348,9,25,5,0,43,1,2016-12-16T01:45:05.000Z,gothenborg,2016-12-16T00:00:00.000Z,51,Fishing,gothenborg,1
57.70705,11.65926,0,250,205,6,FISKE PLATS,DK,47,0,STELLA NOVA,2,156348,9,25,5,0,43,1,2016-12-16T01:47:05.000Z,gothenborg,2016-12-16T00:00:00.000Z,51,Fishing,gothenborg,1
57.70707,11.65928,0,172,206,3,FISKE PLATS,DK,47,0,STELLA NOVA,2,156348,9,25,5,0,43,1,2016-12-16T01:49:06.000Z,gothenborg,2016-12-16T00:00:00.000Z,51,Fishing,gothenborg,1
57.70707,11.65928,0,172,206,5,FISKE PLATS,DK,47,0,STELLA NOVA,2,156348,9,25,5,0,43,1,2016-12-16T01:51:05.000Z,gothenborg,2016-12-16T00:00:00.000Z,51,Fishing,gothenborg,1
57.70706,11.65931,0,128,205,3,FISKE PLATS,DK,47,0,STELLA NOVA,2,156348,9,25,5,0,43,1,2016-12-16T01:53:06.000Z,gothenborg,2016-12-16T00:00:00.000Z,51,Fishing,gothenborg,1
57.70706,11.65931,0,128,205,5,FISKE PLATS,DK,47,0,STELLA NOVA,2,156348,9,25,5,0,43,1,2016-12-16T01:55:05.000Z,gothenborg,2016-12-16T00:00:00.000Z,51,Fishing,gothenborg,1
57.70707,11.65927,0,35,206,3,FISKE PLATS,DK,47,0,STELLA NOVA,2,156348,9,25,5,0,43,1,2016-12-16T01:57:05.000Z,gothenborg,2016-12-16T00:00:00.000Z,51,Fishing,gothenborg,1
57.70707,11.65927,0,35,206,5,FISKE PLATS,DK,47,0,STELLA NOVA,2,156348,9,25,5,0,43,1,2016-12-16T01:59:05.000Z,gothenborg,2016-12-16T00:00:00.000Z,51,Fishing,gothenborg,1
57.70707,11.6593,0,12,205,3,FISKE PLATS,DK,47,0,STELLA NOVA,2,156348,9,25,5,0,43,1,2016-12-16T02:01:05.000Z,gothenborg,2016-12-16T00:00:00.000Z,51,Fishing,gothenborg,1
57.70707,11.6593,0,12,205,4,FISKE PLATS,DK,47,0,STELLA NOVA,2,156348,9,25,5,0,43,1,2016-12-16T02:03:06.000Z,gothenborg,2016-12-16T00:00:00.000Z,51,Fishing,gothenborg,1
57.70708,11.65928,0,91,205,4,FISKE PLATS,DK,47,0,STELLA NOVA,2,156348,9,25,5,0,43,1,2016-12-16T02:05:05.000Z,gothenborg,2016-12-16T00:00:00.000Z,51,Fishing,gothenborg,1
57.70707,11.65928,0,15,205,3,FISKE PLATS,DK,47,0,STELLA NOVA,2,156348,9,25,5,0,43,1,2016-12-16T02:07:04.000Z,gothenborg,2016-12-16T00:00:00.000Z,51,Fishing,gothenborg,1
57.70707,11.65928,0,15,205,5,FISKE PLATS,DK,47,0,STELLA NOVA,2,156348,9,25,5,0,43,1,2016-12-16T02:09:06.000Z,gothenborg,2016-12-16T00:00:00.000Z,51,Fishing,gothenborg,1
57.70707,11.65927,0,340,205,3,FISKE PLATS,DK,47,0,STELLA NOVA,2,156348,9,25,5,0,43,1,2016-12-16T02:11:06.000Z,gothenborg,2016-12-16T00:00:00.000Z,51,Fishing,gothenborg,1
57.70707,11.65927,0,340,205,5,FISKE PLATS,DK,47,0,STELLA NOVA,2,156348,9,25,5,0,43,1,2016-12-16T02:13:05.000Z,gothenborg,2016-12-16T00:00:00.000Z,51,Fishing,gothenborg,1
57.70708,11.65929,0,294,205,3,FISKE PLATS,DK,47,0,STELLA NOVA,2,156348,9,25,5,0,43,1,2016-12-16T02:15:05.000Z,gothenborg,2016-12-16T00:00:00.000Z,51,Fishing,gothenborg,1
57.70708,11.65928,0,288,206,2,FISKE PLATS,DK,47,0,STELLA NOVA,2,156348,9,25,5,0,43,1,2016-12-16T02:17:05.000Z,gothenborg,2016-12-16T00:00:00.000Z,51,Fishing,gothenborg,1
57.70708,11.65928,0,288,206,4,FISKE PLATS,DK,47,0,STELLA NOVA,2,156348,9,25,5,0,43,1,2016-12-16T02:19:05.000Z,gothenborg,2016-12-16T00:00:00.000Z,51,Fishing,gothenborg,1
57.70708,11.65928,0,322,205,3,FISKE PLATS,DK,47,0,STELLA NOVA,2,156348,9,25,5,0,43,1,2016-12-16T02:21:05.000Z,gothenborg,2016-12-16T00:00:00.000Z,51,Fishing,gothenborg,1
57.70708,11.65928,0,322,205,4,FISKE PLATS,DK,47,0,STELLA NOVA,2,156348,9,25,5,0,43,1,2016-12-16T02:23:05.000Z,gothenborg,2016-12-16T00:00:00.000Z,51,Fishing,gothenborg,1
57.70708,11.65928,0,294,205,4,FISKE PLATS,DK,47,0,STELLA NOVA,2,156348,9,25,5,0,43,1,2016-12-16T02:25:06.000Z,gothenborg,2016-12-16T00:00:00.000Z,51,Fishing,gothenborg,1
57.70707,11.65926,0,285,206,2,FISKE PLATS,DK,47,0,STELLA NOVA,2,156348,9,25,5,0,43,1,2016-12-16T02:27:05.000Z,gothenborg,2016-12-16T00:00:00.000Z,51,Fishing,gothenborg,1
57.70707,11.65926,0,285,206,4,FISKE PLATS,DK,47,0,STELLA NOVA,2,156348,9,25,5,0,43,1,2016-12-16T02:29:06.000Z,gothenborg,2016-12-16T00:00:00.000Z,51,Fishing,gothenborg,1
57.70707,11.65926,0,236,205,2,FISKE PLATS,DK,47,0,STELLA NOVA,2,156348,9,25,5,0,43,1,2016-12-16T02:31:06.000Z,gothenborg,2016-12-16T00:00:00.000Z,51,Fishing,gothenborg,1
57.70707,11.65926,0,236,205,4,FISKE PLATS,DK,47,0,STELLA NOVA,2,156348,9,25,5,0,43,1,2016-12-16T02:33:06.000Z,gothenborg,2016-12-16T00:00:00.000Z,51,Fishing,gothenborg,1
57.70708,11.65925,0,226,206,3,FISKE PLATS,DK,47,0,STELLA NOVA,2,156348,9,25,5,0,43,1,2016-12-16T02:35:05.000Z,gothenborg,2016-12-16T00:00:00.000Z,51,Fishing,gothenborg,1
57.70708,11.65927,0,211,206,2,FISKE PLATS,DK,47,0,STELLA NOVA,2,156348,9,25,5,0,43,1,2016-12-16T02:37:05.000Z,gothenborg,2016-12-16T00:00:00.000Z,51,Fishing,gothenborg,1
57.70708,11.65927,0,211,206,4,FISKE PLATS,DK,47,0,STELLA NOVA,2,156348,9,25,5,0,43,1,2016-12-16T02:39:06.000Z,gothenborg,2016-12-16T00:00:00.000Z,51,Fishing,gothenborg,1
57.70708,11.65928,0,299,205,3,FISKE PLATS,DK,47,0,STELLA NOVA,2,156348,9,25,5,0,43,1,2016-12-16T02:41:05.000Z,gothenborg,2016-12-16T00:00:00.000Z,51,Fishing,gothenborg,1
57.70708,11.65928,0,299,205,5,FISKE PLATS,DK,47,0,STELLA NOVA,2,156348,9,25,5,0,43,1,2016-12-16T02:43:05.000Z,gothenborg,2016-12-16T00:00:00.000Z,51,Fishing,gothenborg,1
57.70708,11.65926,0,244,205,4,FISKE PLATS,DK,47,0,STELLA NOVA,2,156348,9,25,5,0,43,1,2016-12-16T02:45:05.000Z,gothenborg,2016-12-16T00:00:00.000Z,51,Fishing,gothenborg,1
57.70707,11.65928,0,58,205,2,FISKE PLATS,DK,47,0,STELLA NOVA,2,156348,9,25,5,0,43,1,2016-12-16T02:47:05.000Z,gothenborg,2016-12-16T00:00:00.000Z,51,Fishing,gothenborg,1
57.70707,11.65928,0,58,205,4,FISKE PLATS,DK,47,0,STELLA NOVA,2,156348,9,25,5,0,43,1,2016-12-16T02:49:06.000Z,gothenborg,2016-12-16T00:00:00.000Z,51,Fishing,gothenborg,1
57.70705,11.65925,0,36,206,2,FISKE PLATS,DK,47,0,STELLA NOVA,2,156348,9,25,5,0,43,1,2016-12-16T02:51:06.000Z,gothenborg,2016-12-16T00:00:00.000Z,51,Fishing,gothenborg,1
57.70705,11.65925,0,36,206,4,FISKE PLATS,DK,47,0,STELLA NOVA,2,156348,9,25,5,0,43,1,2016-12-16T02:53:05.000Z,gothenborg,2016-12-16T00:00:00.000Z,51,Fishing,gothenborg,1
57.70705,11.65928,0,84,206,3,FISKE PLATS,DK,47,0,STELLA NOVA,2,156348,9,25,5,0,43,1,2016-12-16T02:55:05.000Z,gothenborg,2016-12-16T00:00:00.000Z,51,Fishing,gothenborg,1
57.70708,11.65928,0,7,205,2,FISKE PLATS,DK,47,0,STELLA NOVA,2,156348,9,25,5,0,43,1,2016-12-16T02:57:06.000Z,gothenborg,2016-12-16T00:00:00.000Z,51,Fishing,gothenborg,1
57.70708,11.65928,0,7,205,2,FISKE PLATS,DK,47,0,STELLA NOVA,2,156348,9,25,5,0,43,1,2016-12-16T02:59:05.000Z,gothenborg,2016-12-16T00:00:00.000Z,51,Fishing,gothenborg,1
57.70707,11.65928,0,350,205,3,FISKE PLATS,DK,47,0,STELLA NOVA,2,156348,9,25,5,0,43,1,2016-12-16T03:01:05.000Z,gothenborg,2016-12-16T00:00:00.000Z,51,Fishing,gothenborg,1
57.70707,11.65928,0,350,205,5,FISKE PLATS,DK,47,0,STELLA NOVA,2,156348,9,25,5,0,43,1,2016-12-16T03:03:06.000Z,gothenborg,2016-12-16T00:00:00.000Z,51,Fishing,gothenborg,1
57.70708,11.65927,0,349,205,3,FISKE PLATS,DK,47,0,STELLA NOVA,2,156348,9,25,5,0,43,1,2016-12-16T03:05:06.000Z,gothenborg,2016-12-16T00:00:00.000Z,51,Fishing,gothenborg,1
57.70708,11.65927,0,349,205,5,FISKE PLATS,DK,47,0,STELLA NOVA,2,156348,9,25,5,0,43,1,2016-12-16T03:07:06.000Z,gothenborg,2016-12-16T00:00:00.000Z,51,Fishing,gothenborg,1
57.70706,11.65925,0,253,206,3,FISKE PLATS,DK,47,0,STELLA NOVA,2,156348,9,25,5,0,43,1,2016-12-16T03:09:06.000Z,gothenborg,2016-12-16T00:00:00.000Z,51,Fishing,gothenborg,1
57.70706,11.65925,0,253,206,5,FISKE PLATS,DK,47,0,STELLA NOVA,2,156348,9,25,5,0,43,1,2016-12-16T03:11:06.000Z,gothenborg,2016-12-16T00:00:00.000Z,51,Fishing,gothenborg,1
57.7071,11.65928,0,244,205,3,FISKE PLATS,DK,47,0,STELLA NOVA,2,156348,9,25,5,0,43,1,2016-12-16T03:13:05.000Z,gothenborg,2016-12-16T00:00:00.000Z,51,Fishing,gothenborg,1
57.7071,11.65928,0,244,205,5,FISKE PLATS,DK,47,0,STELLA NOVA,2,156348,9,25,5,0,43,1,2016-12-16T03:15:05.000Z,gothenborg,2016-12-16T00:00:00.000Z,51,Fishing,gothenborg,1
57.70705,11.65928,0,258,205,3,FISKE PLATS,DK,47,0,STELLA NOVA,2,156348,9,25,5,0,43,1,2016-12-16T03:17:05.000Z,gothenborg,2016-12-16T00:00:00.000Z,51,Fishing,gothenborg,1
57.70705,11.65928,0,258,205,5,FISKE PLATS,DK,47,0,STELLA NOVA,2,156348,9,25,5,0,43,1,2016-12-16T03:19:05.000Z,gothenborg,2016-12-16T00:00:00.000Z,51,Fishing,gothenborg,1
57.70705,11.65924,0,267,204,2,FISKE PLATS,DK,47,0,STELLA NOVA,2,156348,9,25,5,0,43,1,2016-12-16T03:21:06.000Z,gothenborg,2016-12-16T00:00:00.000Z,51,Fishing,gothenborg,1
57.70705,11.65924,0,267,204,4,FISKE PLATS,DK,47,0,STELLA NOVA,2,156348,9,25,5,0,43,1,2016-12-16T03:23:05.000Z,gothenborg,2016-12-16T00:00:00.000Z,51,Fishing,gothenborg,1
57.70705,11.65924,0,244,204,2,FISKE PLATS,DK,47,0,STELLA NOVA,2,156348,9,25,5,0,43,1,2016-12-16T03:25:05.000Z,gothenborg,2016-12-16T00:00:00.000Z,51,Fishing,gothenborg,1
57.70705,11.65924,0,244,204,4,FISKE PLATS,DK,47,0,STELLA NOVA,2,156348,9,25,5,0,43,1,2016-12-16T03:27:05.000Z,gothenborg,2016-12-16T00:00:00.000Z,51,Fishing,gothenborg,1
57.70706,11.65926,0,227,205,2,FISKE PLATS,DK,47,0,STELLA NOVA,2,156348,9,25,5,0,43,1,2016-12-16T03:29:05.000Z,gothenborg,2016-12-16T00:00:00.000Z,51,Fishing,gothenborg,1
57.70706,11.65926,0,227,205,3,FISKE PLATS,DK,47,0,STELLA NOVA,2,156348,9,25,5,0,43,1,2016-12-16T03:31:11.000Z,gothenborg,2016-12-16T00:00:00.000Z,51,Fishing,gothenborg,1
57.70705,11.65926,0,208,205,3,FISKE PLATS,DK,47,0,STELLA NOVA,2,156348,9,25,5,0,43,1,2016-12-16T03:33:06.000Z,gothenborg,2016-12-16T00:00:00.000Z,51,Fishing,gothenborg,1
57.70705,11.65926,0,208,205,5,FISKE PLATS,DK,47,0,STELLA NOVA,2,156348,9,25,5,0,43,1,2016-12-16T03:35:05.000Z,gothenborg,2016-12-16T00:00:00.000Z,51,Fishing,gothenborg,1
57.70706,11.65926,0,240,205,3,FISKE PLATS,DK,47,0,STELLA NOVA,2,156348,9,25,5,0,43,1,2016-12-16T03:37:05.000Z,gothenborg,2016-12-16T00:00:00.000Z,51,Fishing,gothenborg,1
57.70706,11.65926,0,240,205,5,FISKE PLATS,DK,47,0,STELLA NOVA,2,156348,9,25,5,0,43,1,2016-12-16T03:39:06.000Z,gothenborg,2016-12-16T00:00:00.000Z,51,Fishing,gothenborg,1
57.70706,11.65924,0,346,205,3,FISKE PLATS,DK,47,0,STELLA NOVA,2,156348,9,25,5,0,43,1,2016-12-16T03:41:04.000Z,gothenborg,2016-12-16T00:00:00.000Z,51,Fishing,gothenborg,1
57.70706,11.65924,0,346,205,5,FISKE PLATS,DK,47,0,STELLA NOVA,2,156348,9,25,5,0,43,1,2016-12-16T03:43:06.000Z,gothenborg,2016-12-16T00:00:00.000Z,51,Fishing,gothenborg,1
57.70705,11.65927,0,235,206,2,FISKE PLATS,DK,47,0,STELLA NOVA,2,156348,9,25,5,0,43,1,2016-12-16T03:45:05.000Z,gothenborg,2016-12-16T00:00:00.000Z,51,Fishing,gothenborg,1
57.70706,11.65924,0,263,205,2,FISKE PLATS,DK,47,0,STELLA NOVA,2,156348,9,25,5,0,43,1,2016-12-16T03:47:06.000Z,gothenborg,2016-12-16T00:00:00.000Z,51,Fishing,gothenborg,1
57.70706,11.65924,0,263,205,4,FISKE PLATS,DK,47,0,STELLA NOVA,2,156348,9,25,5,0,43,1,2016-12-16T03:49:05.000Z,gothenborg,2016-12-16T00:00:00.000Z,51,Fishing,gothenborg,1
57.70705,11.65925,0,265,205,2,FISKE PLATS,DK,47,0,STELLA NOVA,2,156348,9,25,5,0,43,1,2016-12-16T03:51:05.000Z,gothenborg,2016-12-16T00:00:00.000Z,51,Fishing,gothenborg,1
57.70705,11.65925,0,265,205,4,FISKE PLATS,DK,47,0,STELLA NOVA,2,156348,9,25,5,0,43,1,2016-12-16T03:53:06.000Z,gothenborg,2016-12-16T00:00:00.000Z,51,Fishing,gothenborg,1
57.70707,11.65927,0,243,205,3,FISKE PLATS,DK,47,0,STELLA NOVA,2,156348,9,25,5,0,43,1,2016-12-16T03:55:06.000Z,gothenborg,2016-12-16T00:00:00.000Z,51,Fishing,gothenborg,1
57.70704,11.65923,0,242,205,2,FISKE PLATS,DK,47,0,STELLA NOVA,2,156348,9,25,5,0,43,1,2016-12-16T03:57:06.000Z,gothenborg,2016-12-16T00:00:00.000Z,51,Fishing,gothenborg,1
57.70704,11.65923,0,242,205,4,FISKE PLATS,DK,47,0,STELLA NOVA,2,156348,9,25,5,0,43,1,2016-12-16T03:59:06.000Z,gothenborg,2016-12-16T00:00:00.000Z,51,Fishing,gothenborg,1
57.70707,11.65926,0,312,206,3,FISKE PLATS,DK,47,0,STELLA NOVA,2,156348,9,25,5,0,43,1,2016-12-16T04:02:20.000Z,gothenborg,2016-12-16T00:00:00.000Z,51,Fishing,gothenborg,1
57.70707,11.65926,0,312,206,4,FISKE PLATS,DK,47,0,STELLA NOVA,2,156348,9,25,5,0,43,1,2016-12-16T04:03:05.000Z,gothenborg,2016-12-16T00:00:00.000Z,51,Fishing,gothenborg,1
57.70705,11.65925,0,186,205,2,FISKE PLATS,DK,47,0,STELLA NOVA,2,156348,9,25,5,0,43,1,2016-12-16T04:05:05.000Z,gothenborg,2016-12-16T00:00:00.000Z,51,Fishing,gothenborg,1
57.70705,11.65925,0,186,205,4,FISKE PLATS,DK,47,0,STELLA NOVA,2,156348,9,25,5,0,43,1,2016-12-16T04:07:06.000Z,gothenborg,2016-12-16T00:00:00.000Z,51,Fishing,gothenborg,1
57.70705,11.65925,0,186,205,4,FISKE PLATS,DK,47,0,STELLA NOVA,2,156348,9,25,5,0,43,1,2016-12-16T04:09:05.000Z,gothenborg,2016-12-16T00:00:00.000Z,51,Fishing,gothenborg,1
57.70706,11.65925,0,277,206,2,FISKE PLATS,DK,47,0,STELLA NOVA,2,156348,9,25,5,0,43,1,2016-12-16T04:11:05.000Z,gothenborg,2016-12-16T00:00:00.000Z,51,Fishing,gothenborg,1
57.70706,11.65925,0,277,206,4,FISKE PLATS,DK,47,0,STELLA NOVA,2,156348,9,25,5,0,43,1,2016-12-16T04:13:05.000Z,gothenborg,2016-12-16T00:00:00.000Z,51,Fishing,gothenborg,1
57.70705,11.65927,0,320,206,2,FISKE PLATS,DK,47,0,STELLA NOVA,2,156348,9,25,5,0,43,1,2016-12-16T04:15:06.000Z,gothenborg,2016-12-16T00:00:00.000Z,51,Fishing,gothenborg,1
57.70705,11.65927,0,320,206,4,FISKE PLATS,DK,47,0,STELLA NOVA,2,156348,9,25,5,0,43,1,2016-12-16T04:17:05.000Z,gothenborg,2016-12-16T00:00:00.000Z,51,Fishing,gothenborg,1
57.70707,11.65926,0,324,205,2,FISKE PLATS,DK,47,0,STELLA NOVA,2,156348,9,25,5,0,43,1,2016-12-16T04:19:06.000Z,gothenborg,2016-12-16T00:00:00.000Z,51,Fishing,gothenborg,1
57.70707,11.65926,0,324,205,4,FISKE PLATS,DK,47,0,STELLA NOVA,2,156348,9,25,5,0,43,1,2016-12-16T04:21:06.000Z,gothenborg,2016-12-16T00:00:00.000Z,51,Fishing,gothenborg,1
57.70707,11.65926,0,324,205,4,FISKE PLATS,DK,47,0,STELLA NOVA,2,156348,9,25,5,0,43,1,2016-12-16T04:23:05.000Z,gothenborg,2016-12-16T00:00:00.000Z,51,Fishing,gothenborg,1
57.70705,11.65925,0,357,205,2,FISKE PLATS,DK,47,0,STELLA NOVA,2,156348,9,25,5,0,43,1,2016-12-16T04:25:05.000Z,gothenborg,2016-12-16T00:00:00.000Z,51,Fishing,gothenborg,1
57.70705,11.65925,0,357,205,4,FISKE PLATS,DK,47,0,STELLA NOVA,2,156348,9,25,5,0,43,1,2016-12-16T04:27:06.000Z,gothenborg,2016-12-16T00:00:00.000Z,51,Fishing,gothenborg,1
57.70705,11.65925,0,357,205,4,FISKE PLATS,DK,47,0,STELLA NOVA,2,156348,9,25,5,0,43,1,2016-12-16T04:29:05.000Z,gothenborg,2016-12-16T00:00:00.000Z,51,Fishing,gothenborg,1
57.70706,11.65925,0,317,206,4,FISKE PLATS,DK,47,0,STELLA NOVA,2,156348,9,25,5,0,43,1,2016-12-16T04:31:06.000Z,gothenborg,2016-12-16T00:00:00.000Z,51,Fishing,gothenborg,1
57.70705,11.65923,0,260,206,3,FISKE PLATS,DK,47,0,STELLA NOVA,2,156348,9,25,5,0,43,1,2016-12-16T04:33:05.000Z,gothenborg,2016-12-16T00:00:00.000Z,51,Fishing,gothenborg,1
57.70705,11.65923,0,260,206,5,FISKE PLATS,DK,47,0,STELLA NOVA,2,156348,9,25,5,0,43,1,2016-12-16T04:35:06.000Z,gothenborg,2016-12-16T00:00:00.000Z,51,Fishing,gothenborg,1
57.70706,11.65925,0,261,206,2,FISKE PLATS,DK,47,0,STELLA NOVA,2,156348,9,25,5,0,43,1,2016-12-16T04:37:06.000Z,gothenborg,2016-12-16T00:00:00.000Z,51,Fishing,gothenborg,1
57.70706,11.65925,0,261,206,2,FISKE PLATS,DK,47,0,STELLA NOVA,2,156348,9,25,5,0,43,1,2016-12-16T04:39:04.000Z,gothenborg,2016-12-16T00:00:00.000Z,51,Fishing,gothenborg,1
57.70706,11.65924,0,322,206,2,FISKE PLATS,DK,47,0,STELLA NOVA,2,156348,9,25,5,0,43,1,2016-12-16T04:41:05.000Z,gothenborg,2016-12-16T00:00:00.000Z,51,Fishing,gothenborg,1
57.70706,11.65924,0,322,206,4,FISKE PLATS,DK,47,0,STELLA NOVA,2,156348,9,25,5,0,43,1,2016-12-16T04:43:05.000Z,gothenborg,2016-12-16T00:00:00.000Z,51,Fishing,gothenborg,1
57.70706,11.65926,0,306,207,3,FISKE PLATS,DK,47,0,STELLA NOVA,2,156348,9,25,5,0,43,1,2016-12-16T04:45:05.000Z,gothenborg,2016-12-16T00:00:00.000Z,51,Fishing,gothenborg,1
57.70707,11.65926,0,289,205,2,FISKE PLATS,DK,47,0,STELLA NOVA,2,156348,9,25,5,0,43,1,2016-12-16T04:47:06.000Z,gothenborg,2016-12-16T00:00:00.000Z,51,Fishing,gothenborg,1
57.70707,11.65926,0,289,205,4,FISKE PLATS,DK,47,0,STELLA NOVA,2,156348,9,25,5,0,43,1,2016-12-16T04:49:05.000Z,gothenborg,2016-12-16T00:00:00.000Z,51,Fishing,gothenborg,1
57.70707,11.65926,0,309,206,3,FISKE PLATS,DK,47,0,STELLA NOVA,2,156348,9,25,5,0,43,1,2016-12-16T04:51:05.000Z,gothenborg,2016-12-16T00:00:00.000Z,51,Fishing,gothenborg,1
57.70707,11.65926,0,309,206,5,FISKE PLATS,DK,47,0,STELLA NOVA,2,156348,9,25,5,0,43,1,2016-12-16T04:53:05.000Z,gothenborg,2016-12-16T00:00:00.000Z,51,Fishing,gothenborg,1
57.70707,11.65926,0,326,206,4,FISKE PLATS,DK,47,0,STELLA NOVA,2,156348,9,25,5,0,43,1,2016-12-16T04:55:05.000Z,gothenborg,2016-12-16T00:00:00.000Z,51,Fishing,gothenborg,1
57.70705,11.65925,0,298,207,2,FISKE PLATS,DK,47,0,STELLA NOVA,2,156348,9,25,5,0,43,1,2016-12-16T04:57:05.000Z,gothenborg,2016-12-16T00:00:00.000Z,51,Fishing,gothenborg,1
57.70705,11.65925,0,298,207,4,FISKE PLATS,DK,47,0,STELLA NOVA,2,156348,9,25,5,0,43,1,2016-12-16T04:59:05.000Z,gothenborg,2016-12-16T00:00:00.000Z,51,Fishing,gothenborg,1
57.70706,11.65925,0,3,206,2,FISKE PLATS,DK,47,0,STELLA NOVA,2,156348,9,25,5,0,43,1,2016-12-16T05:01:05.000Z,gothenborg,2016-12-16T00:00:00.000Z,51,Fishing,gothenborg,1
57.70706,11.65925,0,3,206,4,FISKE PLATS,DK,47,0,STELLA NOVA,2,156348,9,25,5,0,43,1,2016-12-16T05:03:05.000Z,gothenborg,2016-12-16T00:00:00.000Z,51,Fishing,gothenborg,1
57.70706,11.65925,0,3,206,6,FISKE PLATS,DK,47,0,STELLA NOVA,2,156348,9,25,5,0,43,1,2016-12-16T05:05:05.000Z,gothenborg,2016-12-16T00:00:00.000Z,51,Fishing,gothenborg,1
57.70707,11.65927,0,329,207,4,FISKE PLATS,DK,47,0,STELLA NOVA,2,156348,9,25,5,0,43,1,2016-12-16T05:07:06.000Z,gothenborg,2016-12-16T00:00:00.000Z,51,Fishing,gothenborg,1
57.70707,11.65927,0,329,207,6,FISKE PLATS,DK,47,0,STELLA NOVA,2,156348,9,25,5,0,43,1,2016-12-16T05:09:05.000Z,gothenborg,2016-12-16T00:00:00.000Z,51,Fishing,gothenborg,1
57.70707,11.65928,0,344,206,3,FISKE PLATS,DK,47,0,STELLA NOVA,2,156348,9,25,5,0,43,1,2016-12-16T05:11:05.000Z,gothenborg,2016-12-16T00:00:00.000Z,51,Fishing,gothenborg,1
57.70707,11.65928,0,344,206,5,FISKE PLATS,DK,47,0,STELLA NOVA,2,156348,9,25,5,0,43,1,2016-12-16T05:13:05.000Z,gothenborg,2016-12-16T00:00:00.000Z,51,Fishing,gothenborg,1
57.70708,11.65926,0,320,207,3,FISKE PLATS,DK,47,0,STELLA NOVA,2,156348,9,25,5,0,43,1,2016-12-16T05:15:05.000Z,gothenborg,2016-12-16T00:00:00.000Z,51,Fishing,gothenborg,1
57.70708,11.65926,0,320,207,5,FISKE PLATS,DK,47,0,STELLA NOVA,2,156348,9,25,5,0,43,1,2016-12-16T05:17:06.000Z,gothenborg,2016-12-16T00:00:00.000Z,51,Fishing,gothenborg,1
57.70707,11.65928,0,317,206,4,FISKE PLATS,DK,47,0,STELLA NOVA,2,156348,9,25,5,0,43,1,2016-12-16T05:19:05.000Z,gothenborg,2016-12-16T00:00:00.000Z,51,Fishing,gothenborg,1
57.70709,11.65928,0,40,205,2,FISKE PLATS,DK,47,0,STELLA NOVA,2,156348,9,25,5,0,43,1,2016-12-16T05:21:05.000Z,gothenborg,2016-12-16T00:00:00.000Z,51,Fishing,gothenborg,1
57.70709,11.65928,0,40,205,4,FISKE PLATS,DK,47,0,STELLA NOVA,2,156348,9,25,5,0,43,1,2016-12-16T05:23:05.000Z,gothenborg,2016-12-16T00:00:00.000Z,51,Fishing,gothenborg,1
57.70709,11.65928,0,322,205,3,FISKE PLATS,DK,47,0,STELLA NOVA,2,156348,9,25,5,0,43,1,2016-12-16T05:25:06.000Z,gothenborg,2016-12-16T00:00:00.000Z,51,Fishing,gothenborg,1
57.70709,11.65928,0,322,205,5,FISKE PLATS,DK,47,0,STELLA NOVA,2,156348,9,25,5,0,43,1,2016-12-16T05:27:06.000Z,gothenborg,2016-12-16T00:00:00.000Z,51,Fishing,gothenborg,1
57.70707,11.65929,0,213,205,3,FISKE PLATS,DK,47,0,STELLA NOVA,2,156348,9,25,5,0,43,1,2016-12-16T05:29:05.000Z,gothenborg,2016-12-16T00:00:00.000Z,51,Fishing,gothenborg,1
57.70707,11.65927,0,249,206,2,FISKE PLATS,DK,47,0,STELLA NOVA,2,156348,9,25,5,0,43,1,2016-12-16T05:31:06.000Z,gothenborg,2016-12-16T00:00:00.000Z,51,Fishing,gothenborg,1
57.70707,11.65927,0,249,206,4,FISKE PLATS,DK,47,0,STELLA NOVA,2,156348,9,25,5,0,43,1,2016-12-16T05:33:05.000Z,gothenborg,2016-12-16T00:00:00.000Z,51,Fishing,gothenborg,1
57.70707,11.65929,0,211,206,2,FISKE PLATS,DK,47,0,STELLA NOVA,2,156348,9,25,5,0,43,1,2016-12-16T05:35:06.000Z,gothenborg,2016-12-16T00:00:00.000Z,51,Fishing,gothenborg,1
57.70707,11.65929,0,211,206,4,FISKE PLATS,DK,47,0,STELLA NOVA,2,156348,9,25,5,0,43,1,2016-12-16T05:37:05.000Z,gothenborg,2016-12-16T00:00:00.000Z,51,Fishing,gothenborg,1
57.70707,11.65929,0,211,206,6,FISKE PLATS,DK,47,0,STELLA NOVA,2,156348,9,25,5,0,43,1,2016-12-16T05:39:06.000Z,gothenborg,2016-12-16T00:00:00.000Z,51,Fishing,gothenborg,1
57.70705,11.65928,0,330,206,3,FISKE PLATS,DK,47,0,STELLA NOVA,2,156348,9,25,5,0,43,1,2016-12-16T05:41:05.000Z,gothenborg,2016-12-16T00:00:00.000Z,51,Fishing,gothenborg,1
57.70705,11.65928,0,330,206,5,FISKE PLATS,DK,47,0,STELLA NOVA,2,156348,9,25,5,0,43,1,2016-12-16T05:43:06.000Z,gothenborg,2016-12-16T00:00:00.000Z,51,Fishing,gothenborg,1
57.70705,11.65926,0,24,206,3,FISKE PLATS,DK,47,0,STELLA NOVA,2,156348,9,25,5,0,43,1,2016-12-16T05:45:06.000Z,gothenborg,2016-12-16T00:00:00.000Z,51,Fishing,gothenborg,1
57.70705,11.65926,0,24,206,5,FISKE PLATS,DK,47,0,STELLA NOVA,2,156348,9,25,5,0,43,1,2016-12-16T05:47:05.000Z,gothenborg,2016-12-16T00:00:00.000Z,51,Fishing,gothenborg,1
57.70707,11.65926,0,239,206,3,FISKE PLATS,DK,47,0,STELLA NOVA,2,156348,9,25,5,0,43,1,2016-12-16T05:49:05.000Z,gothenborg,2016-12-16T00:00:00.000Z,51,Fishing,gothenborg,1
57.70707,11.65926,0,239,206,5,FISKE PLATS,DK,47,0,STELLA NOVA,2,156348,9,25,5,0,43,1,2016-12-16T05:51:05.000Z,gothenborg,2016-12-16T00:00:00.000Z,51,Fishing,gothenborg,1
57.70707,11.6593,0,278,206,3,FISKE PLATS,DK,47,0,STELLA NOVA,2,156348,9,25,5,0,43,1,2016-12-16T05:53:05.000Z,gothenborg,2016-12-16T00:00:00.000Z,51,Fishing,gothenborg,1
57.70707,11.6593,0,278,206,5,FISKE PLATS,DK,47,0,STELLA NOVA,2,156348,9,25,5,0,43,1,2016-12-16T05:55:06.000Z,gothenborg,2016-12-16T00:00:00.000Z,51,Fishing,gothenborg,1
57.70707,11.65927,0,222,206,3,FISKE PLATS,DK,47,0,STELLA NOVA,2,156348,9,25,5,0,43,1,2016-12-16T05:57:05.000Z,gothenborg,2016-12-16T00:00:00.000Z,51,Fishing,gothenborg,1
57.70707,11.65927,0,222,206,5,FISKE PLATS,DK,47,0,STELLA NOVA,2,156348,9,25,5,0,43,1,2016-12-16T05:59:05.000Z,gothenborg,2016-12-16T00:00:00.000Z,51,Fishing,gothenborg,1
57.70705,11.65929,0,282,205,3,FISKE PLATS,DK,47,0,STELLA NOVA,2,156348,9,25,5,0,43,1,2016-12-16T06:01:12.000Z,gothenborg,2016-12-16T00:00:00.000Z,51,Fishing,gothenborg,1
57.70705,11.65929,0,282,205,3,FISKE PLATS,DK,47,0,STELLA NOVA,2,156348,9,25,5,0,43,1,2016-12-16T06:03:05.000Z,gothenborg,2016-12-16T00:00:00.000Z,51,Fishing,gothenborg,1
57.70707,11.65928,0,257,206,2,FISKE PLATS,DK,47,0,STELLA NOVA,2,156348,9,25,5,0,43,1,2016-12-16T06:05:05.000Z,gothenborg,2016-12-16T00:00:00.000Z,51,Fishing,gothenborg,1
57.70707,11.65928,0,257,206,4,FISKE PLATS,DK,47,0,STELLA NOVA,2,156348,9,25,5,0,43,1,2016-12-16T06:07:06.000Z,gothenborg,2016-12-16T00:00:00.000Z,51,Fishing,gothenborg,1
57.70706,11.65928,0,285,205,2,FISKE PLATS,DK,47,0,STELLA NOVA,2,156348,9,25,5,0,43,1,2016-12-16T06:09:06.000Z,gothenborg,2016-12-16T00:00:00.000Z,51,Fishing,gothenborg,1
57.70706,11.65928,0,285,205,4,FISKE PLATS,DK,47,0,STELLA NOVA,2,156348,9,25,5,0,43,1,2016-12-16T06:11:05.000Z,gothenborg,2016-12-16T00:00:00.000Z,51,Fishing,gothenborg,1
57.70705,11.65928,0,219,205,3,FISKE PLATS,DK,47,0,STELLA NOVA,2,156348,9,25,5,0,43,1,2016-12-16T06:13:05.000Z,gothenborg,2016-12-16T00:00:00.000Z,51,Fishing,gothenborg,1
57.70705,11.65928,0,287,206,2,FISKE PLATS,DK,47,0,STELLA NOVA,2,156348,9,25,5,0,43,1,2016-12-16T06:15:06.000Z,gothenborg,2016-12-16T00:00:00.000Z,51,Fishing,gothenborg,1
57.70705,11.65928,0,287,206,3,FISKE PLATS,DK,47,0,STELLA NOVA,2,156348,9,25,5,0,43,1,2016-12-16T06:17:06.000Z,gothenborg,2016-12-16T00:00:00.000Z,51,Fishing,gothenborg,1
57.70706,11.65927,0,339,206,3,FISKE PLATS,DK,47,0,STELLA NOVA,2,156348,9,25,5,0,43,1,2016-12-16T06:19:05.000Z,gothenborg,2016-12-16T00:00:00.000Z,51,Fishing,gothenborg,1
57.70707,11.65927,0,272,206,2,FISKE PLATS,DK,47,0,STELLA NOVA,2,156348,9,25,5,0,43,1,2016-12-16T06:21:07.000Z,gothenborg,2016-12-16T00:00:00.000Z,51,Fishing,gothenborg,1
57.70707,11.65927,0,272,206,3,FISKE PLATS,DK,47,0,STELLA NOVA,2,156348,9,25,5,0,43,1,2016-12-16T06:23:05.000Z,gothenborg,2016-12-16T00:00:00.000Z,51,Fishing,gothenborg,1
57.70704,11.65928,0,249,205,2,FISKE PLATS,DK,47,0,STELLA NOVA,2,156348,9,25,5,0,43,1,2016-12-16T06:25:07.000Z,gothenborg,2016-12-16T00:00:00.000Z,51,Fishing,gothenborg,1
57.70704,11.65928,0,249,205,4,FISKE PLATS,DK,47,0,STELLA NOVA,2,156348,9,25,5,0,43,1,2016-12-16T06:27:06.000Z,gothenborg,2016-12-16T00:00:00.000Z,51,Fishing,gothenborg,1
57.70705,11.65928,0,234,205,3,FISKE PLATS,DK,47,0,STELLA NOVA,2,156348,9,25,5,0,43,1,2016-12-16T06:29:05.000Z,gothenborg,2016-12-16T00:00:00.000Z,51,Fishing,gothenborg,1
57.70706,11.65926,0,266,205,2,FISKE PLATS,DK,47,0,STELLA NOVA,2,156348,9,25,5,0,43,1,2016-12-16T06:31:06.000Z,gothenborg,2016-12-16T00:00:00.000Z,51,Fishing,gothenborg,1
57.70706,11.65926,0,266,205,3,FISKE PLATS,DK,47,0,STELLA NOVA,2,156348,9,25,5,0,43,1,2016-12-16T06:33:06.000Z,gothenborg,2016-12-16T00:00:00.000Z,51,Fishing,gothenborg,1
57.70706,11.65926,0,266,205,6,FISKE PLATS,DK,47,0,STELLA NOVA,2,156348,9,25,5,0,43,1,2016-12-16T06:35:11.000Z,gothenborg,2016-12-16T00:00:00.000Z,51,Fishing,gothenborg,1
57.70705,11.65929,0,180,206,3,FISKE PLATS,DK,47,0,STELLA NOVA,2,156348,9,25,5,0,43,1,2016-12-16T06:37:06.000Z,gothenborg,2016-12-16T00:00:00.000Z,51,Fishing,gothenborg,1
57.70705,11.65929,0,180,206,5,FISKE PLATS,DK,47,0,STELLA NOVA,2,156348,9,25,5,0,43,1,2016-12-16T06:39:07.000Z,gothenborg,2016-12-16T00:00:00.000Z,51,Fishing,gothenborg,1
57.70705,11.65929,0,208,206,3,FISKE PLATS,DK,47,0,STELLA NOVA,2,156348,9,25,5,0,43,1,2016-12-16T06:41:06.000Z,gothenborg,2016-12-16T00:00:00.000Z,51,Fishing,gothenborg,1
57.70705,11.65929,0,208,206,4,FISKE PLATS,DK,47,0,STELLA NOVA,2,156348,9,25,5,0,43,1,2016-12-16T06:43:06.000Z,gothenborg,2016-12-16T00:00:00.000Z,51,Fishing,gothenborg,1
57.70707,11.65929,0,288,205,3,FISKE PLATS,DK,47,0,STELLA NOVA,2,156348,9,25,5,0,43,1,2016-12-16T06:45:05.000Z,gothenborg,2016-12-16T00:00:00.000Z,51,Fishing,gothenborg,1
57.70706,11.65928,0,269,206,2,FISKE PLATS,DK,47,0,STELLA NOVA,2,156348,9,25,5,0,43,1,2016-12-16T06:47:06.000Z,gothenborg,2016-12-16T00:00:00.000Z,51,Fishing,gothenborg,1
57.70706,11.65928,0,269,206,2,FISKE PLATS,DK,47,0,STELLA NOVA,2,156348,9,25,5,0,43,1,2016-12-16T06:49:05.000Z,gothenborg,2016-12-16T00:00:00.000Z,51,Fishing,gothenborg,1
57.70705,11.65926,0,235,205,2,FISKE PLATS,DK,47,0,STELLA NOVA,2,156348,9,25,5,0,43,1,2016-12-16T06:51:06.000Z,gothenborg,2016-12-16T00:00:00.000Z,51,Fishing,gothenborg,1
57.70705,11.65926,0,235,205,4,FISKE PLATS,DK,47,0,STELLA NOVA,2,156348,9,25,5,0,43,1,2016-12-16T06:53:05.000Z,gothenborg,2016-12-16T00:00:00.000Z,51,Fishing,gothenborg,1
57.70705,11.65926,0,221,205,2,FISKE PLATS,DK,47,0,STELLA NOVA,2,156348,9,25,5,0,43,1,2016-12-16T06:55:05.000Z,gothenborg,2016-12-16T00:00:00.000Z,51,Fishing,gothenborg,1
57.70705,11.65926,0,221,205,4,FISKE PLATS,DK,47,0,STELLA NOVA,2,156348,9,25,5,0,43,1,2016-12-16T06:57:05.000Z,gothenborg,2016-12-16T00:00:00.000Z,51,Fishing,gothenborg,1
57.70706,11.65928,0,264,206,2,FISKE PLATS,DK,47,0,STELLA NOVA,2,156348,9,25,5,0,43,1,2016-12-16T06:59:05.000Z,gothenborg,2016-12-16T00:00:00.000Z,51,Fishing,gothenborg,1
57.70706,11.65928,0,264,206,4,FISKE PLATS,DK,47,0,STELLA NOVA,2,156348,9,25,5,0,43,1,2016-12-16T07:01:05.000Z,gothenborg,2016-12-16T00:00:00.000Z,51,Fishing,gothenborg,1
57.70706,11.6593,0,249,206,2,FISKE PLATS,DK,47,0,STELLA NOVA,2,156348,9,25,5,0,43,1,2016-12-16T07:03:05.000Z,gothenborg,2016-12-16T00:00:00.000Z,51,Fishing,gothenborg,1
57.70706,11.6593,0,249,206,3,FISKE PLATS,DK,47,0,STELLA NOVA,2,156348,9,25,5,0,43,1,2016-12-16T07:05:06.000Z,gothenborg,2016-12-16T00:00:00.000Z,51,Fishing,gothenborg,1
57.70706,11.6593,0,249,206,6,FISKE PLATS,DK,47,0,STELLA NOVA,2,156348,9,25,5,0,43,1,2016-12-16T07:07:05.000Z,gothenborg,2016-12-16T00:00:00.000Z,51,Fishing,gothenborg,1
57.70705,11.6593,0,287,205,3,FISKE PLATS,DK,47,0,STELLA NOVA,2,156348,9,25,5,0,43,1,2016-12-16T07:09:05.000Z,gothenborg,2016-12-16T00:00:00.000Z,51,Fishing,gothenborg,1
57.70705,11.6593,0,287,205,5,FISKE PLATS,DK,47,0,STELLA NOVA,2,156348,9,25,5,0,43,1,2016-12-16T07:11:06.000Z,gothenborg,2016-12-16T00:00:00.000Z,51,Fishing,gothenborg,1
57.70707,11.65929,0,316,207,2,FISKE PLATS,DK,47,0,STELLA NOVA,2,156348,9,25,5,0,43,1,2016-12-16T07:13:06.000Z,gothenborg,2016-12-16T00:00:00.000Z,51,Fishing,gothenborg,1
57.70707,11.65929,0,316,207,5,FISKE PLATS,DK,47,0,STELLA NOVA,2,156348,9,25,5,0,43,1,2016-12-16T07:15:05.000Z,gothenborg,2016-12-16T00:00:00.000Z,51,Fishing,gothenborg,1
57.70705,11.65928,0,257,206,3,FISKE PLATS,DK,47,0,STELLA NOVA,2,156348,9,25,5,0,43,1,2016-12-16T07:17:05.000Z,gothenborg,2016-12-16T00:00:00.000Z,51,Fishing,gothenborg,1
57.70705,11.65928,0,257,206,5,FISKE PLATS,DK,47,0,STELLA NOVA,2,156348,9,25,5,0,43,1,2016-12-16T07:19:05.000Z,gothenborg,2016-12-16T00:00:00.000Z,51,Fishing,gothenborg,1
57.70705,11.65929,0,258,206,3,FISKE PLATS,DK,47,0,STELLA NOVA,2,156348,9,25,5,0,43,1,2016-12-16T07:21:06.000Z,gothenborg,2016-12-16T00:00:00.000Z,51,Fishing,gothenborg,1
57.70705,11.65929,0,258,206,4,FISKE PLATS,DK,47,0,STELLA NOVA,2,156348,9,25,5,0,43,1,2016-12-16T07:23:05.000Z,gothenborg,2016-12-16T00:00:00.000Z,51,Fishing,gothenborg,1
57.70706,11.65929,0,302,206,2,FISKE PLATS,DK,47,0,STELLA NOVA,2,156348,9,25,5,0,43,1,2016-12-16T07:25:05.000Z,gothenborg,2016-12-16T00:00:00.000Z,51,Fishing,gothenborg,1
57.70706,11.65929,0,302,206,4,FISKE PLATS,DK,47,0,STELLA NOVA,2,156348,9,25,5,0,43,1,2016-12-16T07:27:05.000Z,gothenborg,2016-12-16T00:00:00.000Z,51,Fishing,gothenborg,1
57.70708,11.65931,0,269,205,2,FISKE PLATS,DK,47,0,STELLA NOVA,2,156348,9,25,5,0,43,1,2016-12-16T07:29:05.000Z,gothenborg,2016-12-16T00:00:00.000Z,51,Fishing,gothenborg,1
57.70708,11.65931,0,269,205,3,FISKE PLATS,DK,47,0,STELLA NOVA,2,156348,9,25,5,0,43,1,2016-12-16T07:31:05.000Z,gothenborg,2016-12-16T00:00:00.000Z,51,Fishing,gothenborg,1
57.70705,11.65926,0,256,206,2,FISKE PLATS,DK,47,0,STELLA NOVA,2,156348,9,25,5,0,43,1,2016-12-16T07:33:05.000Z,gothenborg,2016-12-16T00:00:00.000Z,51,Fishing,gothenborg,1
57.70705,11.65926,0,256,206,4,FISKE PLATS,DK,47,0,STELLA NOVA,2,156348,9,25,5,0,43,1,2016-12-16T07:35:05.000Z,gothenborg,2016-12-16T00:00:00.000Z,51,Fishing,gothenborg,1
57.70705,11.65927,0,263,205,3,FISKE PLATS,DK,47,0,STELLA NOVA,2,156348,9,25,5,0,43,1,2016-12-16T07:37:05.000Z,gothenborg,2016-12-16T00:00:00.000Z,51,Fishing,gothenborg,1
57.70705,11.65927,0,263,205,4,FISKE PLATS,DK,47,0,STELLA NOVA,2,156348,9,25,5,0,43,1,2016-12-16T07:39:05.000Z,gothenborg,2016-12-16T00:00:00.000Z,51,Fishing,gothenborg,1
57.70705,11.6593,0,306,206,4,FISKE PLATS,DK,47,0,STELLA NOVA,2,156348,9,25,5,0,43,1,2016-12-16T07:41:05.000Z,gothenborg,2016-12-16T00:00:00.000Z,51,Fishing,gothenborg,1
57.70707,11.6593,0,234,207,3,FISKE PLATS,DK,47,0,STELLA NOVA,2,156348,9,25,5,0,43,1,2016-12-16T07:43:06.000Z,gothenborg,2016-12-16T00:00:00.000Z,51,Fishing,gothenborg,1
57.70707,11.6593,0,234,207,5,FISKE PLATS,DK,47,0,STELLA NOVA,2,156348,9,25,5,0,43,1,2016-12-16T07:45:05.000Z,gothenborg,2016-12-16T00:00:00.000Z,51,Fishing,gothenborg,1
57.70704,11.65929,0,224,207,3,FISKE PLATS,DK,47,0,STELLA NOVA,2,156348,9,25,5,0,43,1,2016-12-16T07:47:05.000Z,gothenborg,2016-12-16T00:00:00.000Z,51,Fishing,gothenborg,1
57.70704,11.65928,0,269,206,2,FISKE PLATS,DK,47,0,STELLA NOVA,2,156348,9,25,5,0,43,1,2016-12-16T07:49:06.000Z,gothenborg,2016-12-16T00:00:00.000Z,51,Fishing,gothenborg,1
57.70704,11.65928,0,269,206,4,FISKE PLATS,DK,47,0,STELLA NOVA,2,156348,9,25,5,0,43,1,2016-12-16T07:51:06.000Z,gothenborg,2016-12-16T00:00:00.000Z,51,Fishing,gothenborg,1
57.70701,11.65928,0,293,206,1,FISKE PLATS,DK,47,0,STELLA NOVA,2,156348,9,25,5,0,43,1,2016-12-16T07:53:05.000Z,gothenborg,2016-12-16T00:00:00.000Z,51,Fishing,gothenborg,1
57.70701,11.65928,0,293,206,4,FISKE PLATS,DK,47,0,STELLA NOVA,2,156348,9,25,5,0,43,1,2016-12-16T07:55:05.000Z,gothenborg,2016-12-16T00:00:00.000Z,51,Fishing,gothenborg,1
57.70701,11.65928,0,293,206,6,FISKE PLATS,DK,47,0,STELLA NOVA,2,156348,9,25,5,0,43,1,2016-12-16T07:57:06.000Z,gothenborg,2016-12-16T00:00:00.000Z,51,Fishing,gothenborg,1
57.70705,11.65929,0,312,206,4,FISKE PLATS,DK,47,0,STELLA NOVA,2,156348,9,25,5,0,43,1,2016-12-16T07:59:06.000Z,gothenborg,2016-12-16T00:00:00.000Z,51,Fishing,gothenborg,1
57.70705,11.65929,0,312,206,6,FISKE PLATS,DK,47,0,STELLA NOVA,2,156348,9,25,5,0,43,1,2016-12-16T08:01:06.000Z,gothenborg,2016-12-16T00:00:00.000Z,51,Fishing,gothenborg,1
57.70706,11.65929,0,308,207,3,FISKE PLATS,DK,47,0,STELLA NOVA,2,156348,9,25,5,0,43,1,2016-12-16T08:03:05.000Z,gothenborg,2016-12-16T00:00:00.000Z,51,Fishing,gothenborg,1
57.70706,11.65929,0,308,207,5,FISKE PLATS,DK,47,0,STELLA NOVA,2,156348,9,25,5,0,43,1,2016-12-16T08:05:05.000Z,gothenborg,2016-12-16T00:00:00.000Z,51,Fishing,gothenborg,1
57.70705,11.65928,0,272,206,3,FISKE PLATS,DK,47,0,STELLA NOVA,2,156348,9,25,5,0,43,1,2016-12-16T08:07:05.000Z,gothenborg,2016-12-16T00:00:00.000Z,51,Fishing,gothenborg,1
57.70705,11.65928,0,272,206,5,FISKE PLATS,DK,47,0,STELLA NOVA,2,156348,9,25,5,0,43,1,2016-12-16T08:09:06.000Z,gothenborg,2016-12-16T00:00:00.000Z,51,Fishing,gothenborg,1
57.70708,11.65928,0,304,206,3,FISKE PLATS,DK,47,0,STELLA NOVA,2,156348,9,25,5,0,43,1,2016-12-16T08:11:07.000Z,gothenborg,2016-12-16T00:00:00.000Z,51,Fishing,gothenborg,1
57.70708,11.65926,0,268,206,1,FISKE PLATS,DK,47,0,STELLA NOVA,2,156348,9,25,5,0,43,1,2016-12-16T08:13:05.000Z,gothenborg,2016-12-16T00:00:00.000Z,51,Fishing,gothenborg,1
57.70708,11.65926,0,268,206,4,FISKE PLATS,DK,47,0,STELLA NOVA,2,156348,9,25,5,0,43,1,2016-12-16T08:15:05.000Z,gothenborg,2016-12-16T00:00:00.000Z,51,Fishing,gothenborg,1
57.70705,11.65932,0,268,206,3,FISKE PLATS,DK,47,0,STELLA NOVA,2,156348,9,25,5,0,43,1,2016-12-16T08:17:05.000Z,gothenborg,2016-12-16T00:00:00.000Z,51,Fishing,gothenborg,1
57.70707,11.65931,0,287,206,2,FISKE PLATS,DK,47,0,STELLA NOVA,2,156348,9,25,5,0,43,1,2016-12-16T08:19:10.000Z,gothenborg,2016-12-16T00:00:00.000Z,51,Fishing,gothenborg,1
57.70707,11.65931,0,287,206,4,FISKE PLATS,DK,47,0,STELLA NOVA,2,156348,9,25,5,0,43,1,2016-12-16T08:21:05.000Z,gothenborg,2016-12-16T00:00:00.000Z,51,Fishing,gothenborg,1
57.70705,11.6593,0,280,206,3,FISKE PLATS,DK,47,0,STELLA NOVA,2,156348,9,25,5,0,43,1,2016-12-16T08:23:05.000Z,gothenborg,2016-12-16T00:00:00.000Z,51,Fishing,gothenborg,1
57.70705,11.6593,0,280,206,5,FISKE PLATS,DK,47,0,STELLA NOVA,2,156348,9,25,5,0,43,1,2016-12-16T08:25:04.000Z,gothenborg,2016-12-16T00:00:00.000Z,51,Fishing,gothenborg,1
57.70707,11.65928,0,294,207,3,FISKE PLATS,DK,47,0,STELLA NOVA,2,156348,9,25,5,0,43,1,2016-12-16T08:27:06.000Z,gothenborg,2016-12-16T00:00:00.000Z,51,Fishing,gothenborg,1
57.70707,11.65928,0,294,207,5,FISKE PLATS,DK,47,0,STELLA NOVA,2,156348,9,25,5,0,43,1,2016-12-16T08:29:06.000Z,gothenborg,2016-12-16T00:00:00.000Z,51,Fishing,gothenborg,1
57.70708,11.65929,0,271,206,2,FISKE PLATS,DK,47,0,STELLA NOVA,2,156348,9,25,5,0,43,1,2016-12-16T08:31:06.000Z,gothenborg,2016-12-16T00:00:00.000Z,51,Fishing,gothenborg,1
57.70708,11.65929,0,271,206,5,FISKE PLATS,DK,47,0,STELLA NOVA,2,156348,9,25,5,0,43,1,2016-12-16T08:33:06.000Z,gothenborg,2016-12-16T00:00:00.000Z,51,Fishing,gothenborg,1
57.70709,11.65926,0,312,206,3,FISKE PLATS,DK,47,0,STELLA NOVA,2,156348,9,25,5,0,43,1,2016-12-16T08:35:05.000Z,gothenborg,2016-12-16T00:00:00.000Z,51,Fishing,gothenborg,1
57.70709,11.65926,0,312,206,5,FISKE PLATS,DK,47,0,STELLA NOVA,2,156348,9,25,5,0,43,1,2016-12-16T08:37:05.000Z,gothenborg,2016-12-16T00:00:00.000Z,51,Fishing,gothenborg,1
57.70707,11.65931,0,296,206,2,FISKE PLATS,DK,47,0,STELLA NOVA,2,156348,9,25,5,0,43,1,2016-12-16T08:39:06.000Z,gothenborg,2016-12-16T00:00:00.000Z,51,Fishing,gothenborg,1
57.70707,11.65931,0,296,206,4,FISKE PLATS,DK,47,0,STELLA NOVA,2,156348,9,25,5,0,43,1,2016-12-16T08:41:06.000Z,gothenborg,2016-12-16T00:00:00.000Z,51,Fishing,gothenborg,1
57.70707,11.65931,0,296,206,4,FISKE PLATS,DK,47,0,STELLA NOVA,2,156348,9,25,5,0,43,1,2016-12-16T08:43:05.000Z,gothenborg,2016-12-16T00:00:00.000Z,51,Fishing,gothenborg,1
57.70707,11.6593,0,329,206,3,FISKE PLATS,DK,47,0,STELLA NOVA,2,156348,9,25,5,0,43,1,2016-12-16T08:45:07.000Z,gothenborg,2016-12-16T00:00:00.000Z,51,Fishing,gothenborg,1
57.70707,11.6593,0,329,206,5,FISKE PLATS,DK,47,0,STELLA NOVA,2,156348,9,25,5,0,43,1,2016-12-16T08:47:05.000Z,gothenborg,2016-12-16T00:00:00.000Z,51,Fishing,gothenborg,1
57.70709,11.65927,0,302,207,4,FISKE PLATS,DK,47,0,STELLA NOVA,2,156348,9,25,5,0,43,1,2016-12-16T08:49:05.000Z,gothenborg,2016-12-16T00:00:00.000Z,51,Fishing,gothenborg,1
57.70707,11.65926,0,319,206,2,FISKE PLATS,DK,47,0,STELLA NOVA,2,156348,9,25,5,0,43,1,2016-12-16T08:51:06.000Z,gothenborg,2016-12-16T00:00:00.000Z,51,Fishing,gothenborg,1
57.70707,11.65926,0,319,206,3,FISKE PLATS,DK,47,0,STELLA NOVA,2,156348,9,25,5,0,43,1,2016-12-16T08:53:06.000Z,gothenborg,2016-12-16T00:00:00.000Z,51,Fishing,gothenborg,1
57.70707,11.65926,0,319,206,5,FISKE PLATS,DK,47,0,STELLA NOVA,2,156348,9,25,5,0,43,1,2016-12-16T08:55:05.000Z,gothenborg,2016-12-16T00:00:00.000Z,51,Fishing,gothenborg,1
57.70708,11.65928,0,41,206,4,FISKE PLATS,DK,47,0,STELLA NOVA,2,156348,9,25,5,0,43,1,2016-12-16T08:57:06.000Z,gothenborg,2016-12-16T00:00:00.000Z,51,Fishing,gothenborg,1
57.70708,11.65929,0,358,206,2,FISKE PLATS,DK,47,0,STELLA NOVA,2,156348,9,25,5,0,43,1,2016-12-16T08:59:06.000Z,gothenborg,2016-12-16T00:00:00.000Z,51,Fishing,gothenborg,1
57.70708,11.65929,0,358,206,4,FISKE PLATS,DK,47,0,STELLA NOVA,2,156348,9,25,5,0,43,1,2016-12-16T09:01:05.000Z,gothenborg,2016-12-16T00:00:00.000Z,51,Fishing,gothenborg,1
57.70707,11.65927,0,10,205,1,FISKE PLATS,DK,47,0,STELLA NOVA,2,156348,9,25,5,0,43,1,2016-12-16T09:03:05.000Z,gothenborg,2016-12-16T00:00:00.000Z,51,Fishing,gothenborg,1
57.70707,11.65927,0,10,205,3,FISKE PLATS,DK,47,0,STELLA NOVA,2,156348,9,25,5,0,43,1,2016-12-16T09:05:05.000Z,gothenborg,2016-12-16T00:00:00.000Z,51,Fishing,gothenborg,1
57.70707,11.65928,0,201,205,3,FISKE PLATS,DK,47,0,STELLA NOVA,2,156348,9,25,5,0,43,1,2016-12-16T09:07:05.000Z,gothenborg,2016-12-16T00:00:00.000Z,51,Fishing,gothenborg,1
57.70708,11.65929,0,222,205,2,FISKE PLATS,DK,47,0,STELLA NOVA,2,156348,9,25,5,0,43,1,2016-12-16T09:09:05.000Z,gothenborg,2016-12-16T00:00:00.000Z,51,Fishing,gothenborg,1
57.70708,11.65929,0,222,205,4,FISKE PLATS,DK,47,0,STELLA NOVA,2,156348,9,25,5,0,43,1,2016-12-16T09:11:05.000Z,gothenborg,2016-12-16T00:00:00.000Z,51,Fishing,gothenborg,1
57.70708,11.65928,0,120,205,2,FISKE PLATS,DK,47,0,STELLA NOVA,2,156348,9,25,5,0,43,1,2016-12-16T09:13:05.000Z,gothenborg,2016-12-16T00:00:00.000Z,51,Fishing,gothenborg,1
57.70708,11.65928,0,120,205,4,FISKE PLATS,DK,47,0,STELLA NOVA,2,156348,9,25,5,0,43,1,2016-12-16T09:15:06.000Z,gothenborg,2016-12-16T00:00:00.000Z,51,Fishing,gothenborg,1
57.70707,11.65931,0,317,205,2,FISKE PLATS,DK,47,0,STELLA NOVA,2,156348,9,25,5,0,43,1,2016-12-16T09:17:06.000Z,gothenborg,2016-12-16T00:00:00.000Z,51,Fishing,gothenborg,1
57.70707,11.65931,0,317,205,4,FISKE PLATS,DK,47,0,STELLA NOVA,2,156348,9,25,5,0,43,1,2016-12-16T09:19:05.000Z,gothenborg,2016-12-16T00:00:00.000Z,51,Fishing,gothenborg,1
57.70707,11.65928,0,326,205,2,FISKE PLATS,DK,47,0,STELLA NOVA,2,156348,9,25,5,0,43,1,2016-12-16T09:21:06.000Z,gothenborg,2016-12-16T00:00:00.000Z,51,Fishing,gothenborg,1
57.70707,11.65928,0,326,205,4,FISKE PLATS,DK,47,0,STELLA NOVA,2,156348,9,25,5,0,43,1,2016-12-16T09:23:05.000Z,gothenborg,2016-12-16T00:00:00.000Z,51,Fishing,gothenborg,1
57.70707,11.65928,0,326,205,5,FISKE PLATS,DK,47,0,STELLA NOVA,2,156348,9,25,5,0,43,1,2016-12-16T09:25:06.000Z,gothenborg,2016-12-16T00:00:00.000Z,51,Fishing,gothenborg,1
57.70707,11.65929,0,235,205,4,FISKE PLATS,DK,47,0,STELLA NOVA,2,156348,9,25,5,0,43,1,2016-12-16T09:27:06.000Z,gothenborg,2016-12-16T00:00:00.000Z,51,Fishing,gothenborg,1
57.70707,11.65926,0,253,205,3,FISKE PLATS,DK,47,0,STELLA NOVA,2,156348,9,25,5,0,43,1,2016-12-16T09:29:05.000Z,gothenborg,2016-12-16T00:00:00.000Z,51,Fishing,gothenborg,1
57.70707,11.65926,0,253,205,5,FISKE PLATS,DK,47,0,STELLA NOVA,2,156348,9,25,5,0,43,1,2016-12-16T09:31:05.000Z,gothenborg,2016-12-16T00:00:00.000Z,51,Fishing,gothenborg,1
57.70707,11.65929,0,257,205,3,FISKE PLATS,DK,47,0,STELLA NOVA,2,156348,9,25,5,0,43,1,2016-12-16T09:33:05.000Z,gothenborg,2016-12-16T00:00:00.000Z,51,Fishing,gothenborg,1
57.70706,11.65929,0,269,205,2,FISKE PLATS,DK,47,0,STELLA NOVA,2,156348,9,25,5,0,43,1,2016-12-16T09:35:05.000Z,gothenborg,2016-12-16T00:00:00.000Z,51,Fishing,gothenborg,1
57.70706,11.65929,0,269,205,4,FISKE PLATS,DK,47,0,STELLA NOVA,2,156348,9,25,5,0,43,1,2016-12-16T09:37:05.000Z,gothenborg,2016-12-16T00:00:00.000Z,51,Fishing,gothenborg,1
57.70706,11.65929,0,247,205,3,FISKE PLATS,DK,47,0,STELLA NOVA,2,156348,9,25,5,0,43,1,2016-12-16T09:39:06.000Z,gothenborg,2016-12-16T00:00:00.000Z,51,Fishing,gothenborg,1
57.70706,11.65929,0,247,205,5,FISKE PLATS,DK,47,0,STELLA NOVA,2,156348,9,25,5,0,43,1,2016-12-16T09:41:05.000Z,gothenborg,2016-12-16T00:00:00.000Z,51,Fishing,gothenborg,1
57.70705,11.65932,0,260,206,3,FISKE PLATS,DK,47,0,STELLA NOVA,2,156348,9,25,5,0,43,1,2016-12-16T09:43:05.000Z,gothenborg,2016-12-16T00:00:00.000Z,51,Fishing,gothenborg,1
57.70707,11.65927,0,191,206,2,FISKE PLATS,DK,47,0,STELLA NOVA,2,156348,9,25,5,0,43,1,2016-12-16T09:45:14.000Z,gothenborg,2016-12-16T00:00:00.000Z,51,Fishing,gothenborg,1
57.70707,11.65927,0,191,206,4,FISKE PLATS,DK,47,0,STELLA NOVA,2,156348,9,25,5,0,43,1,2016-12-16T09:47:05.000Z,gothenborg,2016-12-16T00:00:00.000Z,51,Fishing,gothenborg,1
57.70706,11.65928,0,267,206,3,FISKE PLATS,DK,47,0,STELLA NOVA,2,156348,9,25,5,0,43,1,2016-12-16T09:49:06.000Z,gothenborg,2016-12-16T00:00:00.000Z,51,Fishing,gothenborg,1
57.70705,11.65927,0,243,206,2,FISKE PLATS,DK,47,0,STELLA NOVA,2,156348,9,25,5,0,43,1,2016-12-16T09:51:05.000Z,gothenborg,2016-12-16T00:00:00.000Z,51,Fishing,gothenborg,1
57.70705,11.65927,0,243,206,4,FISKE PLATS,DK,47,0,STELLA NOVA,2,156348,9,25,5,0,43,1,2016-12-16T09:53:05.000Z,gothenborg,2016-12-16T00:00:00.000Z,51,Fishing,gothenborg,1
57.70707,11.65926,0,259,206,2,FISKE PLATS,DK,47,0,STELLA NOVA,2,156348,9,25,5,0,43,1,2016-12-16T09:55:06.000Z,gothenborg,2016-12-16T00:00:00.000Z,51,Fishing,gothenborg,1
57.70707,11.65926,0,259,206,4,FISKE PLATS,DK,47,0,STELLA NOVA,2,156348,9,25,5,0,43,1,2016-12-16T09:57:06.000Z,gothenborg,2016-12-16T00:00:00.000Z,51,Fishing,gothenborg,1
57.70706,11.65929,0,256,206,2,FISKE PLATS,DK,47,0,STELLA NOVA,2,156348,9,25,5,0,43,1,2016-12-16T09:59:06.000Z,gothenborg,2016-12-16T00:00:00.000Z,51,Fishing,gothenborg,1
57.70706,11.65929,0,256,206,4,FISKE PLATS,DK,47,0,STELLA NOVA,2,156348,9,25,5,0,43,1,2016-12-16T10:01:05.000Z,gothenborg,2016-12-16T00:00:00.000Z,51,Fishing,gothenborg,1
57.70706,11.65929,0,256,206,6,FISKE PLATS,DK,47,0,STELLA NOVA,2,156348,9,25,5,0,43,1,2016-12-16T10:03:06.000Z,gothenborg,2016-12-16T00:00:00.000Z,51,Fishing,gothenborg,1
57.70707,11.65927,0,273,206,3,FISKE PLATS,DK,47,0,STELLA NOVA,2,156348,9,25,5,0,43,1,2016-12-16T10:05:05.000Z,gothenborg,2016-12-16T00:00:00.000Z,51,Fishing,gothenborg,1
57.70707,11.65927,0,273,206,5,FISKE PLATS,DK,47,0,STELLA NOVA,2,156348,9,25,5,0,43,1,2016-12-16T10:07:06.000Z,gothenborg,2016-12-16T00:00:00.000Z,51,Fishing,gothenborg,1
57.70706,11.65928,0,276,206,3,FISKE PLATS,DK,47,0,STELLA NOVA,2,156348,9,25,5,0,43,1,2016-12-16T10:09:06.000Z,gothenborg,2016-12-16T00:00:00.000Z,51,Fishing,gothenborg,1
57.70706,11.65928,0,276,206,5,FISKE PLATS,DK,47,0,STELLA NOVA,2,156348,9,25,5,0,43,1,2016-12-16T10:11:05.000Z,gothenborg,2016-12-16T00:00:00.000Z,51,Fishing,gothenborg,1
57.70707,11.65928,0,265,205,3,FISKE PLATS,DK,47,0,STELLA NOVA,2,156348,9,25,5,0,43,1,2016-12-16T10:13:05.000Z,gothenborg,2016-12-16T00:00:00.000Z,51,Fishing,gothenborg,1
57.70707,11.65928,0,265,205,5,FISKE PLATS,DK,47,0,STELLA NOVA,2,156348,9,25,5,0,43,1,2016-12-16T10:15:05.000Z,gothenborg,2016-12-16T00:00:00.000Z,51,Fishing,gothenborg,1
57.70707,11.65927,0,273,206,3,FISKE PLATS,DK,47,0,STELLA NOVA,2,156348,9,25,5,0,43,1,2016-12-16T10:17:05.000Z,gothenborg,2016-12-16T00:00:00.000Z,51,Fishing,gothenborg,1
57.70707,11.65927,0,273,206,5,FISKE PLATS,DK,47,0,STELLA NOVA,2,156348,9,25,5,0,43,1,2016-12-16T10:19:06.000Z,gothenborg,2016-12-16T00:00:00.000Z,51,Fishing,gothenborg,1
57.70707,11.65928,0,284,206,3,FISKE PLATS,DK,47,0,STELLA NOVA,2,156348,9,25,5,0,43,1,2016-12-16T10:21:05.000Z,gothenborg,2016-12-16T00:00:00.000Z,51,Fishing,gothenborg,1
57.70707,11.65928,0,284,206,5,FISKE PLATS,DK,47,0,STELLA NOVA,2,156348,9,25,5,0,43,1,2016-12-16T10:23:05.000Z,gothenborg,2016-12-16T00:00:00.000Z,51,Fishing,gothenborg,1
57.70707,11.6593,0,261,206,2,FISKE PLATS,DK,47,0,STELLA NOVA,2,156348,9,25,5,0,43,1,2016-12-16T10:25:06.000Z,gothenborg,2016-12-16T00:00:00.000Z,51,Fishing,gothenborg,1
57.70707,11.6593,0,261,206,4,FISKE PLATS,DK,47,0,STELLA NOVA,2,156348,9,25,5,0,43,1,2016-12-16T10:27:05.000Z,gothenborg,2016-12-16T00:00:00.000Z,51,Fishing,gothenborg,1
57.70707,11.65928,0,250,206,2,FISKE PLATS,DK,47,0,STELLA NOVA,2,156348,9,25,5,0,43,1,2016-12-16T10:29:05.000Z,gothenborg,2016-12-16T00:00:00.000Z,51,Fishing,gothenborg,1
57.70707,11.65928,0,250,206,4,FISKE PLATS,DK,47,0,STELLA NOVA,2,156348,9,25,5,0,43,1,2016-12-16T10:31:05.000Z,gothenborg,2016-12-16T00:00:00.000Z,51,Fishing,gothenborg,1
57.70707,11.65927,0,276,206,2,FISKE PLATS,DK,47,0,STELLA NOVA,2,156348,9,25,5,0,43,1,2016-12-16T10:33:05.000Z,gothenborg,2016-12-16T00:00:00.000Z,51,Fishing,gothenborg,1
57.70707,11.65927,0,276,206,4,FISKE PLATS,DK,47,0,STELLA NOVA,2,156348,9,25,5,0,43,1,2016-12-16T10:35:05.000Z,gothenborg,2016-12-16T00:00:00.000Z,51,Fishing,gothenborg,1
57.70707,11.65929,0,276,205,2,FISKE PLATS,DK,47,0,STELLA NOVA,2,156348,9,25,5,0,43,1,2016-12-16T10:37:05.000Z,gothenborg,2016-12-16T00:00:00.000Z,51,Fishing,gothenborg,1
57.70707,11.65929,0,276,205,4,FISKE PLATS,DK,47,0,STELLA NOVA,2,156348,9,25,5,0,43,1,2016-12-16T10:39:06.000Z,gothenborg,2016-12-16T00:00:00.000Z,51,Fishing,gothenborg,1
57.70707,11.65927,0,275,206,2,FISKE PLATS,DK,47,0,STELLA NOVA,2,156348,9,25,5,0,43,1,2016-12-16T10:41:05.000Z,gothenborg,2016-12-16T00:00:00.000Z,51,Fishing,gothenborg,1
57.70707,11.65927,0,275,206,4,FISKE PLATS,DK,47,0,STELLA NOVA,2,156348,9,25,5,0,43,1,2016-12-16T10:43:06.000Z,gothenborg,2016-12-16T00:00:00.000Z,51,Fishing,gothenborg,1
57.70707,11.65927,0,275,206,4,FISKE PLATS,DK,47,0,STELLA NOVA,2,156348,9,25,5,0,43,1,2016-12-16T10:45:05.000Z,gothenborg,2016-12-16T00:00:00.000Z,51,Fishing,gothenborg,1
57.70705,11.6593,0,296,206,4,FISKE PLATS,DK,47,0,STELLA NOVA,2,156348,9,25,5,0,43,1,2016-12-16T10:47:05.000Z,gothenborg,2016-12-16T00:00:00.000Z,51,Fishing,gothenborg,1
57.70707,11.65928,0,294,206,2,FISKE PLATS,DK,47,0,STELLA NOVA,2,156348,9,25,5,0,43,1,2016-12-16T10:49:05.000Z,gothenborg,2016-12-16T00:00:00.000Z,51,Fishing,gothenborg,1
57.70707,11.65928,0,294,206,4,FISKE PLATS,DK,47,0,STELLA NOVA,2,156348,9,25,5,0,43,1,2016-12-16T10:51:05.000Z,gothenborg,2016-12-16T00:00:00.000Z,51,Fishing,gothenborg,1
57.70706,11.65929,0,299,205,2,FISKE PLATS,DK,47,0,STELLA NOVA,2,156348,9,25,5,0,43,1,2016-12-16T10:53:06.000Z,gothenborg,2016-12-16T00:00:00.000Z,51,Fishing,gothenborg,1
57.70706,11.65929,0,299,205,4,FISKE PLATS,DK,47,0,STELLA NOVA,2,156348,9,25,5,0,43,1,2016-12-16T10:55:05.000Z,gothenborg,2016-12-16T00:00:00.000Z,51,Fishing,gothenborg,1
57.70706,11.65929,0,299,205,6,FISKE PLATS,DK,47,0,STELLA NOVA,2,156348,9,25,5,0,43,1,2016-12-16T10:57:05.000Z,gothenborg,2016-12-16T00:00:00.000Z,51,Fishing,gothenborg,1
57.70706,11.65927,0,211,207,3,FISKE PLATS,DK,47,0,STELLA NOVA,2,156348,9,25,5,0,43,1,2016-12-16T10:59:05.000Z,gothenborg,2016-12-16T00:00:00.000Z,51,Fishing,gothenborg,1
57.70705,11.65927,0,222,206,2,FISKE PLATS,DK,47,0,STELLA NOVA,2,156348,9,25,5,0,43,1,2016-12-16T11:01:06.000Z,gothenborg,2016-12-16T00:00:00.000Z,51,Fishing,gothenborg,1
57.70705,11.65927,0,222,206,4,FISKE PLATS,DK,47,0,STELLA NOVA,2,156348,9,25,5,0,43,1,2016-12-16T11:03:05.000Z,gothenborg,2016-12-16T00:00:00.000Z,51,Fishing,gothenborg,1
57.70705,11.65927,0,222,206,6,FISKE PLATS,DK,47,0,STELLA NOVA,2,156348,9,25,5,0,43,1,2016-12-16T11:05:05.000Z,gothenborg,2016-12-16T00:00:00.000Z,51,Fishing,gothenborg,1
57.70705,11.6593,0,234,206,3,FISKE PLATS,DK,47,0,STELLA NOVA,2,156348,9,25,5,0,43,1,2016-12-16T11:07:05.000Z,gothenborg,2016-12-16T00:00:00.000Z,51,Fishing,gothenborg,1
57.70705,11.6593,0,234,206,5,FISKE PLATS,DK,47,0,STELLA NOVA,2,156348,9,25,5,0,43,1,2016-12-16T11:09:05.000Z,gothenborg,2016-12-16T00:00:00.000Z,51,Fishing,gothenborg,1
57.70705,11.65927,0,238,206,3,FISKE PLATS,DK,47,0,STELLA NOVA,2,156348,9,25,5,0,43,1,2016-12-16T11:11:06.000Z,gothenborg,2016-12-16T00:00:00.000Z,51,Fishing,gothenborg,1
57.70705,11.65927,0,238,206,3,FISKE PLATS,DK,47,0,STELLA NOVA,2,156348,9,25,5,0,43,1,2016-12-16T11:13:05.000Z,gothenborg,2016-12-16T00:00:00.000Z,51,Fishing,gothenborg,1
57.70705,11.65925,0,235,206,3,FISKE PLATS,DK,47,0,STELLA NOVA,2,156348,9,25,5,0,43,1,2016-12-16T11:15:06.000Z,gothenborg,2016-12-16T00:00:00.000Z,51,Fishing,gothenborg,1
57.70705,11.65925,0,235,206,5,FISKE PLATS,DK,47,0,STELLA NOVA,2,156348,9,25,5,0,43,1,2016-12-16T11:17:05.000Z,gothenborg,2016-12-16T00:00:00.000Z,51,Fishing,gothenborg,1
57.70705,11.65925,0,235,206,5,FISKE PLATS,DK,47,0,STELLA NOVA,2,156348,9,25,5,0,43,1,2016-12-16T11:19:05.000Z,gothenborg,2016-12-16T00:00:00.000Z,51,Fishing,gothenborg,1
57.70705,11.65927,0,213,205,5,FISKE PLATS,DK,47,0,STELLA NOVA,2,156348,9,25,5,0,43,1,2016-12-16T11:21:05.000Z,gothenborg,2016-12-16T00:00:00.000Z,51,Fishing,gothenborg,1
57.70707,11.65928,0,270,205,3,FISKE PLATS,DK,47,0,STELLA NOVA,2,156348,9,25,5,0,43,1,2016-12-16T11:23:05.000Z,gothenborg,2016-12-16T00:00:00.000Z,51,Fishing,gothenborg,1
57.70705,11.65928,0,287,205,2,FISKE PLATS,DK,47,0,STELLA NOVA,2,156348,9,25,5,0,43,1,2016-12-16T11:25:05.000Z,gothenborg,2016-12-16T00:00:00.000Z,51,Fishing,gothenborg,1
57.70705,11.65928,0,287,205,4,FISKE PLATS,DK,47,0,STELLA NOVA,2,156348,9,25,5,0,43,1,2016-12-16T11:27:06.000Z,gothenborg,2016-12-16T00:00:00.000Z,51,Fishing,gothenborg,1
57.70705,11.65928,0,287,205,4,FISKE PLATS,DK,47,0,STELLA NOVA,2,156348,9,25,5,0,43,1,2016-12-16T11:29:05.000Z,gothenborg,2016-12-16T00:00:00.000Z,51,Fishing,gothenborg,1
57.70705,11.65926,0,303,205,4,FISKE PLATS,DK,47,0,STELLA NOVA,2,156348,9,25,5,0,43,1,2016-12-16T11:31:05.000Z,gothenborg,2016-12-16T00:00:00.000Z,51,Fishing,gothenborg,1
57.70707,11.65928,0,313,206,2,FISKE PLATS,DK,47,0,STELLA NOVA,2,156348,9,25,5,0,43,1,2016-12-16T11:33:05.000Z,gothenborg,2016-12-16T00:00:00.000Z,51,Fishing,gothenborg,1
57.70707,11.65928,0,313,206,4,FISKE PLATS,DK,47,0,STELLA NOVA,2,156348,9,25,5,0,43,1,2016-12-16T11:35:06.000Z,gothenborg,2016-12-16T00:00:00.000Z,51,Fishing,gothenborg,1
57.70706,11.6593,0,314,205,2,FISKE PLATS,DK,47,0,STELLA NOVA,2,156348,9,25,5,0,43,1,2016-12-16T11:37:06.000Z,gothenborg,2016-12-16T00:00:00.000Z,51,Fishing,gothenborg,1
57.70706,11.6593,0,314,205,2,FISKE PLATS,DK,47,0,STELLA NOVA,2,156348,9,25,5,0,43,1,2016-12-16T11:39:06.000Z,gothenborg,2016-12-16T00:00:00.000Z,51,Fishing,gothenborg,1
57.70706,11.6593,0,314,205,6,FISKE PLATS,DK,47,0,STELLA NOVA,2,156348,9,25,5,0,43,1,2016-12-16T11:41:05.000Z,gothenborg,2016-12-16T00:00:00.000Z,51,Fishing,gothenborg,1
57.70707,11.65931,0,331,206,4,FISKE PLATS,DK,47,0,STELLA NOVA,2,156348,9,25,5,0,43,1,2016-12-16T11:43:05.000Z,gothenborg,2016-12-16T00:00:00.000Z,51,Fishing,gothenborg,1
57.70707,11.65931,0,331,206,6,FISKE PLATS,DK,47,0,STELLA NOVA,2,156348,9,25,5,0,43,1,2016-12-16T11:45:05.000Z,gothenborg,2016-12-16T00:00:00.000Z,51,Fishing,gothenborg,1
57.70706,11.65926,0,318,206,3,FISKE PLATS,DK,47,0,STELLA NOVA,2,156348,9,25,5,0,43,1,2016-12-16T11:47:05.000Z,gothenborg,2016-12-16T00:00:00.000Z,51,Fishing,gothenborg,1
57.70706,11.65926,0,318,206,5,FISKE PLATS,DK,47,0,STELLA NOVA,2,156348,9,25,5,0,43,1,2016-12-16T11:49:05.000Z,gothenborg,2016-12-16T00:00:00.000Z,51,Fishing,gothenborg,1
57.70708,11.65924,0,336,205,3,FISKE PLATS,DK,47,0,STELLA NOVA,2,156348,9,25,5,0,43,1,2016-12-16T11:51:05.000Z,gothenborg,2016-12-16T00:00:00.000Z,51,Fishing,gothenborg,1
57.70708,11.65924,0,336,205,5,FISKE PLATS,DK,47,0,STELLA NOVA,2,156348,9,25,5,0,43,1,2016-12-16T11:53:05.000Z,gothenborg,2016-12-16T00:00:00.000Z,51,Fishing,gothenborg,1
57.70708,11.65929,0,343,206,3,FISKE PLATS,DK,47,0,STELLA NOVA,2,156348,9,25,5,0,43,1,2016-12-16T11:55:10.000Z,gothenborg,2016-12-16T00:00:00.000Z,51,Fishing,gothenborg,1
57.70708,11.65929,0,343,206,5,FISKE PLATS,DK,47,0,STELLA NOVA,2,156348,9,25,5,0,43,1,2016-12-16T11:57:04.000Z,gothenborg,2016-12-16T00:00:00.000Z,51,Fishing,gothenborg,1
57.70706,11.65928,0,340,205,2,FISKE PLATS,DK,47,0,STELLA NOVA,2,156348,9,25,5,0,43,1,2016-12-16T11:59:06.000Z,gothenborg,2016-12-16T00:00:00.000Z,51,Fishing,gothenborg,1
57.70706,11.65928,0,340,205,5,FISKE PLATS,DK,47,0,STELLA NOVA,2,156348,9,25,5,0,43,1,2016-12-16T12:01:14.000Z,gothenborg,2016-12-16T00:00:00.000Z,51,Fishing,gothenborg,1
57.70706,11.65929,0,353,206,3,FISKE PLATS,DK,47,0,STELLA NOVA,2,156348,9,25,5,0,43,1,2016-12-16T12:03:05.000Z,gothenborg,2016-12-16T00:00:00.000Z,51,Fishing,gothenborg,1
57.70706,11.65929,0,353,206,5,FISKE PLATS,DK,47,0,STELLA NOVA,2,156348,9,25,5,0,43,1,2016-12-16T12:05:05.000Z,gothenborg,2016-12-16T00:00:00.000Z,51,Fishing,gothenborg,1
57.70709,11.65928,0,138,205,3,FISKE PLATS,DK,47,0,STELLA NOVA,2,156348,9,25,5,0,43,1,2016-12-16T12:07:05.000Z,gothenborg,2016-12-16T00:00:00.000Z,51,Fishing,gothenborg,1
57.70709,11.65928,0,138,205,5,FISKE PLATS,DK,47,0,STELLA NOVA,2,156348,9,25,5,0,43,1,2016-12-16T12:09:06.000Z,gothenborg,2016-12-16T00:00:00.000Z,51,Fishing,gothenborg,1
57.70705,11.65929,0,159,206,3,FISKE PLATS,DK,47,0,STELLA NOVA,2,156348,9,25,5,0,43,1,2016-12-16T12:11:06.000Z,gothenborg,2016-12-16T00:00:00.000Z,51,Fishing,gothenborg,1
57.70705,11.65929,0,159,206,5,FISKE PLATS,DK,47,0,STELLA NOVA,2,156348,9,25,5,0,43,1,2016-12-16T12:13:06.000Z,gothenborg,2016-12-16T00:00:00.000Z,51,Fishing,gothenborg,1
57.70707,11.65928,0,21,206,2,FISKE PLATS,DK,47,0,STELLA NOVA,2,156348,9,25,5,0,43,1,2016-12-16T12:15:06.000Z,gothenborg,2016-12-16T00:00:00.000Z,51,Fishing,gothenborg,1
57.70707,11.65928,0,21,206,4,FISKE PLATS,DK,47,0,STELLA NOVA,2,156348,9,25,5,0,43,1,2016-12-16T12:17:07.000Z,gothenborg,2016-12-16T00:00:00.000Z,51,Fishing,gothenborg,1
57.70706,11.65932,0,191,206,2,FISKE PLATS,DK,47,0,STELLA NOVA,2,156348,9,25,5,0,43,1,2016-12-16T12:19:05.000Z,gothenborg,2016-12-16T00:00:00.000Z,51,Fishing,gothenborg,1
57.70706,11.65932,0,191,206,4,FISKE PLATS,DK,47,0,STELLA NOVA,2,156348,9,25,5,0,43,1,2016-12-16T12:21:05.000Z,gothenborg,2016-12-16T00:00:00.000Z,51,Fishing,gothenborg,1
57.70705,11.65928,0,220,205,3,FISKE PLATS,DK,47,0,STELLA NOVA,2,156348,9,25,5,0,43,1,2016-12-16T12:23:06.000Z,gothenborg,2016-12-16T00:00:00.000Z,51,Fishing,gothenborg,1
57.70705,11.65928,0,220,205,5,FISKE PLATS,DK,47,0,STELLA NOVA,2,156348,9,25,5,0,43,1,2016-12-16T12:25:06.000Z,gothenborg,2016-12-16T00:00:00.000Z,51,Fishing,gothenborg,1
57.70706,11.65929,0,253,205,3,FISKE PLATS,DK,47,0,STELLA NOVA,2,156348,9,25,5,0,43,1,2016-12-16T12:27:06.000Z,gothenborg,2016-12-16T00:00:00.000Z,51,Fishing,gothenborg,1
57.70706,11.65929,0,253,205,5,FISKE PLATS,DK,47,0,STELLA NOVA,2,156348,9,25,5,0,43,1,2016-12-16T12:29:06.000Z,gothenborg,2016-12-16T00:00:00.000Z,51,Fishing,gothenborg,1
57.70705,11.65928,0,116,206,4,FISKE PLATS,DK,47,0,STELLA NOVA,2,156348,9,25,5,0,43,1,2016-12-16T12:31:06.000Z,gothenborg,2016-12-16T00:00:00.000Z,51,Fishing,gothenborg,1
57.70709,11.6593,0,139,205,3,FISKE PLATS,DK,47,0,STELLA NOVA,2,156348,9,25,5,0,43,1,2016-12-16T12:33:06.000Z,gothenborg,2016-12-16T00:00:00.000Z,51,Fishing,gothenborg,1
57.70709,11.6593,0,139,205,4,FISKE PLATS,DK,47,0,STELLA NOVA,2,156348,9,25,5,0,43,1,2016-12-16T12:35:09.000Z,gothenborg,2016-12-16T00:00:00.000Z,51,Fishing,gothenborg,1
57.70705,11.65929,0,18,205,3,FISKE PLATS,DK,47,0,STELLA NOVA,2,156348,9,25,5,0,43,1,2016-12-16T12:37:05.000Z,gothenborg,2016-12-16T00:00:00.000Z,51,Fishing,gothenborg,1
57.70706,11.65931,0,24,205,2,FISKE PLATS,DK,47,0,STELLA NOVA,2,156348,9,25,5,0,43,1,2016-12-16T12:39:05.000Z,gothenborg,2016-12-16T00:00:00.000Z,51,Fishing,gothenborg,1
57.70706,11.65931,0,24,205,4,FISKE PLATS,DK,47,0,STELLA NOVA,2,156348,9,25,5,0,43,1,2016-12-16T12:41:05.000Z,gothenborg,2016-12-16T00:00:00.000Z,51,Fishing,gothenborg,1
57.70709,11.65928,0,276,205,3,FISKE PLATS,DK,47,0,STELLA NOVA,2,156348,9,25,5,0,43,1,2016-12-16T12:43:05.000Z,gothenborg,2016-12-16T00:00:00.000Z,51,Fishing,gothenborg,1
57.70705,11.65928,0,350,205,2,FISKE PLATS,DK,47,0,STELLA NOVA,2,156348,9,25,5,0,43,1,2016-12-16T12:45:06.000Z,gothenborg,2016-12-16T00:00:00.000Z,51,Fishing,gothenborg,1
57.70705,11.65928,0,350,205,4,FISKE PLATS,DK,47,0,STELLA NOVA,2,156348,9,25,5,0,43,1,2016-12-16T12:47:05.000Z,gothenborg,2016-12-16T00:00:00.000Z,51,Fishing,gothenborg,1
57.70705,11.65928,0,350,205,6,FISKE PLATS,DK,47,0,STELLA NOVA,2,156348,9,25,5,0,43,1,2016-12-16T12:49:06.000Z,gothenborg,2016-12-16T00:00:00.000Z,51,Fishing,gothenborg,1
57.70705,11.65928,0,350,205,8,FISKE PLATS,DK,47,0,STELLA NOVA,2,156348,9,25,5,0,43,1,2016-12-16T12:51:05.000Z,gothenborg,2016-12-16T00:00:00.000Z,51,Fishing,gothenborg,1
57.70705,11.65928,0,350,205,10,FISKE PLATS,DK,47,0,STELLA NOVA,2,156348,9,25,5,0,43,1,2016-12-16T12:53:05.000Z,gothenborg,2016-12-16T00:00:00.000Z,51,Fishing,gothenborg,1
57.70705,11.65928,0,350,205,12,FISKE PLATS,DK,47,0,STELLA NOVA,2,156348,9,25,5,0,43,1,2016-12-16T12:55:05.000Z,gothenborg,2016-12-16T00:00:00.000Z,51,Fishing,gothenborg,1
57.70705,11.65929,0,351,206,3,FISKE PLATS,DK,47,0,STELLA NOVA,2,156348,9,25,5,0,43,1,2016-12-16T12:57:05.000Z,gothenborg,2016-12-16T00:00:00.000Z,51,Fishing,gothenborg,1
57.70707,11.65928,0,325,206,3,FISKE PLATS,DK,47,0,STELLA NOVA,2,156348,9,25,5,0,43,1,2016-12-16T12:59:06.000Z,gothenborg,2016-12-16T00:00:00.000Z,51,Fishing,gothenborg,1
57.70707,11.65928,0,325,206,4,FISKE PLATS,DK,47,0,STELLA NOVA,2,156348,9,25,5,0,43,1,2016-12-16T13:01:05.000Z,gothenborg,2016-12-16T00:00:00.000Z,51,Fishing,gothenborg,1
57.70707,11.65928,0,325,206,5,FISKE PLATS,DK,47,0,STELLA NOVA,2,156348,9,25,5,0,43,1,2016-12-16T13:03:05.000Z,gothenborg,2016-12-16T00:00:00.000Z,51,Fishing,gothenborg,1
57.70706,11.65934,0,315,206,5,FISKE PLATS,DK,47,0,STELLA NOVA,2,156348,9,25,5,0,43,1,2016-12-16T13:05:05.000Z,gothenborg,2016-12-16T00:00:00.000Z,51,Fishing,gothenborg,1
57.70704,11.65931,0,330,206,2,FISKE PLATS,DK,47,0,STELLA NOVA,2,156348,9,25,5,0,43,1,2016-12-16T13:07:06.000Z,gothenborg,2016-12-16T00:00:00.000Z,51,Fishing,gothenborg,1
57.70704,11.65931,0,330,206,5,FISKE PLATS,DK,47,0,STELLA NOVA,2,156348,9,25,5,0,43,1,2016-12-16T13:09:06.000Z,gothenborg,2016-12-16T00:00:00.000Z,51,Fishing,gothenborg,1
57.70706,11.65932,0,217,206,3,FISKE PLATS,DK,47,0,STELLA NOVA,2,156348,9,25,5,0,43,1,2016-12-16T13:11:05.000Z,gothenborg,2016-12-16T00:00:00.000Z,51,Fishing,gothenborg,1
57.70706,11.65932,0,217,206,4,FISKE PLATS,DK,47,0,STELLA NOVA,2,156348,9,25,5,0,43,1,2016-12-16T13:13:05.000Z,gothenborg,2016-12-16T00:00:00.000Z,51,Fishing,gothenborg,1
57.70705,11.6593,0,242,205,3,FISKE PLATS,DK,47,0,STELLA NOVA,2,156348,9,25,5,0,43,1,2016-12-16T13:15:06.000Z,gothenborg,2016-12-16T00:00:00.000Z,51,Fishing,gothenborg,1
57.70705,11.6593,0,242,205,5,FISKE PLATS,DK,47,0,STELLA NOVA,2,156348,9,25,5,0,43,1,2016-12-16T13:17:05.000Z,gothenborg,2016-12-16T00:00:00.000Z,51,Fishing,gothenborg,1
57.70705,11.65928,0,282,205,3,FISKE PLATS,DK,47,0,STELLA NOVA,2,156348,9,25,5,0,43,1,2016-12-16T13:19:06.000Z,gothenborg,2016-12-16T00:00:00.000Z,51,Fishing,gothenborg,1
57.70705,11.6593,0,241,205,2,FISKE PLATS,DK,47,0,STELLA NOVA,2,156348,9,25,5,0,43,1,2016-12-16T13:21:06.000Z,gothenborg,2016-12-16T00:00:00.000Z,51,Fishing,gothenborg,1
57.70705,11.6593,0,241,205,3,FISKE PLATS,DK,47,0,STELLA NOVA,2,156348,9,25,5,0,43,1,2016-12-16T13:23:05.000Z,gothenborg,2016-12-16T00:00:00.000Z,51,Fishing,gothenborg,1
57.70707,11.65928,0,289,206,3,FISKE PLATS,DK,47,0,STELLA NOVA,2,156348,9,25,5,0,43,1,2016-12-16T13:25:05.000Z,gothenborg,2016-12-16T00:00:00.000Z,51,Fishing,gothenborg,1
57.70706,11.65929,0,264,205,2,FISKE PLATS,DK,47,0,STELLA NOVA,2,156348,9,25,5,0,43,1,2016-12-16T13:27:06.000Z,gothenborg,2016-12-16T00:00:00.000Z,51,Fishing,gothenborg,1
57.70706,11.65929,0,264,205,4,FISKE PLATS,DK,47,0,STELLA NOVA,2,156348,9,25,5,0,43,1,2016-12-16T13:29:06.000Z,gothenborg,2016-12-16T00:00:00.000Z,51,Fishing,gothenborg,1
57.70705,11.6593,0,244,204,2,FISKE PLATS,DK,47,0,STELLA NOVA,2,156348,9,25,5,0,43,1,2016-12-16T13:31:05.000Z,gothenborg,2016-12-16T00:00:00.000Z,51,Fishing,gothenborg,1
57.70705,11.6593,0,244,204,4,FISKE PLATS,DK,47,0,STELLA NOVA,2,156348,9,25,5,0,43,1,2016-12-16T13:33:05.000Z,gothenborg,2016-12-16T00:00:00.000Z,51,Fishing,gothenborg,1
57.70707,11.65931,0,284,205,3,FISKE PLATS,DK,47,0,STELLA NOVA,2,156348,9,25,5,0,43,1,2016-12-16T13:35:06.000Z,gothenborg,2016-12-16T00:00:00.000Z,51,Fishing,gothenborg,1
57.70705,11.65928,0,216,205,2,FISKE PLATS,DK,47,0,STELLA NOVA,2,156348,9,25,5,0,43,1,2016-12-16T13:37:06.000Z,gothenborg,2016-12-16T00:00:00.000Z,51,Fishing,gothenborg,1
57.70705,11.65928,0,216,205,4,FISKE PLATS,DK,47,0,STELLA NOVA,2,156348,9,25,5,0,43,1,2016-12-16T13:39:06.000Z,gothenborg,2016-12-16T00:00:00.000Z,51,Fishing,gothenborg,1
57.70705,11.65928,0,216,205,5,FISKE PLATS,DK,47,0,STELLA NOVA,2,156348,9,25,5,0,43,1,2016-12-16T13:41:05.000Z,gothenborg,2016-12-16T00:00:00.000Z,51,Fishing,gothenborg,1
57.70705,11.6593,0,232,204,4,FISKE PLATS,DK,47,0,STELLA NOVA,2,156348,9,25,5,0,43,1,2016-12-16T13:43:07.000Z,gothenborg,2016-12-16T00:00:00.000Z,51,Fishing,gothenborg,1
57.70705,11.6593,0,178,205,2,FISKE PLATS,DK,47,0,STELLA NOVA,2,156348,9,25,5,0,43,1,2016-12-16T13:45:05.000Z,gothenborg,2016-12-16T00:00:00.000Z,51,Fishing,gothenborg,1
57.70705,11.6593,0,178,205,4,FISKE PLATS,DK,47,0,STELLA NOVA,2,156348,9,25,5,0,43,1,2016-12-16T13:47:05.000Z,gothenborg,2016-12-16T00:00:00.000Z,51,Fishing,gothenborg,1
57.70707,11.65928,0,234,206,2,FISKE PLATS,DK,47,0,STELLA NOVA,2,156348,9,25,5,0,43,1,2016-12-16T13:49:05.000Z,gothenborg,2016-12-16T00:00:00.000Z,51,Fishing,gothenborg,1
57.70707,11.65928,0,234,206,4,FISKE PLATS,DK,47,0,STELLA NOVA,2,156348,9,25,5,0,43,1,2016-12-16T13:51:05.000Z,gothenborg,2016-12-16T00:00:00.000Z,51,Fishing,gothenborg,1
57.70706,11.65928,0,243,206,3,FISKE PLATS,DK,47,0,STELLA NOVA,2,156348,9,25,5,0,43,1,2016-12-16T13:53:06.000Z,gothenborg,2016-12-16T00:00:00.000Z,51,Fishing,gothenborg,1
57.70705,11.6593,0,150,206,2,FISKE PLATS,DK,47,0,STELLA NOVA,2,156348,9,25,5,0,43,1,2016-12-16T13:55:05.000Z,gothenborg,2016-12-16T00:00:00.000Z,51,Fishing,gothenborg,1
57.70705,11.6593,0,150,206,4,FISKE PLATS,DK,47,0,STELLA NOVA,2,156348,9,25,5,0,43,1,2016-12-16T13:57:05.000Z,gothenborg,2016-12-16T00:00:00.000Z,51,Fishing,gothenborg,1
57.70705,11.65931,0,230,206,3,FISKE PLATS,DK,47,0,STELLA NOVA,2,156348,9,25,5,0,43,1,2016-12-16T13:59:09.000Z,gothenborg,2016-12-16T00:00:00.000Z,51,Fishing,gothenborg,1
57.70706,11.65928,0,297,206,2,FISKE PLATS,DK,47,0,STELLA NOVA,2,156348,9,25,5,0,43,1,2016-12-16T14:01:05.000Z,gothenborg,2016-12-16T00:00:00.000Z,51,Fishing,gothenborg,1
57.70706,11.65928,0,297,206,4,FISKE PLATS,DK,47,0,STELLA NOVA,2,156348,9,25,5,0,43,1,2016-12-16T14:03:06.000Z,gothenborg,2016-12-16T00:00:00.000Z,51,Fishing,gothenborg,1
57.70707,11.65928,0,207,206,2,FISKE PLATS,DK,47,0,STELLA NOVA,2,156348,9,25,5,0,43,1,2016-12-16T14:05:05.000Z,gothenborg,2016-12-16T00:00:00.000Z,51,Fishing,gothenborg,1
57.70707,11.65928,0,207,206,4,FISKE PLATS,DK,47,0,STELLA NOVA,2,156348,9,25,5,0,43,1,2016-12-16T14:07:05.000Z,gothenborg,2016-12-16T00:00:00.000Z,51,Fishing,gothenborg,1
57.70705,11.65927,0,174,205,2,FISKE PLATS,DK,47,0,STELLA NOVA,2,156348,9,25,5,0,43,1,2016-12-16T14:09:06.000Z,gothenborg,2016-12-16T00:00:00.000Z,51,Fishing,gothenborg,1
57.70705,11.65927,0,174,205,4,FISKE PLATS,DK,47,0,STELLA NOVA,2,156348,9,25,5,0,43,1,2016-12-16T14:11:05.000Z,gothenborg,2016-12-16T00:00:00.000Z,51,Fishing,gothenborg,1
57.70706,11.65929,0,274,206,2,FISKE PLATS,DK,47,0,STELLA NOVA,2,156348,9,25,5,0,43,1,2016-12-16T14:13:05.000Z,gothenborg,2016-12-16T00:00:00.000Z,51,Fishing,gothenborg,1
57.70706,11.65929,0,274,206,4,FISKE PLATS,DK,47,0,STELLA NOVA,2,156348,9,25,5,0,43,1,2016-12-16T14:15:05.000Z,gothenborg,2016-12-16T00:00:00.000Z,51,Fishing,gothenborg,1
57.70706,11.65929,0,274,206,6,FISKE PLATS,DK,47,0,STELLA NOVA,2,156348,9,25,5,0,43,1,2016-12-16T14:17:05.000Z,gothenborg,2016-12-16T00:00:00.000Z,51,Fishing,gothenborg,1
57.70707,11.65931,0,256,206,4,FISKE PLATS,DK,47,0,STELLA NOVA,2,156348,9,25,5,0,43,1,2016-12-16T14:19:05.000Z,gothenborg,2016-12-16T00:00:00.000Z,51,Fishing,gothenborg,1
57.70707,11.65931,0,256,206,6,FISKE PLATS,DK,47,0,STELLA NOVA,2,156348,9,25,5,0,43,1,2016-12-16T14:21:06.000Z,gothenborg,2016-12-16T00:00:00.000Z,51,Fishing,gothenborg,1
57.70705,11.6593,0,218,206,3,FISKE PLATS,DK,47,0,STELLA NOVA,2,156348,9,25,5,0,43,1,2016-12-16T14:23:05.000Z,gothenborg,2016-12-16T00:00:00.000Z,51,Fishing,gothenborg,1
57.70705,11.6593,0,218,206,5,FISKE PLATS,DK,47,0,STELLA NOVA,2,156348,9,25,5,0,43,1,2016-12-16T14:25:05.000Z,gothenborg,2016-12-16T00:00:00.000Z,51,Fishing,gothenborg,1
57.70705,11.65926,0,273,206,3,FISKE PLATS,DK,47,0,STELLA NOVA,2,156348,9,25,5,0,43,1,2016-12-16T14:27:05.000Z,gothenborg,2016-12-16T00:00:00.000Z,51,Fishing,gothenborg,1
57.70705,11.65926,0,273,206,5,FISKE PLATS,DK,47,0,STELLA NOVA,2,156348,9,25,5,0,43,1,2016-12-16T14:29:06.000Z,gothenborg,2016-12-16T00:00:00.000Z,51,Fishing,gothenborg,1
57.70705,11.65926,0,274,205,3,FISKE PLATS,DK,47,0,STELLA NOVA,2,156348,9,25,5,0,43,1,2016-12-16T14:31:05.000Z,gothenborg,2016-12-16T00:00:00.000Z,51,Fishing,gothenborg,1
57.70705,11.65926,0,274,205,4,FISKE PLATS,DK,47,0,STELLA NOVA,2,156348,9,25,5,0,43,1,2016-12-16T14:33:05.000Z,gothenborg,2016-12-16T00:00:00.000Z,51,Fishing,gothenborg,1
57.70706,11.65925,0,304,204,2,FISKE PLATS,DK,47,0,STELLA NOVA,2,156348,9,25,5,0,43,1,2016-12-16T14:35:05.000Z,gothenborg,2016-12-16T00:00:00.000Z,51,Fishing,gothenborg,1
57.70707,11.65925,0,231,205,2,FISKE PLATS,DK,47,0,STELLA NOVA,2,156348,9,25,5,0,43,1,2016-12-16T14:37:06.000Z,gothenborg,2016-12-16T00:00:00.000Z,51,Fishing,gothenborg,1
57.70707,11.65925,0,231,205,4,FISKE PLATS,DK,47,0,STELLA NOVA,2,156348,9,25,5,0,43,1,2016-12-16T14:39:06.000Z,gothenborg,2016-12-16T00:00:00.000Z,51,Fishing,gothenborg,1
57.70707,11.65926,0,301,205,2,FISKE PLATS,DK,47,0,STELLA NOVA,2,156348,9,25,5,0,43,1,2016-12-16T14:41:05.000Z,gothenborg,2016-12-16T00:00:00.000Z,51,Fishing,gothenborg,1
57.70707,11.65926,0,301,205,4,FISKE PLATS,DK,47,0,STELLA NOVA,2,156348,9,25,5,0,43,1,2016-12-16T14:43:06.000Z,gothenborg,2016-12-16T00:00:00.000Z,51,Fishing,gothenborg,1
57.70707,11.65926,0,303,205,2,FISKE PLATS,DK,47,0,STELLA NOVA,2,156348,9,25,5,0,43,1,2016-12-16T14:45:05.000Z,gothenborg,2016-12-16T00:00:00.000Z,51,Fishing,gothenborg,1
57.70707,11.65926,0,303,205,4,FISKE PLATS,DK,47,0,STELLA NOVA,2,156348,9,25,5,0,43,1,2016-12-16T14:47:05.000Z,gothenborg,2016-12-16T00:00:00.000Z,51,Fishing,gothenborg,1
57.70707,11.65926,0,303,205,6,FISKE PLATS,DK,47,0,STELLA NOVA,2,156348,9,25,5,0,43,1,2016-12-16T14:49:06.000Z,gothenborg,2016-12-16T00:00:00.000Z,51,Fishing,gothenborg,1
57.70706,11.6593,0,312,206,3,FISKE PLATS,DK,47,0,STELLA NOVA,2,156348,9,25,5,0,43,1,2016-12-16T14:51:05.000Z,gothenborg,2016-12-16T00:00:00.000Z,51,Fishing,gothenborg,1
57.70706,11.6593,0,312,206,5,FISKE PLATS,DK,47,0,STELLA NOVA,2,156348,9,25,5,0,43,1,2016-12-16T14:53:06.000Z,gothenborg,2016-12-16T00:00:00.000Z,51,Fishing,gothenborg,1
57.70705,11.65929,0,324,206,3,FISKE PLATS,DK,47,0,STELLA NOVA,2,156348,9,25,5,0,43,1,2016-12-16T14:55:05.000Z,gothenborg,2016-12-16T00:00:00.000Z,51,Fishing,gothenborg,1
57.70705,11.65929,0,324,206,4,FISKE PLATS,DK,47,0,STELLA NOVA,2,156348,9,25,5,0,43,1,2016-12-16T14:57:05.000Z,gothenborg,2016-12-16T00:00:00.000Z,51,Fishing,gothenborg,1
57.70708,11.65925,0,310,205,3,FISKE PLATS,DK,47,0,STELLA NOVA,2,156348,9,25,5,0,43,1,2016-12-16T14:59:05.000Z,gothenborg,2016-12-16T00:00:00.000Z,51,Fishing,gothenborg,1
57.70708,11.65925,0,310,205,3,FISKE PLATS,DK,47,0,STELLA NOVA,2,156348,9,25,5,0,43,1,2016-12-16T15:01:05.000Z,gothenborg,2016-12-16T00:00:00.000Z,51,Fishing,gothenborg,1
57.70707,11.65931,0,310,205,2,FISKE PLATS,DK,47,0,STELLA NOVA,2,156348,9,25,5,0,43,1,2016-12-16T15:03:05.000Z,gothenborg,2016-12-16T00:00:00.000Z,51,Fishing,gothenborg,1
57.70707,11.65931,0,310,205,4,FISKE PLATS,DK,47,0,STELLA NOVA,2,156348,9,25,5,0,43,1,2016-12-16T15:05:06.000Z,gothenborg,2016-12-16T00:00:00.000Z,51,Fishing,gothenborg,1
57.70708,11.6593,0,300,207,2,FISKE PLATS,DK,47,0,STELLA NOVA,2,156348,9,25,5,0,43,1,2016-12-16T15:07:05.000Z,gothenborg,2016-12-16T00:00:00.000Z,51,Fishing,gothenborg,1
57.70708,11.6593,0,300,207,4,FISKE PLATS,DK,47,0,STELLA NOVA,2,156348,9,25,5,0,43,1,2016-12-16T15:09:05.000Z,gothenborg,2016-12-16T00:00:00.000Z,51,Fishing,gothenborg,1
57.70705,11.65931,0,327,207,2,FISKE PLATS,DK,47,0,STELLA NOVA,2,156348,9,25,5,0,43,1,2016-12-16T15:11:06.000Z,gothenborg,2016-12-16T00:00:00.000Z,51,Fishing,gothenborg,1
57.70705,11.65931,0,327,207,4,FISKE PLATS,DK,47,0,STELLA NOVA,2,156348,9,25,5,0,43,1,2016-12-16T15:13:05.000Z,gothenborg,2016-12-16T00:00:00.000Z,51,Fishing,gothenborg,1
57.70707,11.65926,0,145,206,3,FISKE PLATS,DK,47,0,STELLA NOVA,2,156348,9,25,5,0,43,1,2016-12-16T15:15:05.000Z,gothenborg,2016-12-16T00:00:00.000Z,51,Fishing,gothenborg,1
57.70707,11.65926,0,145,206,5,FISKE PLATS,DK,47,0,STELLA NOVA,2,156348,9,25,5,0,43,1,2016-12-16T15:17:05.000Z,gothenborg,2016-12-16T00:00:00.000Z,51,Fishing,gothenborg,1
57.70708,11.65925,0,208,205,4,FISKE PLATS,DK,47,0,STELLA NOVA,2,156348,9,25,5,0,43,1,2016-12-16T15:19:05.000Z,gothenborg,2016-12-16T00:00:00.000Z,51,Fishing,gothenborg,1
57.70707,11.65931,0,80,205,2,FISKE PLATS,DK,47,0,STELLA NOVA,2,156348,9,25,5,0,43,1,2016-12-16T15:21:06.000Z,gothenborg,2016-12-16T00:00:00.000Z,51,Fishing,gothenborg,1
57.70707,11.65931,0,80,205,4,FISKE PLATS,DK,47,0,STELLA NOVA,2,156348,9,25,5,0,43,1,2016-12-16T15:23:04.000Z,gothenborg,2016-12-16T00:00:00.000Z,51,Fishing,gothenborg,1
57.70705,11.65929,0,325,205,3,FISKE PLATS,DK,47,0,STELLA NOVA,2,156348,9,25,5,0,43,1,2016-12-16T15:25:05.000Z,gothenborg,2016-12-16T00:00:00.000Z,51,Fishing,gothenborg,1
57.70706,11.65929,0,18,205,2,FISKE PLATS,DK,47,0,STELLA NOVA,2,156348,9,25,5,0,43,1,2016-12-16T15:27:05.000Z,gothenborg,2016-12-16T00:00:00.000Z,51,Fishing,gothenborg,1
57.70706,11.65929,0,18,205,4,FISKE PLATS,DK,47,0,STELLA NOVA,2,156348,9,25,5,0,43,1,2016-12-16T15:29:06.000Z,gothenborg,2016-12-16T00:00:00.000Z,51,Fishing,gothenborg,1
57.70706,11.65929,0,18,205,4,FISKE PLATS,DK,47,0,STELLA NOVA,2,156348,9,25,5,0,43,1,2016-12-16T15:31:05.000Z,gothenborg,2016-12-16T00:00:00.000Z,51,Fishing,gothenborg,1
57.70706,11.65929,0,13,205,2,FISKE PLATS,DK,47,0,STELLA NOVA,2,156348,9,25,5,0,43,1,2016-12-16T15:33:06.000Z,gothenborg,2016-12-16T00:00:00.000Z,51,Fishing,gothenborg,1
57.70706,11.65929,0,13,205,4,FISKE PLATS,DK,47,0,STELLA NOVA,2,156348,9,25,5,0,43,1,2016-12-16T15:35:05.000Z,gothenborg,2016-12-16T00:00:00.000Z,51,Fishing,gothenborg,1
57.70707,11.6593,0,4,204,3,FISKE PLATS,DK,47,0,STELLA NOVA,2,156348,9,25,5,0,43,1,2016-12-16T15:37:05.000Z,gothenborg,2016-12-16T00:00:00.000Z,51,Fishing,gothenborg,1
57.70707,11.6593,0,4,204,5,FISKE PLATS,DK,47,0,STELLA NOVA,2,156348,9,25,5,0,43,1,2016-12-16T15:39:05.000Z,gothenborg,2016-12-16T00:00:00.000Z,51,Fishing,gothenborg,1
57.70705,11.65931,0,28,204,3,FISKE PLATS,DK,47,0,STELLA NOVA,2,156348,9,25,5,0,43,1,2016-12-16T15:41:06.000Z,gothenborg,2016-12-16T00:00:00.000Z,51,Fishing,gothenborg,1
57.70705,11.65931,0,28,204,5,FISKE PLATS,DK,47,0,STELLA NOVA,2,156348,9,25,5,0,43,1,2016-12-16T15:43:05.000Z,gothenborg,2016-12-16T00:00:00.000Z,51,Fishing,gothenborg,1
57.70707,11.6593,0,252,204,5,FISKE PLATS,DK,47,0,STELLA NOVA,2,156348,9,25,5,0,43,1,2016-12-16T15:51:05.000Z,gothenborg,2016-12-16T00:00:00.000Z,51,Fishing,gothenborg,1
57.70707,11.6593,0,273,204,4,FISKE PLATS,DK,47,0,STELLA NOVA,2,156348,9,25,5,0,43,1,2016-12-16T15:53:05.000Z,gothenborg,2016-12-16T00:00:00.000Z,51,Fishing,gothenborg,1
57.70708,11.65928,0,292,204,3,FISKE PLATS,DK,47,0,STELLA NOVA,2,156348,9,25,5,0,43,1,2016-12-16T15:55:05.000Z,gothenborg,2016-12-16T00:00:00.000Z,51,Fishing,gothenborg,1
57.70708,11.65928,0,292,204,5,FISKE PLATS,DK,47,0,STELLA NOVA,2,156348,9,25,5,0,43,1,2016-12-16T15:57:05.000Z,gothenborg,2016-12-16T00:00:00.000Z,51,Fishing,gothenborg,1
57.70707,11.65929,0,276,205,4,FISKE PLATS,DK,47,0,STELLA NOVA,2,156348,9,25,5,0,43,1,2016-12-16T15:59:05.000Z,gothenborg,2016-12-16T00:00:00.000Z,51,Fishing,gothenborg,1
57.70707,11.65929,0,270,205,4,FISKE PLATS,DK,47,0,STELLA NOVA,2,156348,9,25,5,0,43,1,2016-12-16T16:03:05.000Z,gothenborg,2016-12-16T00:00:00.000Z,51,Fishing,gothenborg,1
57.70707,11.65928,0,266,205,3,FISKE PLATS,DK,47,0,STELLA NOVA,2,156348,9,25,5,0,43,1,2016-12-16T16:05:05.000Z,gothenborg,2016-12-16T00:00:00.000Z,51,Fishing,gothenborg,1
57.70707,11.65928,0,266,205,5,FISKE PLATS,DK,47,0,STELLA NOVA,2,156348,9,25,5,0,43,1,2016-12-16T16:07:05.000Z,gothenborg,2016-12-16T00:00:00.000Z,51,Fishing,gothenborg,1
57.70707,11.65929,0,258,205,3,FISKE PLATS,DK,47,0,STELLA NOVA,2,156348,9,25,5,0,43,1,2016-12-16T16:09:05.000Z,gothenborg,2016-12-16T00:00:00.000Z,51,Fishing,gothenborg,1
57.70707,11.65929,0,258,205,5,FISKE PLATS,DK,47,0,STELLA NOVA,2,156348,9,25,5,0,43,1,2016-12-16T16:11:05.000Z,gothenborg,2016-12-16T00:00:00.000Z,51,Fishing,gothenborg,1
57.70707,11.65927,0,304,206,2,FISKE PLATS,DK,47,0,STELLA NOVA,2,156348,9,25,5,0,43,1,2016-12-16T16:13:05.000Z,gothenborg,2016-12-16T00:00:00.000Z,51,Fishing,gothenborg,1
57.70707,11.65927,0,304,206,3,FISKE PLATS,DK,47,0,STELLA NOVA,2,156348,9,25,5,0,43,1,2016-12-16T16:15:05.000Z,gothenborg,2016-12-16T00:00:00.000Z,51,Fishing,gothenborg,1
57.70707,11.65929,0,306,206,3,FISKE PLATS,DK,47,0,STELLA NOVA,2,156348,9,25,5,0,43,1,2016-12-16T16:17:06.000Z,gothenborg,2016-12-16T00:00:00.000Z,51,Fishing,gothenborg,1
57.70707,11.65929,0,306,206,3,FISKE PLATS,DK,47,0,STELLA NOVA,2,156348,9,25,5,0,43,1,2016-12-16T16:19:05.000Z,gothenborg,2016-12-16T00:00:00.000Z,51,Fishing,gothenborg,1
57.70707,11.65928,0,303,205,3,FISKE PLATS,DK,47,0,STELLA NOVA,2,156348,9,25,5,0,43,1,2016-12-16T16:21:05.000Z,gothenborg,2016-12-16T00:00:00.000Z,51,Fishing,gothenborg,1
57.70707,11.65928,0,303,205,5,FISKE PLATS,DK,47,0,STELLA NOVA,2,156348,9,25,5,0,43,1,2016-12-16T16:23:05.000Z,gothenborg,2016-12-16T00:00:00.000Z,51,Fishing,gothenborg,1
57.70706,11.65928,0,263,206,3,FISKE PLATS,DK,47,0,STELLA NOVA,2,156348,9,25,5,0,43,1,2016-12-16T16:25:05.000Z,gothenborg,2016-12-16T00:00:00.000Z,51,Fishing,gothenborg,1
57.70706,11.65928,0,248,205,2,FISKE PLATS,DK,47,0,STELLA NOVA,2,156348,9,25,5,0,43,1,2016-12-16T16:27:06.000Z,gothenborg,2016-12-16T00:00:00.000Z,51,Fishing,gothenborg,1
57.70706,11.65928,0,248,205,4,FISKE PLATS,DK,47,0,STELLA NOVA,2,156348,9,25,5,0,43,1,2016-12-16T16:29:06.000Z,gothenborg,2016-12-16T00:00:00.000Z,51,Fishing,gothenborg,1
57.70707,11.65929,0,251,205,2,FISKE PLATS,DK,47,0,STELLA NOVA,2,156348,9,25,5,0,43,1,2016-12-16T16:31:06.000Z,gothenborg,2016-12-16T00:00:00.000Z,51,Fishing,gothenborg,1
57.70707,11.65929,0,251,205,4,FISKE PLATS,DK,47,0,STELLA NOVA,2,156348,9,25,5,0,43,1,2016-12-16T16:33:06.000Z,gothenborg,2016-12-16T00:00:00.000Z,51,Fishing,gothenborg,1
57.70707,11.65928,0,309,205,2,FISKE PLATS,DK,47,0,STELLA NOVA,2,156348,9,25,5,0,43,1,2016-12-16T16:35:05.000Z,gothenborg,2016-12-16T00:00:00.000Z,51,Fishing,gothenborg,1
57.70707,11.65928,0,309,205,4,FISKE PLATS,DK,47,0,STELLA NOVA,2,156348,9,25,5,0,43,1,2016-12-16T16:37:05.000Z,gothenborg,2016-12-16T00:00:00.000Z,51,Fishing,gothenborg,1
57.70707,11.65928,0,309,205,6,FISKE PLATS,DK,47,0,STELLA NOVA,2,156348,9,25,5,0,43,1,2016-12-16T16:39:05.000Z,gothenborg,2016-12-16T00:00:00.000Z,51,Fishing,gothenborg,1
57.70706,11.65928,0,218,206,4,FISKE PLATS,DK,47,0,STELLA NOVA,2,156348,9,25,5,0,43,1,2016-12-16T16:41:06.000Z,gothenborg,2016-12-16T00:00:00.000Z,51,Fishing,gothenborg,1
57.70706,11.65928,0,218,206,6,FISKE PLATS,DK,47,0,STELLA NOVA,2,156348,9,25,5,0,43,1,2016-12-16T16:43:05.000Z,gothenborg,2016-12-16T00:00:00.000Z,51,Fishing,gothenborg,1
57.70706,11.65929,0,198,206,4,FISKE PLATS,DK,47,0,STELLA NOVA,2,156348,9,25,5,0,43,1,2016-12-16T16:45:06.000Z,gothenborg,2016-12-16T00:00:00.000Z,51,Fishing,gothenborg,1
57.70706,11.65929,0,198,206,6,FISKE PLATS,DK,47,0,STELLA NOVA,2,156348,9,25,5,0,43,1,2016-12-16T16:47:05.000Z,gothenborg,2016-12-16T00:00:00.000Z,51,Fishing,gothenborg,1
57.70705,11.6593,0,237,206,4,FISKE PLATS,DK,47,0,STELLA NOVA,2,156348,9,25,5,0,43,1,2016-12-16T16:49:05.000Z,gothenborg,2016-12-16T00:00:00.000Z,51,Fishing,gothenborg,1
57.70705,11.6593,0,237,206,6,FISKE PLATS,DK,47,0,STELLA NOVA,2,156348,9,25,5,0,43,1,2016-12-16T16:51:06.000Z,gothenborg,2016-12-16T00:00:00.000Z,51,Fishing,gothenborg,1
57.70707,11.6593,0,206,206,2,FISKE PLATS,DK,47,0,STELLA NOVA,2,156348,9,25,5,0,43,1,2016-12-16T16:53:05.000Z,gothenborg,2016-12-16T00:00:00.000Z,51,Fishing,gothenborg,1
57.70707,11.65929,0,296,205,2,FISKE PLATS,DK,47,0,STELLA NOVA,2,156348,9,25,5,0,43,1,2016-12-16T16:55:06.000Z,gothenborg,2016-12-16T00:00:00.000Z,51,Fishing,gothenborg,1
57.70707,11.65929,0,296,205,4,FISKE PLATS,DK,47,0,STELLA NOVA,2,156348,9,25,5,0,43,1,2016-12-16T16:57:06.000Z,gothenborg,2016-12-16T00:00:00.000Z,51,Fishing,gothenborg,1
57.70707,11.6593,0,310,205,3,FISKE PLATS,DK,47,0,STELLA NOVA,2,156348,9,25,5,0,43,1,2016-12-16T16:59:06.000Z,gothenborg,2016-12-16T00:00:00.000Z,51,Fishing,gothenborg,1
57.70707,11.6593,0,310,205,5,FISKE PLATS,DK,47,0,STELLA NOVA,2,156348,9,25,5,0,43,1,2016-12-16T17:01:05.000Z,gothenborg,2016-12-16T00:00:00.000Z,51,Fishing,gothenborg,1
57.70705,11.65931,0,245,205,3,FISKE PLATS,DK,47,0,STELLA NOVA,2,156348,9,25,5,0,43,1,2016-12-16T17:03:05.000Z,gothenborg,2016-12-16T00:00:00.000Z,51,Fishing,gothenborg,1
57.70707,11.65928,0,300,205,2,FISKE PLATS,DK,47,0,STELLA NOVA,2,156348,9,25,5,0,43,1,2016-12-16T17:05:06.000Z,gothenborg,2016-12-16T00:00:00.000Z,51,Fishing,gothenborg,1
57.70707,11.65928,0,300,205,4,FISKE PLATS,DK,47,0,STELLA NOVA,2,156348,9,25,5,0,43,1,2016-12-16T17:07:05.000Z,gothenborg,2016-12-16T00:00:00.000Z,51,Fishing,gothenborg,1
57.70705,11.6593,0,296,205,2,FISKE PLATS,DK,47,0,STELLA NOVA,2,156348,9,25,5,0,43,1,2016-12-16T17:09:05.000Z,gothenborg,2016-12-16T00:00:00.000Z,51,Fishing,gothenborg,1
57.70705,11.6593,0,296,205,4,FISKE PLATS,DK,47,0,STELLA NOVA,2,156348,9,25,5,0,43,1,2016-12-16T17:11:06.000Z,gothenborg,2016-12-16T00:00:00.000Z,51,Fishing,gothenborg,1
57.70706,11.6593,0,332,205,3,FISKE PLATS,DK,47,0,STELLA NOVA,2,156348,9,25,5,0,43,1,2016-12-16T17:13:05.000Z,gothenborg,2016-12-16T00:00:00.000Z,51,Fishing,gothenborg,1
57.70706,11.6593,0,332,205,4,FISKE PLATS,DK,47,0,STELLA NOVA,2,156348,9,25,5,0,43,1,2016-12-16T17:15:05.000Z,gothenborg,2016-12-16T00:00:00.000Z,51,Fishing,gothenborg,1
57.70707,11.65928,0,326,206,4,FISKE PLATS,DK,47,0,STELLA NOVA,2,156348,9,25,5,0,43,1,2016-12-16T17:17:09.000Z,gothenborg,2016-12-16T00:00:00.000Z,51,Fishing,gothenborg,1
57.70707,11.65928,0,326,206,4,FISKE PLATS,DK,47,0,STELLA NOVA,2,156348,9,25,5,0,43,1,2016-12-16T17:19:05.000Z,gothenborg,2016-12-16T00:00:00.000Z,51,Fishing,gothenborg,1
57.70707,11.6593,0,321,204,4,FISKE PLATS,DK,47,0,STELLA NOVA,2,156348,9,25,5,0,43,1,2016-12-16T17:21:05.000Z,gothenborg,2016-12-16T00:00:00.000Z,51,Fishing,gothenborg,1
57.70708,11.65928,0,310,205,2,FISKE PLATS,DK,47,0,STELLA NOVA,2,156348,9,25,5,0,43,1,2016-12-16T17:23:06.000Z,gothenborg,2016-12-16T00:00:00.000Z,51,Fishing,gothenborg,1
57.70706,11.65928,0,292,205,2,FISKE PLATS,DK,47,0,STELLA NOVA,2,156348,9,25,5,0,43,1,2016-12-16T17:25:05.000Z,gothenborg,2016-12-16T00:00:00.000Z,51,Fishing,gothenborg,1
57.70706,11.65928,0,292,205,4,FISKE PLATS,DK,47,0,STELLA NOVA,2,156348,9,25,5,0,43,1,2016-12-16T17:27:06.000Z,gothenborg,2016-12-16T00:00:00.000Z,51,Fishing,gothenborg,1
57.70708,11.65929,0,286,205,3,FISKE PLATS,DK,47,0,STELLA NOVA,2,156348,9,25,5,0,43,1,2016-12-16T17:29:06.000Z,gothenborg,2016-12-16T00:00:00.000Z,51,Fishing,gothenborg,1
57.70708,11.65929,0,286,205,4,FISKE PLATS,DK,47,0,STELLA NOVA,2,156348,9,25,5,0,43,1,2016-12-16T17:31:16.000Z,gothenborg,2016-12-16T00:00:00.000Z,51,Fishing,gothenborg,1
57.70707,11.6593,0,310,206,2,FISKE PLATS,DK,47,0,STELLA NOVA,2,156348,9,25,5,0,43,1,2016-12-16T17:33:06.000Z,gothenborg,2016-12-16T00:00:00.000Z,51,Fishing,gothenborg,1
57.70707,11.6593,0,310,206,4,FISKE PLATS,DK,47,0,STELLA NOVA,2,156348,9,25,5,0,43,1,2016-12-16T17:35:05.000Z,gothenborg,2016-12-16T00:00:00.000Z,51,Fishing,gothenborg,1
57.70706,11.65928,0,287,205,2,FISKE PLATS,DK,47,0,STELLA NOVA,2,156348,9,25,5,0,43,1,2016-12-16T17:37:06.000Z,gothenborg,2016-12-16T00:00:00.000Z,51,Fishing,gothenborg,1
57.70706,11.65928,0,287,205,3,FISKE PLATS,DK,47,0,STELLA NOVA,2,156348,9,25,5,0,43,1,2016-12-16T17:39:05.000Z,gothenborg,2016-12-16T00:00:00.000Z,51,Fishing,gothenborg,1
57.70707,11.6593,0,255,205,3,FISKE PLATS,DK,47,0,STELLA NOVA,2,156348,9,25,5,0,43,1,2016-12-16T17:41:05.000Z,gothenborg,2016-12-16T00:00:00.000Z,51,Fishing,gothenborg,1
57.70707,11.6593,0,255,205,4,FISKE PLATS,DK,47,0,STELLA NOVA,2,156348,9,25,5,0,43,1,2016-12-16T17:43:05.000Z,gothenborg,2016-12-16T00:00:00.000Z,51,Fishing,gothenborg,1
57.70707,11.6593,0,294,206,3,FISKE PLATS,DK,47,0,STELLA NOVA,2,156348,9,25,5,0,43,1,2016-12-16T17:45:05.000Z,gothenborg,2016-12-16T00:00:00.000Z,51,Fishing,gothenborg,1
57.70707,11.65931,0,317,206,2,FISKE PLATS,DK,47,0,STELLA NOVA,2,156348,9,25,5,0,43,1,2016-12-16T17:47:06.000Z,gothenborg,2016-12-16T00:00:00.000Z,51,Fishing,gothenborg,1
57.70707,11.65931,0,317,206,4,FISKE PLATS,DK,47,0,STELLA NOVA,2,156348,9,25,5,0,43,1,2016-12-16T17:49:05.000Z,gothenborg,2016-12-16T00:00:00.000Z,51,Fishing,gothenborg,1
57.70708,11.65929,0,318,206,3,FISKE PLATS,DK,47,0,STELLA NOVA,2,156348,9,25,5,0,43,1,2016-12-16T17:51:05.000Z,gothenborg,2016-12-16T00:00:00.000Z,51,Fishing,gothenborg,1
57.70707,11.65929,0,117,206,2,FISKE PLATS,DK,47,0,STELLA NOVA,2,156348,9,25,5,0,43,1,2016-12-16T17:53:05.000Z,gothenborg,2016-12-16T00:00:00.000Z,51,Fishing,gothenborg,1
57.70707,11.65929,0,117,206,4,FISKE PLATS,DK,47,0,STELLA NOVA,2,156348,9,25,5,0,43,1,2016-12-16T17:55:05.000Z,gothenborg,2016-12-16T00:00:00.000Z,51,Fishing,gothenborg,1
57.70708,11.65929,0,0,205,3,FISKE PLATS,DK,47,0,STELLA NOVA,2,156348,9,25,5,0,43,1,2016-12-16T17:57:05.000Z,gothenborg,2016-12-16T00:00:00.000Z,51,Fishing,gothenborg,1
57.70708,11.65929,0,0,205,5,FISKE PLATS,DK,47,0,STELLA NOVA,2,156348,9,25,5,0,43,1,2016-12-16T17:59:05.000Z,gothenborg,2016-12-16T00:00:00.000Z,51,Fishing,gothenborg,1
57.70707,11.65928,0,325,206,4,FISKE PLATS,DK,47,0,STELLA NOVA,2,156348,9,25,5,0,43,1,2016-12-16T18:01:06.000Z,gothenborg,2016-12-16T00:00:00.000Z,51,Fishing,gothenborg,1
57.70707,11.65928,0,325,206,6,FISKE PLATS,DK,47,0,STELLA NOVA,2,156348,9,25,5,0,43,1,2016-12-16T18:03:05.000Z,gothenborg,2016-12-16T00:00:00.000Z,51,Fishing,gothenborg,1
57.70705,11.6593,0,9,205,3,FISKE PLATS,DK,47,0,STELLA NOVA,2,156348,9,25,5,0,43,1,2016-12-16T18:05:05.000Z,gothenborg,2016-12-16T00:00:00.000Z,51,Fishing,gothenborg,1
57.70705,11.6593,0,9,205,5,FISKE PLATS,DK,47,0,STELLA NOVA,2,156348,9,25,5,0,43,1,2016-12-16T18:07:05.000Z,gothenborg,2016-12-16T00:00:00.000Z,51,Fishing,gothenborg,1
57.70704,11.65926,0,359,205,3,FISKE PLATS,DK,47,0,STELLA NOVA,2,156348,9,25,5,0,43,1,2016-12-16T18:09:06.000Z,gothenborg,2016-12-16T00:00:00.000Z,51,Fishing,gothenborg,1
57.70704,11.65926,0,359,205,5,FISKE PLATS,DK,47,0,STELLA NOVA,2,156348,9,25,5,0,43,1,2016-12-16T18:11:05.000Z,gothenborg,2016-12-16T00:00:00.000Z,51,Fishing,gothenborg,1
57.70706,11.65928,0,357,205,3,FISKE PLATS,DK,47,0,STELLA NOVA,2,156348,9,25,5,0,43,1,2016-12-16T18:13:05.000Z,gothenborg,2016-12-16T00:00:00.000Z,51,Fishing,gothenborg,1
57.70706,11.65928,0,357,205,5,FISKE PLATS,DK,47,0,STELLA NOVA,2,156348,9,25,5,0,43,1,2016-12-16T18:15:05.000Z,gothenborg,2016-12-16T00:00:00.000Z,51,Fishing,gothenborg,1
57.70704,11.65926,0,335,205,3,FISKE PLATS,DK,47,0,STELLA NOVA,2,156348,9,25,5,0,43,1,2016-12-16T18:17:06.000Z,gothenborg,2016-12-16T00:00:00.000Z,51,Fishing,gothenborg,1
57.70704,11.65926,0,335,205,5,FISKE PLATS,DK,47,0,STELLA NOVA,2,156348,9,25,5,0,43,1,2016-12-16T18:19:05.000Z,gothenborg,2016-12-16T00:00:00.000Z,51,Fishing,gothenborg,1
57.70706,11.65928,0,331,205,2,FISKE PLATS,DK,47,0,STELLA NOVA,2,156348,9,25,5,0,43,1,2016-12-16T18:21:05.000Z,gothenborg,2016-12-16T00:00:00.000Z,51,Fishing,gothenborg,1
57.70706,11.65928,0,331,205,4,FISKE PLATS,DK,47,0,STELLA NOVA,2,156348,9,25,5,0,43,1,2016-12-16T18:23:06.000Z,gothenborg,2016-12-16T00:00:00.000Z,51,Fishing,gothenborg,1
57.70706,11.65927,0,277,205,2,FISKE PLATS,DK,47,0,STELLA NOVA,2,156348,9,25,5,0,43,1,2016-12-16T18:25:06.000Z,gothenborg,2016-12-16T00:00:00.000Z,51,Fishing,gothenborg,1
57.70706,11.65927,0,277,205,4,FISKE PLATS,DK,47,0,STELLA NOVA,2,156348,9,25,5,0,43,1,2016-12-16T18:27:05.000Z,gothenborg,2016-12-16T00:00:00.000Z,51,Fishing,gothenborg,1
57.70705,11.6593,0,154,205,2,FISKE PLATS,DK,47,0,STELLA NOVA,2,156348,9,25,5,0,43,1,2016-12-16T18:29:05.000Z,gothenborg,2016-12-16T00:00:00.000Z,51,Fishing,gothenborg,1
57.70705,11.6593,0,154,205,4,FISKE PLATS,DK,47,0,STELLA NOVA,2,156348,9,25,5,0,43,1,2016-12-16T18:31:04.000Z,gothenborg,2016-12-16T00:00:00.000Z,51,Fishing,gothenborg,1
57.70706,11.65927,0,332,205,2,FISKE PLATS,DK,47,0,STELLA NOVA,2,156348,9,25,5,0,43,1,2016-12-16T18:33:05.000Z,gothenborg,2016-12-16T00:00:00.000Z,51,Fishing,gothenborg,1
57.70706,11.65927,0,332,205,4,FISKE PLATS,DK,47,0,STELLA NOVA,2,156348,9,25,5,0,43,1,2016-12-16T18:35:05.000Z,gothenborg,2016-12-16T00:00:00.000Z,51,Fishing,gothenborg,1
57.70705,11.6593,0,231,205,3,FISKE PLATS,DK,47,0,STELLA NOVA,2,156348,9,25,5,0,43,1,2016-12-16T18:37:05.000Z,gothenborg,2016-12-16T00:00:00.000Z,51,Fishing,gothenborg,1
57.70707,11.65927,0,219,206,2,FISKE PLATS,DK,47,0,STELLA NOVA,2,156348,9,25,5,0,43,1,2016-12-16T18:39:05.000Z,gothenborg,2016-12-16T00:00:00.000Z,51,Fishing,gothenborg,1
57.70707,11.65927,0,219,206,4,FISKE PLATS,DK,47,0,STELLA NOVA,2,156348,9,25,5,0,43,1,2016-12-16T18:41:06.000Z,gothenborg,2016-12-16T00:00:00.000Z,51,Fishing,gothenborg,1
57.70707,11.65926,0,319,205,2,FISKE PLATS,DK,47,0,STELLA NOVA,2,156348,9,25,5,0,43,1,2016-12-16T18:43:06.000Z,gothenborg,2016-12-16T00:00:00.000Z,51,Fishing,gothenborg,1
57.70707,11.65926,0,319,205,4,FISKE PLATS,DK,47,0,STELLA NOVA,2,156348,9,25,5,0,43,1,2016-12-16T18:45:06.000Z,gothenborg,2016-12-16T00:00:00.000Z,51,Fishing,gothenborg,1
57.70707,11.65929,0,303,205,3,FISKE PLATS,DK,47,0,STELLA NOVA,2,156348,9,25,5,0,43,1,2016-12-16T18:47:05.000Z,gothenborg,2016-12-16T00:00:00.000Z,51,Fishing,gothenborg,1
57.70707,11.65929,0,303,205,5,FISKE PLATS,DK,47,0,STELLA NOVA,2,156348,9,25,5,0,43,1,2016-12-16T18:49:05.000Z,gothenborg,2016-12-16T00:00:00.000Z,51,Fishing,gothenborg,1
57.70707,11.65928,0,127,205,3,FISKE PLATS,DK,47,0,STELLA NOVA,2,156348,9,25,5,0,43,1,2016-12-16T18:51:05.000Z,gothenborg,2016-12-16T00:00:00.000Z,51,Fishing,gothenborg,1
57.70707,11.65928,0,127,205,5,FISKE PLATS,DK,47,0,STELLA NOVA,2,156348,9,25,5,0,43,1,2016-12-16T18:53:05.000Z,gothenborg,2016-12-16T00:00:00.000Z,51,Fishing,gothenborg,1
57.70706,11.65928,0,164,205,3,FISKE PLATS,DK,47,0,STELLA NOVA,2,156348,9,25,5,0,43,1,2016-12-16T18:55:06.000Z,gothenborg,2016-12-16T00:00:00.000Z,51,Fishing,gothenborg,1
57.70706,11.65928,0,164,205,5,FISKE PLATS,DK,47,0,STELLA NOVA,2,156348,9,25,5,0,43,1,2016-12-16T18:57:05.000Z,gothenborg,2016-12-16T00:00:00.000Z,51,Fishing,gothenborg,1
57.70706,11.65926,0,45,206,3,FISKE PLATS,DK,47,0,STELLA NOVA,2,156348,9,25,5,0,43,1,2016-12-16T18:59:05.000Z,gothenborg,2016-12-16T00:00:00.000Z,51,Fishing,gothenborg,1
57.70706,11.65926,0,45,206,3,FISKE PLATS,DK,47,0,STELLA NOVA,2,156348,9,25,5,0,43,1,2016-12-16T19:01:04.000Z,gothenborg,2016-12-16T00:00:00.000Z,51,Fishing,gothenborg,1
57.70707,11.65927,0,161,206,3,FISKE PLATS,DK,47,0,STELLA NOVA,2,156348,9,25,5,0,43,1,2016-12-16T19:03:05.000Z,gothenborg,2016-12-16T00:00:00.000Z,51,Fishing,gothenborg,1
57.70707,11.65927,0,161,206,5,FISKE PLATS,DK,47,0,STELLA NOVA,2,156348,9,25,5,0,43,1,2016-12-16T19:05:05.000Z,gothenborg,2016-12-16T00:00:00.000Z,51,Fishing,gothenborg,1
57.70707,11.65928,0,117,206,3,FISKE PLATS,DK,47,0,STELLA NOVA,2,156348,9,25,5,0,43,1,2016-12-16T19:07:04.000Z,gothenborg,2016-12-16T00:00:00.000Z,51,Fishing,gothenborg,1
57.70707,11.65928,0,117,206,5,FISKE PLATS,DK,47,0,STELLA NOVA,2,156348,9,25,5,0,43,1,2016-12-16T19:09:05.000Z,gothenborg,2016-12-16T00:00:00.000Z,51,Fishing,gothenborg,1
57.70707,11.65927,0,309,206,3,FISKE PLATS,DK,47,0,STELLA NOVA,2,156348,9,25,5,0,43,1,2016-12-16T19:11:05.000Z,gothenborg,2016-12-16T00:00:00.000Z,51,Fishing,gothenborg,1
57.70707,11.65927,0,309,206,5,FISKE PLATS,DK,47,0,STELLA NOVA,2,156348,9,25,5,0,43,1,2016-12-16T19:13:05.000Z,gothenborg,2016-12-16T00:00:00.000Z,51,Fishing,gothenborg,1
57.70707,11.65927,0,16,205,2,FISKE PLATS,DK,47,0,STELLA NOVA,2,156348,9,25,5,0,43,1,2016-12-16T19:15:05.000Z,gothenborg,2016-12-16T00:00:00.000Z,51,Fishing,gothenborg,1
57.70707,11.65927,0,16,205,4,FISKE PLATS,DK,47,0,STELLA NOVA,2,156348,9,25,5,0,43,1,2016-12-16T19:17:05.000Z,gothenborg,2016-12-16T00:00:00.000Z,51,Fishing,gothenborg,1
57.70707,11.65925,0,4,206,2,FISKE PLATS,DK,47,0,STELLA NOVA,2,156348,9,25,5,0,43,1,2016-12-16T19:19:05.000Z,gothenborg,2016-12-16T00:00:00.000Z,51,Fishing,gothenborg,1
57.70707,11.65925,0,4,206,4,FISKE PLATS,DK,47,0,STELLA NOVA,2,156348,9,25,5,0,43,1,2016-12-16T19:21:05.000Z,gothenborg,2016-12-16T00:00:00.000Z,51,Fishing,gothenborg,1
57.70705,11.65927,0,225,205,2,FISKE PLATS,DK,47,0,STELLA NOVA,2,156348,9,25,5,0,43,1,2016-12-16T19:23:05.000Z,gothenborg,2016-12-16T00:00:00.000Z,51,Fishing,gothenborg,1
57.70705,11.65927,0,225,205,4,FISKE PLATS,DK,47,0,STELLA NOVA,2,156348,9,25,5,0,43,1,2016-12-16T19:25:05.000Z,gothenborg,2016-12-16T00:00:00.000Z,51,Fishing,gothenborg,1
57.70707,11.6593,0,270,206,2,FISKE PLATS,DK,47,0,STELLA NOVA,2,156348,9,25,5,0,43,1,2016-12-16T19:27:05.000Z,gothenborg,2016-12-16T00:00:00.000Z,51,Fishing,gothenborg,1
57.70707,11.6593,0,270,206,4,FISKE PLATS,DK,47,0,STELLA NOVA,2,156348,9,25,5,0,43,1,2016-12-16T19:29:05.000Z,gothenborg,2016-12-16T00:00:00.000Z,51,Fishing,gothenborg,1
57.70707,11.65928,0,142,206,2,FISKE PLATS,DK,47,0,STELLA NOVA,2,156348,9,25,5,0,43,1,2016-12-16T19:31:05.000Z,gothenborg,2016-12-16T00:00:00.000Z,51,Fishing,gothenborg,1
57.70707,11.65928,0,142,206,3,FISKE PLATS,DK,47,0,STELLA NOVA,2,156348,9,25,5,0,43,1,2016-12-16T19:33:05.000Z,gothenborg,2016-12-16T00:00:00.000Z,51,Fishing,gothenborg,1
57.70706,11.65927,0,251,205,2,FISKE PLATS,DK,47,0,STELLA NOVA,2,156348,9,25,5,0,43,1,2016-12-16T19:35:06.000Z,gothenborg,2016-12-16T00:00:00.000Z,51,Fishing,gothenborg,1
57.70706,11.65927,0,251,205,4,FISKE PLATS,DK,47,0,STELLA NOVA,2,156348,9,25,5,0,43,1,2016-12-16T19:37:05.000Z,gothenborg,2016-12-16T00:00:00.000Z,51,Fishing,gothenborg,1
57.70706,11.65927,0,295,206,2,FISKE PLATS,DK,47,0,STELLA NOVA,2,156348,9,25,5,0,43,1,2016-12-16T19:39:06.000Z,gothenborg,2016-12-16T00:00:00.000Z,51,Fishing,gothenborg,1
57.70706,11.65927,0,295,206,4,FISKE PLATS,DK,47,0,STELLA NOVA,2,156348,9,25,5,0,43,1,2016-12-16T19:41:05.000Z,gothenborg,2016-12-16T00:00:00.000Z,51,Fishing,gothenborg,1
57.70706,11.65926,0,210,206,3,FISKE PLATS,DK,47,0,STELLA NOVA,2,156348,9,25,5,0,43,1,2016-12-16T19:43:06.000Z,gothenborg,2016-12-16T00:00:00.000Z,51,Fishing,gothenborg,1
57.70706,11.65926,0,210,206,5,FISKE PLATS,DK,47,0,STELLA NOVA,2,156348,9,25,5,0,43,1,2016-12-16T19:45:05.000Z,gothenborg,2016-12-16T00:00:00.000Z,51,Fishing,gothenborg,1
57.70706,11.65924,0,190,206,4,FISKE PLATS,DK,47,0,STELLA NOVA,2,156348,9,25,5,0,43,1,2016-12-16T19:47:05.000Z,gothenborg,2016-12-16T00:00:00.000Z,51,Fishing,gothenborg,1
57.70707,11.6593,0,359,206,2,FISKE PLATS,DK,47,0,STELLA NOVA,2,156348,9,25,5,0,43,1,2016-12-16T19:49:05.000Z,gothenborg,2016-12-16T00:00:00.000Z,51,Fishing,gothenborg,1
57.70707,11.6593,0,359,206,2,FISKE PLATS,DK,47,0,STELLA NOVA,2,156348,9,25,5,0,43,1,2016-12-16T19:51:05.000Z,gothenborg,2016-12-16T00:00:00.000Z,51,Fishing,gothenborg,1
57.70707,11.65928,0,4,206,3,FISKE PLATS,DK,47,0,STELLA NOVA,2,156348,9,25,5,0,43,1,2016-12-16T19:53:05.000Z,gothenborg,2016-12-16T00:00:00.000Z,51,Fishing,gothenborg,1
57.70707,11.65928,0,4,206,5,FISKE PLATS,DK,47,0,STELLA NOVA,2,156348,9,25,5,0,43,1,2016-12-16T19:55:05.000Z,gothenborg,2016-12-16T00:00:00.000Z,51,Fishing,gothenborg,1
57.70708,11.65928,0,308,206,3,FISKE PLATS,DK,47,0,STELLA NOVA,2,156348,9,25,5,0,43,1,2016-12-16T19:57:05.000Z,gothenborg,2016-12-16T00:00:00.000Z,51,Fishing,gothenborg,1
57.70708,11.65928,0,308,206,5,FISKE PLATS,DK,47,0,STELLA NOVA,2,156348,9,25,5,0,43,1,2016-12-16T19:59:06.000Z,gothenborg,2016-12-16T00:00:00.000Z,51,Fishing,gothenborg,1
57.70705,11.65926,0,333,206,3,FISKE PLATS,DK,47,0,STELLA NOVA,2,156348,9,25,5,0,43,1,2016-12-16T20:01:06.000Z,gothenborg,2016-12-16T00:00:00.000Z,51,Fishing,gothenborg,1
57.70705,11.65926,0,333,206,5,FISKE PLATS,DK,47,0,STELLA NOVA,2,156348,9,25,5,0,43,1,2016-12-16T20:03:05.000Z,gothenborg,2016-12-16T00:00:00.000Z,51,Fishing,gothenborg,1
57.70706,11.6593,0,348,207,1,FISKE PLATS,DK,47,0,STELLA NOVA,2,156348,9,25,5,0,43,1,2016-12-16T20:05:05.000Z,gothenborg,2016-12-16T00:00:00.000Z,51,Fishing,gothenborg,1
57.70706,11.6593,0,348,207,5,FISKE PLATS,DK,47,0,STELLA NOVA,2,156348,9,25,5,0,43,1,2016-12-16T20:07:06.000Z,gothenborg,2016-12-16T00:00:00.000Z,51,Fishing,gothenborg,1
57.70707,11.65927,0,350,206,4,FISKE PLATS,DK,47,0,STELLA NOVA,2,156348,9,25,5,0,43,1,2016-12-16T20:09:05.000Z,gothenborg,2016-12-16T00:00:00.000Z,51,Fishing,gothenborg,1
57.70704,11.65928,0,344,206,3,FISKE PLATS,DK,47,0,STELLA NOVA,2,156348,9,25,5,0,43,1,2016-12-16T20:11:05.000Z,gothenborg,2016-12-16T00:00:00.000Z,51,Fishing,gothenborg,1
57.70704,11.65928,0,344,206,5,FISKE PLATS,DK,47,0,STELLA NOVA,2,156348,9,25,5,0,43,1,2016-12-16T20:13:05.000Z,gothenborg,2016-12-16T00:00:00.000Z,51,Fishing,gothenborg,1
57.70704,11.65928,0,15,206,3,FISKE PLATS,DK,47,0,STELLA NOVA,2,156348,9,25,5,0,43,1,2016-12-16T20:15:05.000Z,gothenborg,2016-12-16T00:00:00.000Z,51,Fishing,gothenborg,1
57.70704,11.65928,0,15,206,5,FISKE PLATS,DK,47,0,STELLA NOVA,2,156348,9,25,5,0,43,1,2016-12-16T20:17:05.000Z,gothenborg,2016-12-16T00:00:00.000Z,51,Fishing,gothenborg,1
57.70707,11.65924,0,336,206,4,FISKE PLATS,DK,47,0,STELLA NOVA,2,156348,9,25,5,0,43,1,2016-12-16T20:19:05.000Z,gothenborg,2016-12-16T00:00:00.000Z,51,Fishing,gothenborg,1
57.70707,11.65929,0,329,206,3,FISKE PLATS,DK,47,0,STELLA NOVA,2,156348,9,25,5,0,43,1,2016-12-16T20:21:05.000Z,gothenborg,2016-12-16T00:00:00.000Z,51,Fishing,gothenborg,1
57.70707,11.65929,0,329,206,5,FISKE PLATS,DK,47,0,STELLA NOVA,2,156348,9,25,5,0,43,1,2016-12-16T20:23:05.000Z,gothenborg,2016-12-16T00:00:00.000Z,51,Fishing,gothenborg,1
57.70707,11.65929,0,329,206,7,FISKE PLATS,DK,47,0,STELLA NOVA,2,156348,9,25,5,0,43,1,2016-12-16T20:25:05.000Z,gothenborg,2016-12-16T00:00:00.000Z,51,Fishing,gothenborg,1
57.70707,11.65924,0,298,206,4,FISKE PLATS,DK,47,0,STELLA NOVA,2,156348,9,25,5,0,43,1,2016-12-16T20:27:05.000Z,gothenborg,2016-12-16T00:00:00.000Z,51,Fishing,gothenborg,1
57.70708,11.65926,0,289,206,3,FISKE PLATS,DK,47,0,STELLA NOVA,2,156348,9,25,5,0,43,1,2016-12-16T20:29:05.000Z,gothenborg,2016-12-16T00:00:00.000Z,51,Fishing,gothenborg,1
57.70708,11.65926,0,289,206,3,FISKE PLATS,DK,47,0,STELLA NOVA,2,156348,9,25,5,0,43,1,2016-12-16T20:31:04.000Z,gothenborg,2016-12-16T00:00:00.000Z,51,Fishing,gothenborg,1
57.70707,11.65928,0,328,206,2,FISKE PLATS,DK,47,0,STELLA NOVA,2,156348,9,25,5,0,43,1,2016-12-16T20:33:05.000Z,gothenborg,2016-12-16T00:00:00.000Z,51,Fishing,gothenborg,1
57.70707,11.65928,0,328,206,3,FISKE PLATS,DK,47,0,STELLA NOVA,2,156348,9,25,5,0,43,1,2016-12-16T20:35:04.000Z,gothenborg,2016-12-16T00:00:00.000Z,51,Fishing,gothenborg,1
57.70705,11.65928,0,107,206,2,FISKE PLATS,DK,47,0,STELLA NOVA,2,156348,9,25,5,0,43,1,2016-12-16T20:37:06.000Z,gothenborg,2016-12-16T00:00:00.000Z,51,Fishing,gothenborg,1
57.70705,11.65928,0,107,206,4,FISKE PLATS,DK,47,0,STELLA NOVA,2,156348,9,25,5,0,43,1,2016-12-16T20:39:05.000Z,gothenborg,2016-12-16T00:00:00.000Z,51,Fishing,gothenborg,1
57.70707,11.65928,0,69,206,2,FISKE PLATS,DK,47,0,STELLA NOVA,2,156348,9,25,5,0,43,1,2016-12-16T20:41:05.000Z,gothenborg,2016-12-16T00:00:00.000Z,51,Fishing,gothenborg,1
57.70707,11.65928,0,69,206,4,FISKE PLATS,DK,47,0,STELLA NOVA,2,156348,9,25,5,0,43,1,2016-12-16T20:43:05.000Z,gothenborg,2016-12-16T00:00:00.000Z,51,Fishing,gothenborg,1
57.70705,11.65927,0,149,206,2,FISKE PLATS,DK,47,0,STELLA NOVA,2,156348,9,25,5,0,43,1,2016-12-16T20:45:05.000Z,gothenborg,2016-12-16T00:00:00.000Z,51,Fishing,gothenborg,1
57.70705,11.65927,0,149,206,4,FISKE PLATS,DK,47,0,STELLA NOVA,2,156348,9,25,5,0,43,1,2016-12-16T20:47:05.000Z,gothenborg,2016-12-16T00:00:00.000Z,51,Fishing,gothenborg,1
57.70705,11.65928,0,16,205,2,FISKE PLATS,DK,47,0,STELLA NOVA,2,156348,9,25,5,0,43,1,2016-12-16T20:49:05.000Z,gothenborg,2016-12-16T00:00:00.000Z,51,Fishing,gothenborg,1
57.70705,11.65928,0,16,205,4,FISKE PLATS,DK,47,0,STELLA NOVA,2,156348,9,25,5,0,43,1,2016-12-16T20:51:05.000Z,gothenborg,2016-12-16T00:00:00.000Z,51,Fishing,gothenborg,1
57.70705,11.6593,0,11,205,3,FISKE PLATS,DK,47,0,STELLA NOVA,2,156348,9,25,5,0,43,1,2016-12-16T20:53:05.000Z,gothenborg,2016-12-16T00:00:00.000Z,51,Fishing,gothenborg,1
57.70706,11.6593,0,41,205,2,FISKE PLATS,DK,47,0,STELLA NOVA,2,156348,9,25,5,0,43,1,2016-12-16T20:55:05.000Z,gothenborg,2016-12-16T00:00:00.000Z,51,Fishing,gothenborg,1
57.70706,11.6593,0,41,205,4,FISKE PLATS,DK,47,0,STELLA NOVA,2,156348,9,25,5,0,43,1,2016-12-16T20:57:05.000Z,gothenborg,2016-12-16T00:00:00.000Z,51,Fishing,gothenborg,1
57.70707,11.65929,0,42,205,2,FISKE PLATS,DK,47,0,STELLA NOVA,2,156348,9,25,5,0,43,1,2016-12-16T20:59:05.000Z,gothenborg,2016-12-16T00:00:00.000Z,51,Fishing,gothenborg,1
57.70707,11.65929,0,42,205,4,FISKE PLATS,DK,47,0,STELLA NOVA,2,156348,9,25,5,0,43,1,2016-12-16T21:01:05.000Z,gothenborg,2016-12-16T00:00:00.000Z,51,Fishing,gothenborg,1
57.70705,11.65931,0,297,205,2,FISKE PLATS,DK,47,0,STELLA NOVA,2,156348,9,25,5,0,43,1,2016-12-16T21:03:05.000Z,gothenborg,2016-12-16T00:00:00.000Z,51,Fishing,gothenborg,1
57.70705,11.65931,0,297,205,4,FISKE PLATS,DK,47,0,STELLA NOVA,2,156348,9,25,5,0,43,1,2016-12-16T21:05:05.000Z,gothenborg,2016-12-16T00:00:00.000Z,51,Fishing,gothenborg,1
57.70705,11.6593,0,348,205,2,FISKE PLATS,DK,47,0,STELLA NOVA,2,156348,9,25,5,0,43,1,2016-12-16T21:07:05.000Z,gothenborg,2016-12-16T00:00:00.000Z,51,Fishing,gothenborg,1
57.70705,11.6593,0,348,205,4,FISKE PLATS,DK,47,0,STELLA NOVA,2,156348,9,25,5,0,43,1,2016-12-16T21:09:06.000Z,gothenborg,2016-12-16T00:00:00.000Z,51,Fishing,gothenborg,1
57.70705,11.65929,0,47,205,2,FISKE PLATS,DK,47,0,STELLA NOVA,2,156348,9,25,5,0,43,1,2016-12-16T21:11:05.000Z,gothenborg,2016-12-16T00:00:00.000Z,51,Fishing,gothenborg,1
57.70705,11.65929,0,47,205,4,FISKE PLATS,DK,47,0,STELLA NOVA,2,156348,9,25,5,0,43,1,2016-12-16T21:13:05.000Z,gothenborg,2016-12-16T00:00:00.000Z,51,Fishing,gothenborg,1
57.70705,11.65929,0,47,205,6,FISKE PLATS,DK,47,0,STELLA NOVA,2,156348,9,25,5,0,43,1,2016-12-16T21:15:06.000Z,gothenborg,2016-12-16T00:00:00.000Z,51,Fishing,gothenborg,1
57.70705,11.65931,0,30,205,4,FISKE PLATS,DK,47,0,STELLA NOVA,2,156348,9,25,5,0,43,1,2016-12-16T21:17:05.000Z,gothenborg,2016-12-16T00:00:00.000Z,51,Fishing,gothenborg,1
57.70707,11.65926,0,350,205,3,FISKE PLATS,DK,47,0,STELLA NOVA,2,156348,9,25,5,0,43,1,2016-12-16T21:19:06.000Z,gothenborg,2016-12-16T00:00:00.000Z,51,Fishing,gothenborg,1
57.70707,11.65926,0,350,205,5,FISKE PLATS,DK,47,0,STELLA NOVA,2,156348,9,25,5,0,43,1,2016-12-16T21:21:05.000Z,gothenborg,2016-12-16T00:00:00.000Z,51,Fishing,gothenborg,1
57.70705,11.6593,0,180,205,3,FISKE PLATS,DK,47,0,STELLA NOVA,2,156348,9,25,5,0,43,1,2016-12-16T21:23:05.000Z,gothenborg,2016-12-16T00:00:00.000Z,51,Fishing,gothenborg,1
57.70705,11.6593,0,180,205,5,FISKE PLATS,DK,47,0,STELLA NOVA,2,156348,9,25,5,0,43,1,2016-12-16T21:25:06.000Z,gothenborg,2016-12-16T00:00:00.000Z,51,Fishing,gothenborg,1
57.70705,11.65929,0,183,205,3,FISKE PLATS,DK,47,0,STELLA NOVA,2,156348,9,25,5,0,43,1,2016-12-16T21:27:05.000Z,gothenborg,2016-12-16T00:00:00.000Z,51,Fishing,gothenborg,1
57.70705,11.65929,0,196,206,2,FISKE PLATS,DK,47,0,STELLA NOVA,2,156348,9,25,5,0,43,1,2016-12-16T21:29:06.000Z,gothenborg,2016-12-16T00:00:00.000Z,51,Fishing,gothenborg,1
57.70705,11.65929,0,196,206,4,FISKE PLATS,DK,47,0,STELLA NOVA,2,156348,9,25,5,0,43,1,2016-12-16T21:31:08.000Z,gothenborg,2016-12-16T00:00:00.000Z,51,Fishing,gothenborg,1
57.70706,11.6593,0,215,205,3,FISKE PLATS,DK,47,0,STELLA NOVA,2,156348,9,25,5,0,43,1,2016-12-16T21:33:08.000Z,gothenborg,2016-12-16T00:00:00.000Z,51,Fishing,gothenborg,1
57.70706,11.6593,0,215,205,5,FISKE PLATS,DK,47,0,STELLA NOVA,2,156348,9,25,5,0,43,1,2016-12-16T21:35:08.000Z,gothenborg,2016-12-16T00:00:00.000Z,51,Fishing,gothenborg,1
57.70707,11.65929,0,204,206,3,FISKE PLATS,DK,47,0,STELLA NOVA,2,156348,9,25,5,0,43,1,2016-12-16T21:37:07.000Z,gothenborg,2016-12-16T00:00:00.000Z,51,Fishing,gothenborg,1
57.70708,11.65926,0,242,206,2,FISKE PLATS,DK,47,0,STELLA NOVA,2,156348,9,25,5,0,43,1,2016-12-16T21:39:10.000Z,gothenborg,2016-12-16T00:00:00.000Z,51,Fishing,gothenborg,1
57.70708,11.65926,0,242,206,2,FISKE PLATS,DK,47,0,STELLA NOVA,2,156348,9,25,5,0,43,1,2016-12-16T21:41:08.000Z,gothenborg,2016-12-16T00:00:00.000Z,51,Fishing,gothenborg,1
57.70707,11.65928,0,219,206,2,FISKE PLATS,DK,47,0,STELLA NOVA,2,156348,9,25,5,0,43,1,2016-12-16T21:43:08.000Z,gothenborg,2016-12-16T00:00:00.000Z,51,Fishing,gothenborg,1
57.70707,11.65928,0,219,206,5,FISKE PLATS,DK,47,0,STELLA NOVA,2,156348,9,25,5,0,43,1,2016-12-16T21:45:07.000Z,gothenborg,2016-12-16T00:00:00.000Z,51,Fishing,gothenborg,1
57.70707,11.65928,0,350,206,3,FISKE PLATS,DK,47,0,STELLA NOVA,2,156348,9,25,5,0,43,1,2016-12-16T21:47:07.000Z,gothenborg,2016-12-16T00:00:00.000Z,51,Fishing,gothenborg,1
57.70706,11.65929,0,310,205,2,FISKE PLATS,DK,47,0,STELLA NOVA,2,156348,9,25,5,0,43,1,2016-12-16T21:49:08.000Z,gothenborg,2016-12-16T00:00:00.000Z,51,Fishing,gothenborg,1
57.70706,11.65929,0,310,205,4,FISKE PLATS,DK,47,0,STELLA NOVA,2,156348,9,25,5,0,43,1,2016-12-16T21:51:05.000Z,gothenborg,2016-12-16T00:00:00.000Z,51,Fishing,gothenborg,1
57.70705,11.6593,0,211,205,3,FISKE PLATS,DK,47,0,STELLA NOVA,2,156348,9,25,5,0,43,1,2016-12-16T21:53:05.000Z,gothenborg,2016-12-16T00:00:00.000Z,51,Fishing,gothenborg,1
57.70705,11.6593,0,211,205,2,FISKE PLATS,DK,47,0,STELLA NOVA,2,156348,9,25,5,0,43,1,2016-12-16T21:55:05.000Z,gothenborg,2016-12-16T00:00:00.000Z,51,Fishing,gothenborg,1
57.70705,11.6593,0,211,205,4,FISKE PLATS,DK,47,0,STELLA NOVA,2,156348,9,25,5,0,43,1,2016-12-16T21:57:05.000Z,gothenborg,2016-12-16T00:00:00.000Z,51,Fishing,gothenborg,1
57.70706,11.65928,0,197,206,2,FISKE PLATS,DK,47,0,STELLA NOVA,2,156348,9,25,5,0,43,1,2016-12-16T21:59:05.000Z,gothenborg,2016-12-16T00:00:00.000Z,51,Fishing,gothenborg,1
57.70706,11.65928,0,197,206,4,FISKE PLATS,DK,47,0,STELLA NOVA,2,156348,9,25,5,0,43,1,2016-12-16T22:01:05.000Z,gothenborg,2016-12-16T00:00:00.000Z,51,Fishing,gothenborg,1
57.70705,11.6593,0,213,205,2,FISKE PLATS,DK,47,0,STELLA NOVA,2,156348,9,25,5,0,43,1,2016-12-16T22:03:05.000Z,gothenborg,2016-12-16T00:00:00.000Z,51,Fishing,gothenborg,1
57.70705,11.6593,0,213,205,2,FISKE PLATS,DK,47,0,STELLA NOVA,2,156348,9,25,5,0,43,1,2016-12-16T22:05:05.000Z,gothenborg,2016-12-16T00:00:00.000Z,51,Fishing,gothenborg,1
57.70706,11.65929,0,196,205,2,FISKE PLATS,DK,47,0,STELLA NOVA,2,156348,9,25,5,0,43,1,2016-12-16T22:07:05.000Z,gothenborg,2016-12-16T00:00:00.000Z,51,Fishing,gothenborg,1
57.70706,11.65929,0,196,205,4,FISKE PLATS,DK,47,0,STELLA NOVA,2,156348,9,25,5,0,43,1,2016-12-16T22:09:05.000Z,gothenborg,2016-12-16T00:00:00.000Z,51,Fishing,gothenborg,1
57.70707,11.65929,0,203,205,2,FISKE PLATS,DK,47,0,STELLA NOVA,2,156348,9,25,5,0,43,1,2016-12-16T22:11:05.000Z,gothenborg,2016-12-16T00:00:00.000Z,51,Fishing,gothenborg,1
57.70707,11.65929,0,203,205,4,FISKE PLATS,DK,47,0,STELLA NOVA,2,156348,9,25,5,0,43,1,2016-12-16T22:13:05.000Z,gothenborg,2016-12-16T00:00:00.000Z,51,Fishing,gothenborg,1
57.70707,11.65929,0,203,205,4,FISKE PLATS,DK,47,0,STELLA NOVA,2,156348,9,25,5,0,43,1,2016-12-16T22:15:05.000Z,gothenborg,2016-12-16T00:00:00.000Z,51,Fishing,gothenborg,1
57.70706,11.65929,0,211,205,5,FISKE PLATS,DK,47,0,STELLA NOVA,2,156348,9,25,5,0,43,1,2016-12-16T22:17:05.000Z,gothenborg,2016-12-16T00:00:00.000Z,51,Fishing,gothenborg,1
57.70708,11.65931,0,254,205,3,FISKE PLATS,DK,47,0,STELLA NOVA,2,156348,9,25,5,0,43,1,2016-12-16T22:19:05.000Z,gothenborg,2016-12-16T00:00:00.000Z,51,Fishing,gothenborg,1
57.70708,11.65931,0,254,205,5,FISKE PLATS,DK,47,0,STELLA NOVA,2,156348,9,25,5,0,43,1,2016-12-16T22:21:05.000Z,gothenborg,2016-12-16T00:00:00.000Z,51,Fishing,gothenborg,1
57.70705,11.65929,0,212,205,2,FISKE PLATS,DK,47,0,STELLA NOVA,2,156348,9,25,5,0,43,1,2016-12-16T22:23:04.000Z,gothenborg,2016-12-16T00:00:00.000Z,51,Fishing,gothenborg,1
57.70705,11.65929,0,212,205,5,FISKE PLATS,DK,47,0,STELLA NOVA,2,156348,9,25,5,0,43,1,2016-12-16T22:25:05.000Z,gothenborg,2016-12-16T00:00:00.000Z,51,Fishing,gothenborg,1
57.70707,11.65929,0,207,205,3,FISKE PLATS,DK,47,0,STELLA NOVA,2,156348,9,25,5,0,43,1,2016-12-16T22:27:06.000Z,gothenborg,2016-12-16T00:00:00.000Z,51,Fishing,gothenborg,1
57.70707,11.65929,0,207,205,5,FISKE PLATS,DK,47,0,STELLA NOVA,2,156348,9,25,5,0,43,1,2016-12-16T22:29:05.000Z,gothenborg,2016-12-16T00:00:00.000Z,51,Fishing,gothenborg,1
57.70706,11.65929,0,200,205,4,FISKE PLATS,DK,47,0,STELLA NOVA,2,156348,9,25,5,0,43,1,2016-12-16T22:31:06.000Z,gothenborg,2016-12-16T00:00:00.000Z,51,Fishing,gothenborg,1
57.70706,11.65929,0,200,205,4,FISKE PLATS,DK,47,0,STELLA NOVA,2,156348,9,25,5,0,43,1,2016-12-16T22:33:05.000Z,gothenborg,2016-12-16T00:00:00.000Z,51,Fishing,gothenborg,1
57.70707,11.6593,0,217,206,4,FISKE PLATS,DK,47,0,STELLA NOVA,2,156348,9,25,5,0,43,1,2016-12-16T22:35:05.000Z,gothenborg,2016-12-16T00:00:00.000Z,51,Fishing,gothenborg,1
57.70707,11.6593,0,226,206,2,FISKE PLATS,DK,47,0,STELLA NOVA,2,156348,9,25,5,0,43,1,2016-12-16T22:37:06.000Z,gothenborg,2016-12-16T00:00:00.000Z,51,Fishing,gothenborg,1
57.70707,11.6593,0,226,206,4,FISKE PLATS,DK,47,0,STELLA NOVA,2,156348,9,25,5,0,43,1,2016-12-16T22:39:05.000Z,gothenborg,2016-12-16T00:00:00.000Z,51,Fishing,gothenborg,1
57.70706,11.65929,0,156,206,2,FISKE PLATS,DK,47,0,STELLA NOVA,2,156348,9,25,5,0,43,1,2016-12-16T22:41:05.000Z,gothenborg,2016-12-16T00:00:00.000Z,51,Fishing,gothenborg,1
57.70706,11.65929,0,156,206,4,FISKE PLATS,DK,47,0,STELLA NOVA,2,156348,9,25,5,0,43,1,2016-12-16T22:43:06.000Z,gothenborg,2016-12-16T00:00:00.000Z,51,Fishing,gothenborg,1
57.70705,11.6593,0,176,205,2,FISKE PLATS,DK,47,0,STELLA NOVA,2,156348,9,25,5,0,43,1,2016-12-16T22:45:05.000Z,gothenborg,2016-12-16T00:00:00.000Z,51,Fishing,gothenborg,1
57.70705,11.6593,0,176,205,4,FISKE PLATS,DK,47,0,STELLA NOVA,2,156348,9,25,5,0,43,1,2016-12-16T22:47:06.000Z,gothenborg,2016-12-16T00:00:00.000Z,51,Fishing,gothenborg,1
57.70706,11.65931,0,289,205,3,FISKE PLATS,DK,47,0,STELLA NOVA,2,156348,9,25,5,0,43,1,2016-12-16T22:49:05.000Z,gothenborg,2016-12-16T00:00:00.000Z,51,Fishing,gothenborg,1
57.70706,11.65931,0,289,205,5,FISKE PLATS,DK,47,0,STELLA NOVA,2,156348,9,25,5,0,43,1,2016-12-16T22:51:05.000Z,gothenborg,2016-12-16T00:00:00.000Z,51,Fishing,gothenborg,1
57.70706,11.65931,0,289,205,7,FISKE PLATS,DK,47,0,STELLA NOVA,2,156348,9,25,5,0,43,1,2016-12-16T22:53:05.000Z,gothenborg,2016-12-16T00:00:00.000Z,51,Fishing,gothenborg,1
57.70706,11.65931,0,289,205,9,FISKE PLATS,DK,47,0,STELLA NOVA,2,156348,9,25,5,0,43,1,2016-12-16T22:55:05.000Z,gothenborg,2016-12-16T00:00:00.000Z,51,Fishing,gothenborg,1
57.70706,11.65931,0,289,205,11,FISKE PLATS,DK,47,0,STELLA NOVA,2,156348,9,25,5,0,43,1,2016-12-16T22:57:05.000Z,gothenborg,2016-12-16T00:00:00.000Z,51,Fishing,gothenborg,1
57.70707,11.65929,0,253,206,4,FISKE PLATS,DK,47,0,STELLA NOVA,2,156348,9,25,5,0,43,1,2016-12-16T22:59:05.000Z,gothenborg,2016-12-16T00:00:00.000Z,51,Fishing,gothenborg,1
57.70705,11.6593,0,1,205,2,FISKE PLATS,DK,47,0,STELLA NOVA,2,156348,9,25,5,0,43,1,2016-12-16T23:01:05.000Z,gothenborg,2016-12-16T00:00:00.000Z,51,Fishing,gothenborg,1
57.70705,11.6593,0,1,205,3,FISKE PLATS,DK,47,0,STELLA NOVA,2,156348,9,25,5,0,43,1,2016-12-16T23:03:05.000Z,gothenborg,2016-12-16T00:00:00.000Z,51,Fishing,gothenborg,1
57.70705,11.65931,0,14,205,2,FISKE PLATS,DK,47,0,STELLA NOVA,2,156348,9,25,5,0,43,1,2016-12-16T23:05:05.000Z,gothenborg,2016-12-16T00:00:00.000Z,51,Fishing,gothenborg,1
57.70705,11.65931,0,14,205,4,FISKE PLATS,DK,47,0,STELLA NOVA,2,156348,9,25,5,0,43,1,2016-12-16T23:07:05.000Z,gothenborg,2016-12-16T00:00:00.000Z,51,Fishing,gothenborg,1
57.70705,11.65931,0,14,205,6,FISKE PLATS,DK,47,0,STELLA NOVA,2,156348,9,25,5,0,43,1,2016-12-16T23:09:05.000Z,gothenborg,2016-12-16T00:00:00.000Z,51,Fishing,gothenborg,1
57.70705,11.6593,0,29,205,4,FISKE PLATS,DK,47,0,STELLA NOVA,2,156348,9,25,5,0,43,1,2016-12-16T23:11:06.000Z,gothenborg,2016-12-16T00:00:00.000Z,51,Fishing,gothenborg,1
57.70707,11.65927,0,347,204,3,FISKE PLATS,DK,47,0,STELLA NOVA,2,156348,9,25,5,0,43,1,2016-12-16T23:13:05.000Z,gothenborg,2016-12-16T00:00:00.000Z,51,Fishing,gothenborg,1
57.70707,11.65927,0,347,204,5,FISKE PLATS,DK,47,0,STELLA NOVA,2,156348,9,25,5,0,43,1,2016-12-16T23:15:05.000Z,gothenborg,2016-12-16T00:00:00.000Z,51,Fishing,gothenborg,1
57.70707,11.6593,0,339,205,3,FISKE PLATS,DK,47,0,STELLA NOVA,2,156348,9,25,5,0,43,1,2016-12-16T23:17:05.000Z,gothenborg,2016-12-16T00:00:00.000Z,51,Fishing,gothenborg,1
57.70707,11.6593,0,339,205,5,FISKE PLATS,DK,47,0,STELLA NOVA,2,156348,9,25,5,0,43,1,2016-12-16T23:19:05.000Z,gothenborg,2016-12-16T00:00:00.000Z,51,Fishing,gothenborg,1
57.70709,11.65926,0,347,204,3,FISKE PLATS,DK,47,0,STELLA NOVA,2,156348,9,25,5,0,43,1,2016-12-16T23:21:05.000Z,gothenborg,2016-12-16T00:00:00.000Z,51,Fishing,gothenborg,1
57.70705,11.6593,0,347,205,2,FISKE PLATS,DK,47,0,STELLA NOVA,2,156348,9,25,5,0,43,1,2016-12-16T23:23:05.000Z,gothenborg,2016-12-16T00:00:00.000Z,51,Fishing,gothenborg,1
57.70705,11.6593,0,347,205,4,FISKE PLATS,DK,47,0,STELLA NOVA,2,156348,9,25,5,0,43,1,2016-12-16T23:25:05.000Z,gothenborg,2016-12-16T00:00:00.000Z,51,Fishing,gothenborg,1
57.70707,11.65928,0,334,205,2,FISKE PLATS,DK,47,0,STELLA NOVA,2,156348,9,25,5,0,43,1,2016-12-16T23:27:05.000Z,gothenborg,2016-12-16T00:00:00.000Z,51,Fishing,gothenborg,1
57.70707,11.65928,0,334,205,4,FISKE PLATS,DK,47,0,STELLA NOVA,2,156348,9,25,5,0,43,1,2016-12-16T23:29:05.000Z,gothenborg,2016-12-16T00:00:00.000Z,51,Fishing,gothenborg,1
57.7071,11.65926,0,343,205,3,FISKE PLATS,DK,47,0,STELLA NOVA,2,156348,9,25,5,0,43,1,2016-12-16T23:31:09.000Z,gothenborg,2016-12-16T00:00:00.000Z,51,Fishing,gothenborg,1
57.7071,11.65926,0,343,205,3,FISKE PLATS,DK,47,0,STELLA NOVA,2,156348,9,25,5,0,43,1,2016-12-16T23:33:05.000Z,gothenborg,2016-12-16T00:00:00.000Z,51,Fishing,gothenborg,1
57.70707,11.65927,0,335,206,4,FISKE PLATS,DK,47,0,STELLA NOVA,2,156348,9,25,5,0,43,1,2016-12-16T23:35:04.000Z,gothenborg,2016-12-16T00:00:00.000Z,51,Fishing,gothenborg,1
57.70708,11.65929,0,343,206,2,FISKE PLATS,DK,47,0,STELLA NOVA,2,156348,9,25,5,0,43,1,2016-12-16T23:37:05.000Z,gothenborg,2016-12-16T00:00:00.000Z,51,Fishing,gothenborg,1
57.70708,11.65929,0,343,206,4,FISKE PLATS,DK,47,0,STELLA NOVA,2,156348,9,25,5,0,43,1,2016-12-16T23:39:05.000Z,gothenborg,2016-12-16T00:00:00.000Z,51,Fishing,gothenborg,1
57.70707,11.65927,0,0,207,3,FISKE PLATS,DK,47,0,STELLA NOVA,2,156348,9,25,5,0,43,1,2016-12-16T23:41:05.000Z,gothenborg,2016-12-16T00:00:00.000Z,51,Fishing,gothenborg,1
57.70707,11.65928,0,338,206,2,FISKE PLATS,DK,47,0,STELLA NOVA,2,156348,9,25,5,0,43,1,2016-12-16T23:43:05.000Z,gothenborg,2016-12-16T00:00:00.000Z,51,Fishing,gothenborg,1
57.70707,11.65928,0,338,206,4,FISKE PLATS,DK,47,0,STELLA NOVA,2,156348,9,25,5,0,43,0,2016-12-16T23:45:05.000Z,gothenborg,2016-12-16T00:00:00.000Z,51,Fishing,gothenborg,1
57.70708,11.65928,0,314,205,2,FISKE PLATS,DK,47,0,STELLA NOVA,2,156348,9,25,5,0,43,1,2016-12-16T23:47:06.000Z,gothenborg,2016-12-16T00:00:00.000Z,51,Fishing,gothenborg,1
57.70708,11.65928,0,314,205,4,FISKE PLATS,DK,47,0,STELLA NOVA,2,156348,9,25,5,0,43,1,2016-12-16T23:49:05.000Z,gothenborg,2016-12-16T00:00:00.000Z,51,Fishing,gothenborg,1
57.70707,11.65929,0,324,205,3,FISKE PLATS,DK,47,0,STELLA NOVA,2,156348,9,25,5,0,43,1,2016-12-16T23:51:05.000Z,gothenborg,2016-12-16T00:00:00.000Z,51,Fishing,gothenborg,1
57.70706,11.65928,0,332,205,1,FISKE PLATS,DK,47,0,STELLA NOVA,2,156348,9,25,5,0,43,1,2016-12-16T23:53:05.000Z,gothenborg,2016-12-16T00:00:00.000Z,51,Fishing,gothenborg,1
57.70706,11.65928,0,332,205,4,FISKE PLATS,DK,47,0,STELLA NOVA,2,156348,9,25,5,0,43,1,2016-12-16T23:55:05.000Z,gothenborg,2016-12-16T00:00:00.000Z,51,Fishing,gothenborg,1
57.70706,11.65928,0,332,205,6,FISKE PLATS,DK,47,0,STELLA NOVA,2,156348,9,25,5,0,43,1,2016-12-16T23:57:05.000Z,gothenborg,2016-12-16T00:00:00.000Z,51,Fishing,gothenborg,1
57.70708,11.65929,0,346,205,3,FISKE PLATS,DK,47,0,STELLA NOVA,2,156348,9,25,5,0,43,1,2016-12-16T23:59:05.000Z,gothenborg,2016-12-16T00:00:00.000Z,51,Fishing,gothenborg,1
57.70708,11.65929,0,346,205,5,FISKE PLATS,DK,47,0,STELLA NOVA,2,156348,9,25,5,0,43,1,2016-12-17T00:01:06.000Z,gothenborg,2016-12-17T00:00:00.000Z,51,Fishing,gothenborg,1
57.7071,11.65927,0,346,205,3,FISKE PLATS,DK,47,0,STELLA NOVA,2,156348,9,25,5,0,43,1,2016-12-17T00:03:05.000Z,gothenborg,2016-12-17T00:00:00.000Z,51,Fishing,gothenborg,1
57.70704,11.6593,0,271,205,2,FISKE PLATS,DK,47,0,STELLA NOVA,2,156348,9,25,5,0,43,1,2016-12-17T00:05:05.000Z,gothenborg,2016-12-17T00:00:00.000Z,51,Fishing,gothenborg,1
57.70704,11.6593,0,271,205,4,FISKE PLATS,DK,47,0,STELLA NOVA,2,156348,9,25,5,0,43,1,2016-12-17T00:07:06.000Z,gothenborg,2016-12-17T00:00:00.000Z,51,Fishing,gothenborg,1
57.70707,11.6593,0,301,205,3,FISKE PLATS,DK,47,0,STELLA NOVA,2,156348,9,25,5,0,43,1,2016-12-17T00:09:05.000Z,gothenborg,2016-12-17T00:00:00.000Z,51,Fishing,gothenborg,1
57.70707,11.6593,0,301,205,5,FISKE PLATS,DK,47,0,STELLA NOVA,2,156348,9,25,5,0,43,1,2016-12-17T00:11:06.000Z,gothenborg,2016-12-17T00:00:00.000Z,51,Fishing,gothenborg,1
57.70706,11.65928,0,311,206,2,FISKE PLATS,DK,47,0,STELLA NOVA,2,156348,9,25,5,0,43,1,2016-12-17T00:13:06.000Z,gothenborg,2016-12-17T00:00:00.000Z,51,Fishing,gothenborg,1
57.70706,11.65928,0,311,206,5,FISKE PLATS,DK,47,0,STELLA NOVA,2,156348,9,25,5,0,43,1,2016-12-17T00:15:05.000Z,gothenborg,2016-12-17T00:00:00.000Z,51,Fishing,gothenborg,1
57.70706,11.6593,0,303,205,2,FISKE PLATS,DK,47,0,STELLA NOVA,2,156348,9,25,5,0,43,1,2016-12-17T00:17:06.000Z,gothenborg,2016-12-17T00:00:00.000Z,51,Fishing,gothenborg,1
57.70706,11.6593,0,303,205,4,FISKE PLATS,DK,47,0,STELLA NOVA,2,156348,9,25,5,0,43,1,2016-12-17T00:19:05.000Z,gothenborg,2016-12-17T00:00:00.000Z,51,Fishing,gothenborg,1
57.70708,11.65928,0,190,205,3,FISKE PLATS,DK,47,0,STELLA NOVA,2,156348,9,25,5,0,43,1,2016-12-17T00:21:07.000Z,gothenborg,2016-12-17T00:00:00.000Z,51,Fishing,gothenborg,1
57.70708,11.65928,0,190,205,5,FISKE PLATS,DK,47,0,STELLA NOVA,2,156348,9,25,5,0,43,1,2016-12-17T00:23:06.000Z,gothenborg,2016-12-17T00:00:00.000Z,51,Fishing,gothenborg,1
57.70707,11.65929,0,221,205,2,FISKE PLATS,DK,47,0,STELLA NOVA,2,156348,9,25,5,0,43,1,2016-12-17T00:25:05.000Z,gothenborg,2016-12-17T00:00:00.000Z,51,Fishing,gothenborg,1
57.70707,11.65929,0,221,205,4,FISKE PLATS,DK,47,0,STELLA NOVA,2,156348,9,25,5,0,43,1,2016-12-17T00:27:06.000Z,gothenborg,2016-12-17T00:00:00.000Z,51,Fishing,gothenborg,1
57.70707,11.65927,0,346,204,2,FISKE PLATS,DK,47,0,STELLA NOVA,2,156348,9,25,5,0,43,1,2016-12-17T00:29:06.000Z,gothenborg,2016-12-17T00:00:00.000Z,51,Fishing,gothenborg,1
57.70707,11.65927,0,346,204,3,FISKE PLATS,DK,47,0,STELLA NOVA,2,156348,9,25,5,0,43,1,2016-12-17T00:31:05.000Z,gothenborg,2016-12-17T00:00:00.000Z,51,Fishing,gothenborg,1
57.70709,11.65927,0,328,204,3,FISKE PLATS,DK,47,0,STELLA NOVA,2,156348,9,25,5,0,43,1,2016-12-17T00:33:05.000Z,gothenborg,2016-12-17T00:00:00.000Z,51,Fishing,gothenborg,1
57.70707,11.65928,0,21,205,2,FISKE PLATS,DK,47,0,STELLA NOVA,2,156348,9,25,5,0,43,1,2016-12-17T00:35:06.000Z,gothenborg,2016-12-17T00:00:00.000Z,51,Fishing,gothenborg,1
57.70707,11.65928,0,21,205,4,FISKE PLATS,DK,47,0,STELLA NOVA,2,156348,9,25,5,0,43,1,2016-12-17T00:37:05.000Z,gothenborg,2016-12-17T00:00:00.000Z,51,Fishing,gothenborg,1
57.70707,11.65928,0,294,205,3,FISKE PLATS,DK,47,0,STELLA NOVA,2,156348,9,25,5,0,43,1,2016-12-17T00:39:05.000Z,gothenborg,2016-12-17T00:00:00.000Z,51,Fishing,gothenborg,1
57.70708,11.6593,0,321,205,2,FISKE PLATS,DK,47,0,STELLA NOVA,2,156348,9,25,5,0,43,1,2016-12-17T00:41:05.000Z,gothenborg,2016-12-17T00:00:00.000Z,51,Fishing,gothenborg,1
57.70708,11.6593,0,321,205,4,FISKE PLATS,DK,47,0,STELLA NOVA,2,156348,9,25,5,0,43,1,2016-12-17T00:43:05.000Z,gothenborg,2016-12-17T00:00:00.000Z,51,Fishing,gothenborg,1
57.70708,11.6593,0,321,205,6,FISKE PLATS,DK,47,0,STELLA NOVA,2,156348,9,25,5,0,43,1,2016-12-17T00:45:05.000Z,gothenborg,2016-12-17T00:00:00.000Z,51,Fishing,gothenborg,1
57.70708,11.65929,0,286,206,3,FISKE PLATS,DK,47,0,STELLA NOVA,2,156348,9,25,5,0,43,1,2016-12-17T00:47:05.000Z,gothenborg,2016-12-17T00:00:00.000Z,51,Fishing,gothenborg,1
57.70708,11.65929,0,286,206,5,FISKE PLATS,DK,47,0,STELLA NOVA,2,156348,9,25,5,0,43,1,2016-12-17T00:49:04.000Z,gothenborg,2016-12-17T00:00:00.000Z,51,Fishing,gothenborg,1
57.70707,11.6593,0,210,206,3,FISKE PLATS,DK,47,0,STELLA NOVA,2,156348,9,25,5,0,43,1,2016-12-17T00:51:06.000Z,gothenborg,2016-12-17T00:00:00.000Z,51,Fishing,gothenborg,1
57.70707,11.6593,0,210,206,5,FISKE PLATS,DK,47,0,STELLA NOVA,2,156348,9,25,5,0,43,1,2016-12-17T00:53:05.000Z,gothenborg,2016-12-17T00:00:00.000Z,51,Fishing,gothenborg,1
57.70705,11.65928,0,245,206,1,FISKE PLATS,DK,47,0,STELLA NOVA,2,156348,9,25,5,0,43,1,2016-12-17T00:55:04.000Z,gothenborg,2016-12-17T00:00:00.000Z,51,Fishing,gothenborg,1
57.70705,11.65928,0,245,206,5,FISKE PLATS,DK,47,0,STELLA NOVA,2,156348,9,25,5,0,43,1,2016-12-17T00:57:05.000Z,gothenborg,2016-12-17T00:00:00.000Z,51,Fishing,gothenborg,1
57.70707,11.65928,0,291,206,3,FISKE PLATS,DK,47,0,STELLA NOVA,2,156348,9,25,5,0,43,1,2016-12-17T00:59:05.000Z,gothenborg,2016-12-17T00:00:00.000Z,51,Fishing,gothenborg,1
57.70707,11.65928,0,267,205,2,FISKE PLATS,DK,47,0,STELLA NOVA,2,156348,9,25,5,0,43,1,2016-12-17T01:01:06.000Z,gothenborg,2016-12-17T00:00:00.000Z,51,Fishing,gothenborg,1
57.70707,11.65928,0,267,205,4,FISKE PLATS,DK,47,0,STELLA NOVA,2,156348,9,25,5,0,43,1,2016-12-17T01:03:06.000Z,gothenborg,2016-12-17T00:00:00.000Z,51,Fishing,gothenborg,1
57.70707,11.6593,0,250,205,3,FISKE PLATS,DK,47,0,STELLA NOVA,2,156348,9,25,5,0,43,1,2016-12-17T01:05:05.000Z,gothenborg,2016-12-17T00:00:00.000Z,51,Fishing,gothenborg,1
57.70707,11.6593,0,250,205,5,FISKE PLATS,DK,47,0,STELLA NOVA,2,156348,9,25,5,0,43,1,2016-12-17T01:07:05.000Z,gothenborg,2016-12-17T00:00:00.000Z,51,Fishing,gothenborg,1
57.70706,11.65927,0,259,205,2,FISKE PLATS,DK,47,0,STELLA NOVA,2,156348,9,25,5,0,43,1,2016-12-17T01:09:05.000Z,gothenborg,2016-12-17T00:00:00.000Z,51,Fishing,gothenborg,1
57.70706,11.65927,0,259,205,4,FISKE PLATS,DK,47,0,STELLA NOVA,2,156348,9,25,5,0,43,1,2016-12-17T01:11:05.000Z,gothenborg,2016-12-17T00:00:00.000Z,51,Fishing,gothenborg,1
57.70707,11.65929,0,187,205,3,FISKE PLATS,DK,47,0,STELLA NOVA,2,156348,9,25,5,0,43,1,2016-12-17T01:13:05.000Z,gothenborg,2016-12-17T00:00:00.000Z,51,Fishing,gothenborg,1
57.70707,11.65929,0,187,205,5,FISKE PLATS,DK,47,0,STELLA NOVA,2,156348,9,25,5,0,43,1,2016-12-17T01:15:05.000Z,gothenborg,2016-12-17T00:00:00.000Z,51,Fishing,gothenborg,1
57.70707,11.6593,0,277,205,2,FISKE PLATS,DK,47,0,STELLA NOVA,2,156348,9,25,5,0,43,1,2016-12-17T01:17:05.000Z,gothenborg,2016-12-17T00:00:00.000Z,51,Fishing,gothenborg,1
57.70707,11.6593,0,277,205,4,FISKE PLATS,DK,47,0,STELLA NOVA,2,156348,9,25,5,0,43,1,2016-12-17T01:19:05.000Z,gothenborg,2016-12-17T00:00:00.000Z,51,Fishing,gothenborg,1
57.70707,11.65929,0,227,206,2,FISKE PLATS,DK,47,0,STELLA NOVA,2,156348,9,25,5,0,43,1,2016-12-17T01:21:06.000Z,gothenborg,2016-12-17T00:00:00.000Z,51,Fishing,gothenborg,1
57.70707,11.65929,0,227,206,2,FISKE PLATS,DK,47,0,STELLA NOVA,2,156348,9,25,5,0,43,1,2016-12-17T01:23:05.000Z,gothenborg,2016-12-17T00:00:00.000Z,51,Fishing,gothenborg,1
57.70705,11.65928,0,254,205,2,FISKE PLATS,DK,47,0,STELLA NOVA,2,156348,9,25,5,0,43,1,2016-12-17T01:25:05.000Z,gothenborg,2016-12-17T00:00:00.000Z,51,Fishing,gothenborg,1
57.70705,11.65928,0,254,205,4,FISKE PLATS,DK,47,0,STELLA NOVA,2,156348,9,25,5,0,43,1,2016-12-17T01:27:05.000Z,gothenborg,2016-12-17T00:00:00.000Z,51,Fishing,gothenborg,1
57.70705,11.65928,0,254,205,6,FISKE PLATS,DK,47,0,STELLA NOVA,2,156348,9,25,5,0,43,1,2016-12-17T01:29:05.000Z,gothenborg,2016-12-17T00:00:00.000Z,51,Fishing,gothenborg,1
57.70706,11.65926,0,236,205,2,FISKE PLATS,DK,47,0,STELLA NOVA,2,156348,9,25,5,0,43,1,2016-12-17T01:31:05.000Z,gothenborg,2016-12-17T00:00:00.000Z,51,Fishing,gothenborg,1
57.70706,11.65926,0,236,205,5,FISKE PLATS,DK,47,0,STELLA NOVA,2,156348,9,25,5,0,43,1,2016-12-17T01:33:05.000Z,gothenborg,2016-12-17T00:00:00.000Z,51,Fishing,gothenborg,1
57.70706,11.65927,0,217,205,3,FISKE PLATS,DK,47,0,STELLA NOVA,2,156348,9,25,5,0,43,1,2016-12-17T01:35:05.000Z,gothenborg,2016-12-17T00:00:00.000Z,51,Fishing,gothenborg,1
57.70706,11.65927,0,217,205,5,FISKE PLATS,DK,47,0,STELLA NOVA,2,156348,9,25,5,0,43,1,2016-12-17T01:37:05.000Z,gothenborg,2016-12-17T00:00:00.000Z,51,Fishing,gothenborg,1
57.70706,11.65927,0,227,205,3,FISKE PLATS,DK,47,0,STELLA NOVA,2,156348,9,25,5,0,43,1,2016-12-17T01:39:05.000Z,gothenborg,2016-12-17T00:00:00.000Z,51,Fishing,gothenborg,1
57.70705,11.6593,0,240,205,2,FISKE PLATS,DK,47,0,STELLA NOVA,2,156348,9,25,5,0,43,1,2016-12-17T01:41:05.000Z,gothenborg,2016-12-17T00:00:00.000Z,51,Fishing,gothenborg,1
57.70705,11.6593,0,240,205,4,FISKE PLATS,DK,47,0,STELLA NOVA,2,156348,9,25,5,0,43,1,2016-12-17T01:43:06.000Z,gothenborg,2016-12-17T00:00:00.000Z,51,Fishing,gothenborg,1
57.70706,11.6593,0,156,205,3,FISKE PLATS,DK,47,0,STELLA NOVA,2,156348,9,25,5,0,43,1,2016-12-17T01:45:05.000Z,gothenborg,2016-12-17T00:00:00.000Z,51,Fishing,gothenborg,1
57.70706,11.6593,0,156,205,5,FISKE PLATS,DK,47,0,STELLA NOVA,2,156348,9,25,5,0,43,1,2016-12-17T01:47:05.000Z,gothenborg,2016-12-17T00:00:00.000Z,51,Fishing,gothenborg,1
57.70707,11.6593,0,13,205,2,FISKE PLATS,DK,47,0,STELLA NOVA,2,156348,9,25,5,0,43,1,2016-12-17T01:49:06.000Z,gothenborg,2016-12-17T00:00:00.000Z,51,Fishing,gothenborg,1
57.70707,11.6593,0,13,205,4,FISKE PLATS,DK,47,0,STELLA NOVA,2,156348,9,25,5,0,43,1,2016-12-17T01:51:05.000Z,gothenborg,2016-12-17T00:00:00.000Z,51,Fishing,gothenborg,1
57.70707,11.65931,0,338,204,2,FISKE PLATS,DK,47,0,STELLA NOVA,2,156348,9,25,5,0,43,1,2016-12-17T01:53:05.000Z,gothenborg,2016-12-17T00:00:00.000Z,51,Fishing,gothenborg,1
57.70707,11.65931,0,338,204,4,FISKE PLATS,DK,47,0,STELLA NOVA,2,156348,9,25,5,0,43,1,2016-12-17T01:55:05.000Z,gothenborg,2016-12-17T00:00:00.000Z,51,Fishing,gothenborg,1
57.70707,11.6593,0,355,204,2,FISKE PLATS,DK,47,0,STELLA NOVA,2,156348,9,25,5,0,43,1,2016-12-17T01:57:05.000Z,gothenborg,2016-12-17T00:00:00.000Z,51,Fishing,gothenborg,1
57.70707,11.6593,0,355,204,4,FISKE PLATS,DK,47,0,STELLA NOVA,2,156348,9,25,5,0,43,1,2016-12-17T01:59:05.000Z,gothenborg,2016-12-17T00:00:00.000Z,51,Fishing,gothenborg,1
57.70707,11.6593,0,355,204,6,FISKE PLATS,DK,47,0,STELLA NOVA,2,156348,9,25,5,0,43,1,2016-12-17T02:01:05.000Z,gothenborg,2016-12-17T00:00:00.000Z,51,Fishing,gothenborg,1
57.70708,11.65932,0,22,205,4,FISKE PLATS,DK,47,0,STELLA NOVA,2,156348,9,25,5,0,43,1,2016-12-17T02:03:06.000Z,gothenborg,2016-12-17T00:00:00.000Z,51,Fishing,gothenborg,1
57.70708,11.65932,0,22,205,6,FISKE PLATS,DK,47,0,STELLA NOVA,2,156348,9,25,5,0,43,1,2016-12-17T02:05:05.000Z,gothenborg,2016-12-17T00:00:00.000Z,51,Fishing,gothenborg,1
57.70707,11.6593,0,340,204,3,FISKE PLATS,DK,47,0,STELLA NOVA,2,156348,9,25,5,0,43,1,2016-12-17T02:07:05.000Z,gothenborg,2016-12-17T00:00:00.000Z,51,Fishing,gothenborg,1
57.70707,11.6593,0,281,205,2,FISKE PLATS,DK,47,0,STELLA NOVA,2,156348,9,25,5,0,43,1,2016-12-17T02:09:05.000Z,gothenborg,2016-12-17T00:00:00.000Z,51,Fishing,gothenborg,1
57.70707,11.6593,0,281,205,4,FISKE PLATS,DK,47,0,STELLA NOVA,2,156348,9,25,5,0,43,1,2016-12-17T02:11:05.000Z,gothenborg,2016-12-17T00:00:00.000Z,51,Fishing,gothenborg,1
57.70708,11.65929,0,296,205,5,FISKE PLATS,DK,47,0,STELLA NOVA,2,156348,9,25,5,0,43,1,2016-12-17T02:15:05.000Z,gothenborg,2016-12-17T00:00:00.000Z,51,Fishing,gothenborg,1
57.70707,11.65931,0,326,205,3,FISKE PLATS,DK,47,0,STELLA NOVA,2,156348,9,25,5,0,43,1,2016-12-17T02:17:05.000Z,gothenborg,2016-12-17T00:00:00.000Z,51,Fishing,gothenborg,1
57.70707,11.65931,0,326,205,5,FISKE PLATS,DK,47,0,STELLA NOVA,2,156348,9,25,5,0,43,1,2016-12-17T02:19:05.000Z,gothenborg,2016-12-17T00:00:00.000Z,51,Fishing,gothenborg,1
57.70707,11.6593,0,288,206,3,FISKE PLATS,DK,47,0,STELLA NOVA,2,156348,9,25,5,0,43,1,2016-12-17T02:21:05.000Z,gothenborg,2016-12-17T00:00:00.000Z,51,Fishing,gothenborg,1
57.70707,11.6593,0,288,206,5,FISKE PLATS,DK,47,0,STELLA NOVA,2,156348,9,25,5,0,43,1,2016-12-17T02:23:05.000Z,gothenborg,2016-12-17T00:00:00.000Z,51,Fishing,gothenborg,1
57.70707,11.6593,0,288,206,5,FISKE PLATS,DK,47,0,STELLA NOVA,2,156348,9,25,5,0,43,1,2016-12-17T02:25:04.000Z,gothenborg,2016-12-17T00:00:00.000Z,51,Fishing,gothenborg,1
57.70707,11.65929,0,332,205,5,FISKE PLATS,DK,47,0,STELLA NOVA,2,156348,9,25,5,0,43,1,2016-12-17T02:27:05.000Z,gothenborg,2016-12-17T00:00:00.000Z,51,Fishing,gothenborg,1
57.70707,11.6593,0,250,205,3,FISKE PLATS,DK,47,0,STELLA NOVA,2,156348,9,25,5,0,43,1,2016-12-17T02:29:05.000Z,gothenborg,2016-12-17T00:00:00.000Z,51,Fishing,gothenborg,1
57.70707,11.6593,0,250,205,5,FISKE PLATS,DK,47,0,STELLA NOVA,2,156348,9,25,5,0,43,1,2016-12-17T02:31:05.000Z,gothenborg,2016-12-17T00:00:00.000Z,51,Fishing,gothenborg,1
57.70705,11.65929,0,282,206,3,FISKE PLATS,DK,47,0,STELLA NOVA,2,156348,9,25,5,0,43,1,2016-12-17T02:33:05.000Z,gothenborg,2016-12-17T00:00:00.000Z,51,Fishing,gothenborg,1
57.70705,11.65929,0,282,206,5,FISKE PLATS,DK,47,0,STELLA NOVA,2,156348,9,25,5,0,43,1,2016-12-17T02:35:05.000Z,gothenborg,2016-12-17T00:00:00.000Z,51,Fishing,gothenborg,1
57.70706,11.65928,0,195,205,2,FISKE PLATS,DK,47,0,STELLA NOVA,2,156348,9,25,5,0,43,1,2016-12-17T02:37:05.000Z,gothenborg,2016-12-17T00:00:00.000Z,51,Fishing,gothenborg,1
57.70706,11.65928,0,195,205,4,FISKE PLATS,DK,47,0,STELLA NOVA,2,156348,9,25,5,0,43,1,2016-12-17T02:39:04.000Z,gothenborg,2016-12-17T00:00:00.000Z,51,Fishing,gothenborg,1
57.70706,11.65928,0,195,205,6,FISKE PLATS,DK,47,0,STELLA NOVA,2,156348,9,25,5,0,43,1,2016-12-17T02:41:05.000Z,gothenborg,2016-12-17T00:00:00.000Z,51,Fishing,gothenborg,1
57.70705,11.65929,0,216,205,4,FISKE PLATS,DK,47,0,STELLA NOVA,2,156348,9,25,5,0,43,1,2016-12-17T02:43:05.000Z,gothenborg,2016-12-17T00:00:00.000Z,51,Fishing,gothenborg,1
57.70706,11.65929,0,308,205,2,FISKE PLATS,DK,47,0,STELLA NOVA,2,156348,9,25,5,0,43,1,2016-12-17T02:45:05.000Z,gothenborg,2016-12-17T00:00:00.000Z,51,Fishing,gothenborg,1
57.70706,11.65929,0,308,205,4,FISKE PLATS,DK,47,0,STELLA NOVA,2,156348,9,25,5,0,43,1,2016-12-17T02:47:06.000Z,gothenborg,2016-12-17T00:00:00.000Z,51,Fishing,gothenborg,1
57.70707,11.65927,0,242,205,2,FISKE PLATS,DK,47,0,STELLA NOVA,2,156348,9,25,5,0,43,1,2016-12-17T02:49:05.000Z,gothenborg,2016-12-17T00:00:00.000Z,51,Fishing,gothenborg,1
57.70707,11.65927,0,242,205,4,FISKE PLATS,DK,47,0,STELLA NOVA,2,156348,9,25,5,0,43,1,2016-12-17T02:51:05.000Z,gothenborg,2016-12-17T00:00:00.000Z,51,Fishing,gothenborg,1
57.70707,11.65928,0,15,204,3,FISKE PLATS,DK,47,0,STELLA NOVA,2,156348,9,25,5,0,43,1,2016-12-17T02:53:05.000Z,gothenborg,2016-12-17T00:00:00.000Z,51,Fishing,gothenborg,1
57.70707,11.65928,0,15,204,5,FISKE PLATS,DK,47,0,STELLA NOVA,2,156348,9,25,5,0,43,1,2016-12-17T02:55:06.000Z,gothenborg,2016-12-17T00:00:00.000Z,51,Fishing,gothenborg,1
57.70709,11.65926,0,341,205,3,FISKE PLATS,DK,47,0,STELLA NOVA,2,156348,9,25,5,0,43,1,2016-12-17T02:57:04.000Z,gothenborg,2016-12-17T00:00:00.000Z,51,Fishing,gothenborg,1
57.70709,11.65926,0,341,205,5,FISKE PLATS,DK,47,0,STELLA NOVA,2,156348,9,25,5,0,43,1,2016-12-17T02:59:05.000Z,gothenborg,2016-12-17T00:00:00.000Z,51,Fishing,gothenborg,1
57.70706,11.65926,0,271,204,2,FISKE PLATS,DK,47,0,STELLA NOVA,2,156348,9,25,5,0,43,1,2016-12-17T03:01:05.000Z,gothenborg,2016-12-17T00:00:00.000Z,51,Fishing,gothenborg,1
57.70706,11.65926,0,271,204,4,FISKE PLATS,DK,47,0,STELLA NOVA,2,156348,9,25,5,0,43,1,2016-12-17T03:03:05.000Z,gothenborg,2016-12-17T00:00:00.000Z,51,Fishing,gothenborg,1
57.70708,11.65925,0,243,205,2,FISKE PLATS,DK,47,0,STELLA NOVA,2,156348,9,25,5,0,43,1,2016-12-17T03:05:04.000Z,gothenborg,2016-12-17T00:00:00.000Z,51,Fishing,gothenborg,1
57.70708,11.65925,0,243,205,4,FISKE PLATS,DK,47,0,STELLA NOVA,2,156348,9,25,5,0,43,1,2016-12-17T03:07:05.000Z,gothenborg,2016-12-17T00:00:00.000Z,51,Fishing,gothenborg,1
57.70707,11.65924,0,249,205,2,FISKE PLATS,DK,47,0,STELLA NOVA,2,156348,9,25,5,0,43,1,2016-12-17T03:09:05.000Z,gothenborg,2016-12-17T00:00:00.000Z,51,Fishing,gothenborg,1
57.70707,11.65924,0,249,205,4,FISKE PLATS,DK,47,0,STELLA NOVA,2,156348,9,25,5,0,43,1,2016-12-17T03:11:06.000Z,gothenborg,2016-12-17T00:00:00.000Z,51,Fishing,gothenborg,1
57.70707,11.65927,0,264,204,1,FISKE PLATS,DK,47,0,STELLA NOVA,2,156348,9,25,5,0,43,1,2016-12-17T03:13:05.000Z,gothenborg,2016-12-17T00:00:00.000Z,51,Fishing,gothenborg,1
57.70707,11.65927,0,264,204,2,FISKE PLATS,DK,47,0,STELLA NOVA,2,156348,9,25,5,0,43,1,2016-12-17T03:15:05.000Z,gothenborg,2016-12-17T00:00:00.000Z,51,Fishing,gothenborg,1
57.70708,11.65926,0,240,205,3,FISKE PLATS,DK,47,0,STELLA NOVA,2,156348,9,25,5,0,43,1,2016-12-17T03:17:05.000Z,gothenborg,2016-12-17T00:00:00.000Z,51,Fishing,gothenborg,1
57.70705,11.65925,0,266,205,2,FISKE PLATS,DK,47,0,STELLA NOVA,2,156348,9,25,5,0,43,1,2016-12-17T03:19:05.000Z,gothenborg,2016-12-17T00:00:00.000Z,51,Fishing,gothenborg,1
57.70705,11.65925,0,266,205,4,FISKE PLATS,DK,47,0,STELLA NOVA,2,156348,9,25,5,0,43,1,2016-12-17T03:21:05.000Z,gothenborg,2016-12-17T00:00:00.000Z,51,Fishing,gothenborg,1
57.70707,11.65926,0,220,204,2,FISKE PLATS,DK,47,0,STELLA NOVA,2,156348,9,25,5,0,43,1,2016-12-17T03:23:05.000Z,gothenborg,2016-12-17T00:00:00.000Z,51,Fishing,gothenborg,1
57.70707,11.65926,0,220,204,4,FISKE PLATS,DK,47,0,STELLA NOVA,2,156348,9,25,5,0,43,1,2016-12-17T03:25:05.000Z,gothenborg,2016-12-17T00:00:00.000Z,51,Fishing,gothenborg,1
57.70706,11.65926,0,206,204,3,FISKE PLATS,DK,47,0,STELLA NOVA,2,156348,9,25,5,0,43,1,2016-12-17T03:27:05.000Z,gothenborg,2016-12-17T00:00:00.000Z,51,Fishing,gothenborg,1
57.70706,11.65926,0,206,204,5,FISKE PLATS,DK,47,0,STELLA NOVA,2,156348,9,25,5,0,43,1,2016-12-17T03:29:05.000Z,gothenborg,2016-12-17T00:00:00.000Z,51,Fishing,gothenborg,1
57.70705,11.65925,0,229,205,3,FISKE PLATS,DK,47,0,STELLA NOVA,2,156348,9,25,5,0,43,1,2016-12-17T03:31:05.000Z,gothenborg,2016-12-17T00:00:00.000Z,51,Fishing,gothenborg,1
57.70705,11.65927,0,234,205,2,FISKE PLATS,DK,47,0,STELLA NOVA,2,156348,9,25,5,0,43,1,2016-12-17T03:33:05.000Z,gothenborg,2016-12-17T00:00:00.000Z,51,Fishing,gothenborg,1
57.70705,11.65927,0,234,205,4,FISKE PLATS,DK,47,0,STELLA NOVA,2,156348,9,25,5,0,43,1,2016-12-17T03:35:05.000Z,gothenborg,2016-12-17T00:00:00.000Z,51,Fishing,gothenborg,1
57.70705,11.65925,0,256,205,3,FISKE PLATS,DK,47,0,STELLA NOVA,2,156348,9,25,5,0,43,1,2016-12-17T03:37:05.000Z,gothenborg,2016-12-17T00:00:00.000Z,51,Fishing,gothenborg,1
57.70705,11.65925,0,256,205,5,FISKE PLATS,DK,47,0,STELLA NOVA,2,156348,9,25,5,0,43,1,2016-12-17T03:39:05.000Z,gothenborg,2016-12-17T00:00:00.000Z,51,Fishing,gothenborg,1
57.70705,11.65926,0,224,205,3,FISKE PLATS,DK,47,0,STELLA NOVA,2,156348,9,25,5,0,43,1,2016-12-17T03:41:05.000Z,gothenborg,2016-12-17T00:00:00.000Z,51,Fishing,gothenborg,1
57.70705,11.65926,0,224,205,5,FISKE PLATS,DK,47,0,STELLA NOVA,2,156348,9,25,5,0,43,1,2016-12-17T03:43:04.000Z,gothenborg,2016-12-17T00:00:00.000Z,51,Fishing,gothenborg,1
57.70705,11.65927,0,286,206,3,FISKE PLATS,DK,47,0,STELLA NOVA,2,156348,9,25,5,0,43,1,2016-12-17T03:45:05.000Z,gothenborg,2016-12-17T00:00:00.000Z,51,Fishing,gothenborg,1
57.70706,11.65928,0,267,205,2,FISKE PLATS,DK,47,0,STELLA NOVA,2,156348,9,25,5,0,43,1,2016-12-17T03:47:06.000Z,gothenborg,2016-12-17T00:00:00.000Z,51,Fishing,gothenborg,1
57.70706,11.65928,0,267,205,4,FISKE PLATS,DK,47,0,STELLA NOVA,2,156348,9,25,5,0,43,1,2016-12-17T03:49:05.000Z,gothenborg,2016-12-17T00:00:00.000Z,51,Fishing,gothenborg,1
57.70706,11.65929,0,236,205,2,FISKE PLATS,DK,47,0,STELLA NOVA,2,156348,9,25,5,0,43,1,2016-12-17T03:51:05.000Z,gothenborg,2016-12-17T00:00:00.000Z,51,Fishing,gothenborg,1
57.70706,11.65929,0,236,205,4,FISKE PLATS,DK,47,0,STELLA NOVA,2,156348,9,25,5,0,43,1,2016-12-17T03:53:05.000Z,gothenborg,2016-12-17T00:00:00.000Z,51,Fishing,gothenborg,1
57.70707,11.65929,0,298,205,2,FISKE PLATS,DK,47,0,STELLA NOVA,2,156348,9,25,5,0,43,1,2016-12-17T03:55:05.000Z,gothenborg,2016-12-17T00:00:00.000Z,51,Fishing,gothenborg,1
57.70707,11.65929,0,298,205,4,FISKE PLATS,DK,47,0,STELLA NOVA,2,156348,9,25,5,0,43,1,2016-12-17T03:57:06.000Z,gothenborg,2016-12-17T00:00:00.000Z,51,Fishing,gothenborg,1
57.70707,11.65925,0,254,205,2,FISKE PLATS,DK,47,0,STELLA NOVA,2,156348,9,25,5,0,43,1,2016-12-17T03:59:05.000Z,gothenborg,2016-12-17T00:00:00.000Z,51,Fishing,gothenborg,1
57.70707,11.65925,0,254,205,4,FISKE PLATS,DK,47,0,STELLA NOVA,2,156348,9,25,5,0,43,1,2016-12-17T04:01:05.000Z,gothenborg,2016-12-17T00:00:00.000Z,51,Fishing,gothenborg,1
57.70707,11.65928,0,337,206,1,FISKE PLATS,DK,47,0,STELLA NOVA,2,156348,9,25,5,0,43,1,2016-12-17T04:03:04.000Z,gothenborg,2016-12-17T00:00:00.000Z,51,Fishing,gothenborg,1
57.70707,11.65928,0,337,206,4,FISKE PLATS,DK,47,0,STELLA NOVA,2,156348,9,25,5,0,43,1,2016-12-17T04:05:05.000Z,gothenborg,2016-12-17T00:00:00.000Z,51,Fishing,gothenborg,1
57.70707,11.65928,0,337,206,6,FISKE PLATS,DK,47,0,STELLA NOVA,2,156348,9,25,5,0,43,1,2016-12-17T04:07:05.000Z,gothenborg,2016-12-17T00:00:00.000Z,51,Fishing,gothenborg,1
57.70705,11.65928,0,268,206,4,FISKE PLATS,DK,47,0,STELLA NOVA,2,156348,9,25,5,0,43,1,2016-12-17T04:09:05.000Z,gothenborg,2016-12-17T00:00:00.000Z,51,Fishing,gothenborg,1
57.70705,11.65928,0,268,206,6,FISKE PLATS,DK,47,0,STELLA NOVA,2,156348,9,25,5,0,43,1,2016-12-17T04:11:05.000Z,gothenborg,2016-12-17T00:00:00.000Z,51,Fishing,gothenborg,1
57.70705,11.65928,0,312,206,3,FISKE PLATS,DK,47,0,STELLA NOVA,2,156348,9,25,5,0,43,1,2016-12-17T04:13:05.000Z,gothenborg,2016-12-17T00:00:00.000Z,51,Fishing,gothenborg,1
57.70705,11.65928,0,312,206,5,FISKE PLATS,DK,47,0,STELLA NOVA,2,156348,9,25,5,0,43,1,2016-12-17T04:15:05.000Z,gothenborg,2016-12-17T00:00:00.000Z,51,Fishing,gothenborg,1
57.70705,11.65927,0,247,205,3,FISKE PLATS,DK,47,0,STELLA NOVA,2,156348,9,25,5,0,43,1,2016-12-17T04:17:05.000Z,gothenborg,2016-12-17T00:00:00.000Z,51,Fishing,gothenborg,1
57.70705,11.65927,0,247,205,5,FISKE PLATS,DK,47,0,STELLA NOVA,2,156348,9,25,5,0,43,1,2016-12-17T04:19:05.000Z,gothenborg,2016-12-17T00:00:00.000Z,51,Fishing,gothenborg,1
57.70707,11.65927,0,333,205,3,FISKE PLATS,DK,47,0,STELLA NOVA,2,156348,9,25,5,0,43,1,2016-12-17T04:21:06.000Z,gothenborg,2016-12-17T00:00:00.000Z,51,Fishing,gothenborg,1
57.70707,11.65927,0,333,205,4,FISKE PLATS,DK,47,0,STELLA NOVA,2,156348,9,25,5,0,43,1,2016-12-17T04:23:05.000Z,gothenborg,2016-12-17T00:00:00.000Z,51,Fishing,gothenborg,1
57.70705,11.65927,0,238,205,4,FISKE PLATS,DK,47,0,STELLA NOVA,2,156348,9,25,5,0,43,1,2016-12-17T04:25:05.000Z,gothenborg,2016-12-17T00:00:00.000Z,51,Fishing,gothenborg,1
57.70705,11.6593,0,349,206,3,FISKE PLATS,DK,47,0,STELLA NOVA,2,156348,9,25,5,0,43,1,2016-12-17T04:27:05.000Z,gothenborg,2016-12-17T00:00:00.000Z,51,Fishing,gothenborg,1
57.70705,11.6593,0,349,206,5,FISKE PLATS,DK,47,0,STELLA NOVA,2,156348,9,25,5,0,43,1,2016-12-17T04:29:06.000Z,gothenborg,2016-12-17T00:00:00.000Z,51,Fishing,gothenborg,1
57.70706,11.65929,0,235,206,2,FISKE PLATS,DK,47,0,STELLA NOVA,2,156348,9,25,5,0,43,1,2016-12-17T04:31:05.000Z,gothenborg,2016-12-17T00:00:00.000Z,51,Fishing,gothenborg,1
57.70706,11.65929,0,235,206,4,FISKE PLATS,DK,47,0,STELLA NOVA,2,156348,9,25,5,0,43,1,2016-12-17T04:33:05.000Z,gothenborg,2016-12-17T00:00:00.000Z,51,Fishing,gothenborg,1
57.70707,11.65927,0,326,206,1,FISKE PLATS,DK,47,0,STELLA NOVA,2,156348,9,25,5,0,43,1,2016-12-17T04:35:05.000Z,gothenborg,2016-12-17T00:00:00.000Z,51,Fishing,gothenborg,1
57.70706,11.65929,0,301,206,2,FISKE PLATS,DK,47,0,STELLA NOVA,2,156348,9,25,5,0,43,1,2016-12-17T04:37:05.000Z,gothenborg,2016-12-17T00:00:00.000Z,51,Fishing,gothenborg,1
57.70706,11.65929,0,301,206,4,FISKE PLATS,DK,47,0,STELLA NOVA,2,156348,9,25,5,0,43,1,2016-12-17T04:39:05.000Z,gothenborg,2016-12-17T00:00:00.000Z,51,Fishing,gothenborg,1
57.70707,11.65928,0,135,206,2,FISKE PLATS,DK,47,0,STELLA NOVA,2,156348,9,25,5,0,43,1,2016-12-17T04:41:05.000Z,gothenborg,2016-12-17T00:00:00.000Z,51,Fishing,gothenborg,1
57.70707,11.65928,0,135,206,4,FISKE PLATS,DK,47,0,STELLA NOVA,2,156348,9,25,5,0,43,1,2016-12-17T04:43:05.000Z,gothenborg,2016-12-17T00:00:00.000Z,51,Fishing,gothenborg,1
57.70707,11.65926,0,300,206,2,FISKE PLATS,DK,47,0,STELLA NOVA,2,156348,9,25,5,0,43,1,2016-12-17T04:45:05.000Z,gothenborg,2016-12-17T00:00:00.000Z,51,Fishing,gothenborg,1
57.70707,11.65926,0,300,206,4,FISKE PLATS,DK,47,0,STELLA NOVA,2,156348,9,25,5,0,43,1,2016-12-17T04:47:05.000Z,gothenborg,2016-12-17T00:00:00.000Z,51,Fishing,gothenborg,1
57.70707,11.65929,0,330,206,2,FISKE PLATS,DK,47,0,STELLA NOVA,2,156348,9,25,5,0,43,1,2016-12-17T04:49:05.000Z,gothenborg,2016-12-17T00:00:00.000Z,51,Fishing,gothenborg,1
57.70707,11.65929,0,330,206,4,FISKE PLATS,DK,47,0,STELLA NOVA,2,156348,9,25,5,0,43,1,2016-12-17T04:51:05.000Z,gothenborg,2016-12-17T00:00:00.000Z,51,Fishing,gothenborg,1
57.70705,11.65929,0,315,206,2,FISKE PLATS,DK,47,0,STELLA NOVA,2,156348,9,25,5,0,43,1,2016-12-17T04:53:05.000Z,gothenborg,2016-12-17T00:00:00.000Z,51,Fishing,gothenborg,1
57.70705,11.65929,0,315,206,2,FISKE PLATS,DK,47,0,STELLA NOVA,2,156348,9,25,5,0,43,1,2016-12-17T04:55:05.000Z,gothenborg,2016-12-17T00:00:00.000Z,51,Fishing,gothenborg,1
57.70705,11.65929,0,306,206,2,FISKE PLATS,DK,47,0,STELLA NOVA,2,156348,9,25,5,0,43,1,2016-12-17T04:57:05.000Z,gothenborg,2016-12-17T00:00:00.000Z,51,Fishing,gothenborg,1
57.70705,11.65929,0,306,206,4,FISKE PLATS,DK,47,0,STELLA NOVA,2,156348,9,25,5,0,43,1,2016-12-17T04:59:05.000Z,gothenborg,2016-12-17T00:00:00.000Z,51,Fishing,gothenborg,1
57.70705,11.65927,0,309,206,2,FISKE PLATS,DK,47,0,STELLA NOVA,2,156348,9,25,5,0,43,1,2016-12-17T05:01:05.000Z,gothenborg,2016-12-17T00:00:00.000Z,51,Fishing,gothenborg,1
57.70705,11.65927,0,309,206,5,FISKE PLATS,DK,47,0,STELLA NOVA,2,156348,9,25,5,0,43,1,2016-12-17T05:03:06.000Z,gothenborg,2016-12-17T00:00:00.000Z,51,Fishing,gothenborg,1
57.70707,11.6593,0,319,206,2,FISKE PLATS,DK,47,0,STELLA NOVA,2,156348,9,25,5,0,43,1,2016-12-17T05:05:05.000Z,gothenborg,2016-12-17T00:00:00.000Z,51,Fishing,gothenborg,1
57.70707,11.6593,0,319,206,5,FISKE PLATS,DK,47,0,STELLA NOVA,2,156348,9,25,5,0,43,1,2016-12-17T05:07:05.000Z,gothenborg,2016-12-17T00:00:00.000Z,51,Fishing,gothenborg,1
57.70708,11.65928,0,293,206,3,FISKE PLATS,DK,47,0,STELLA NOVA,2,156348,9,25,5,0,43,1,2016-12-17T05:09:06.000Z,gothenborg,2016-12-17T00:00:00.000Z,51,Fishing,gothenborg,1
57.70708,11.65928,0,293,206,3,FISKE PLATS,DK,47,0,STELLA NOVA,2,156348,9,25,5,0,43,1,2016-12-17T05:11:05.000Z,gothenborg,2016-12-17T00:00:00.000Z,51,Fishing,gothenborg,1
57.70705,11.65928,0,281,206,3,FISKE PLATS,DK,47,0,STELLA NOVA,2,156348,9,25,5,0,43,1,2016-12-17T05:13:05.000Z,gothenborg,2016-12-17T00:00:00.000Z,51,Fishing,gothenborg,1
57.70705,11.65928,0,281,206,5,FISKE PLATS,DK,47,0,STELLA NOVA,2,156348,9,25,5,0,43,1,2016-12-17T05:15:05.000Z,gothenborg,2016-12-17T00:00:00.000Z,51,Fishing,gothenborg,1
57.70707,11.65931,0,334,206,3,FISKE PLATS,DK,47,0,STELLA NOVA,2,156348,9,25,5,0,43,1,2016-12-17T05:17:05.000Z,gothenborg,2016-12-17T00:00:00.000Z,51,Fishing,gothenborg,1
57.70707,11.65928,0,28,205,2,FISKE PLATS,DK,47,0,STELLA NOVA,2,156348,9,25,5,0,43,1,2016-12-17T05:19:05.000Z,gothenborg,2016-12-17T00:00:00.000Z,51,Fishing,gothenborg,1
57.70707,11.65928,0,28,205,4,FISKE PLATS,DK,47,0,STELLA NOVA,2,156348,9,25,5,0,43,1,2016-12-17T05:21:05.000Z,gothenborg,2016-12-17T00:00:00.000Z,51,Fishing,gothenborg,1
57.70707,11.65928,0,230,205,2,FISKE PLATS,DK,47,0,STELLA NOVA,2,156348,9,25,5,0,43,1,2016-12-17T05:23:05.000Z,gothenborg,2016-12-17T00:00:00.000Z,51,Fishing,gothenborg,1
57.70707,11.65928,0,230,205,2,FISKE PLATS,DK,47,0,STELLA NOVA,2,156348,9,25,5,0,43,1,2016-12-17T05:25:05.000Z,gothenborg,2016-12-17T00:00:00.000Z,51,Fishing,gothenborg,1
57.70706,11.65928,0,195,206,2,FISKE PLATS,DK,47,0,STELLA NOVA,2,156348,9,25,5,0,43,1,2016-12-17T05:27:05.000Z,gothenborg,2016-12-17T00:00:00.000Z,51,Fishing,gothenborg,1
57.70706,11.65928,0,195,206,4,FISKE PLATS,DK,47,0,STELLA NOVA,2,156348,9,25,5,0,43,1,2016-12-17T05:29:05.000Z,gothenborg,2016-12-17T00:00:00.000Z,51,Fishing,gothenborg,1
57.70708,11.65929,0,119,206,2,FISKE PLATS,DK,47,0,STELLA NOVA,2,156348,9,25,5,0,43,1,2016-12-17T05:31:05.000Z,gothenborg,2016-12-17T00:00:00.000Z,51,Fishing,gothenborg,1
57.70708,11.65929,0,119,206,4,FISKE PLATS,DK,47,0,STELLA NOVA,2,156348,9,25,5,0,43,1,2016-12-17T05:33:05.000Z,gothenborg,2016-12-17T00:00:00.000Z,51,Fishing,gothenborg,1
57.70705,11.65926,0,229,205,2,FISKE PLATS,DK,47,0,STELLA NOVA,2,156348,9,25,5,0,43,1,2016-12-17T05:35:05.000Z,gothenborg,2016-12-17T00:00:00.000Z,51,Fishing,gothenborg,1
57.70705,11.65926,0,229,205,4,FISKE PLATS,DK,47,0,STELLA NOVA,2,156348,9,25,5,0,43,1,2016-12-17T05:37:04.000Z,gothenborg,2016-12-17T00:00:00.000Z,51,Fishing,gothenborg,1
57.70706,11.65924,0,314,205,3,FISKE PLATS,DK,47,0,STELLA NOVA,2,156348,9,25,5,0,43,1,2016-12-17T05:39:06.000Z,gothenborg,2016-12-17T00:00:00.000Z,51,Fishing,gothenborg,1
57.70706,11.65924,0,314,205,5,FISKE PLATS,DK,47,0,STELLA NOVA,2,156348,9,25,5,0,43,1,2016-12-17T05:41:05.000Z,gothenborg,2016-12-17T00:00:00.000Z,51,Fishing,gothenborg,1
57.70707,11.6593,0,302,205,3,FISKE PLATS,DK,47,0,STELLA NOVA,2,156348,9,25,5,0,43,1,2016-12-17T05:43:05.000Z,gothenborg,2016-12-17T00:00:00.000Z,51,Fishing,gothenborg,1
57.70708,11.65929,0,284,205,2,FISKE PLATS,DK,47,0,STELLA NOVA,2,156348,9,25,5,0,43,1,2016-12-17T05:45:06.000Z,gothenborg,2016-12-17T00:00:00.000Z,51,Fishing,gothenborg,1
57.70708,11.65929,0,284,205,4,FISKE PLATS,DK,47,0,STELLA NOVA,2,156348,9,25,5,0,43,1,2016-12-17T05:47:05.000Z,gothenborg,2016-12-17T00:00:00.000Z,51,Fishing,gothenborg,1
57.70707,11.6593,0,231,205,3,FISKE PLATS,DK,47,0,STELLA NOVA,2,156348,9,25,5,0,43,1,2016-12-17T05:49:05.000Z,gothenborg,2016-12-17T00:00:00.000Z,51,Fishing,gothenborg,1
57.70707,11.65929,0,221,205,2,FISKE PLATS,DK,47,0,STELLA NOVA,2,156348,9,25,5,0,43,1,2016-12-17T05:51:05.000Z,gothenborg,2016-12-17T00:00:00.000Z,51,Fishing,gothenborg,1
57.70707,11.65929,0,221,205,4,FISKE PLATS,DK,47,0,STELLA NOVA,2,156348,9,25,5,0,43,1,2016-12-17T05:53:06.000Z,gothenborg,2016-12-17T00:00:00.000Z,51,Fishing,gothenborg,1
57.70707,11.65929,0,221,205,4,FISKE PLATS,DK,47,0,STELLA NOVA,2,156348,9,25,5,0,43,1,2016-12-17T05:55:05.000Z,gothenborg,2016-12-17T00:00:00.000Z,51,Fishing,gothenborg,1
57.70705,11.65932,0,244,205,4,FISKE PLATS,DK,47,0,STELLA NOVA,2,156348,9,25,5,0,43,1,2016-12-17T05:57:04.000Z,gothenborg,2016-12-17T00:00:00.000Z,51,Fishing,gothenborg,1
57.70705,11.65929,0,277,206,3,FISKE PLATS,DK,47,0,STELLA NOVA,2,156348,9,25,5,0,43,1,2016-12-17T05:59:05.000Z,gothenborg,2016-12-17T00:00:00.000Z,51,Fishing,gothenborg,1
57.70705,11.65929,0,277,206,5,FISKE PLATS,DK,47,0,STELLA NOVA,2,156348,9,25,5,0,43,1,2016-12-17T06:01:06.000Z,gothenborg,2016-12-17T00:00:00.000Z,51,Fishing,gothenborg,1
57.70707,11.65929,0,267,205,3,FISKE PLATS,DK,47,0,STELLA NOVA,2,156348,9,25,5,0,43,1,2016-12-17T06:03:06.000Z,gothenborg,2016-12-17T00:00:00.000Z,51,Fishing,gothenborg,1
57.70707,11.65929,0,267,205,3,FISKE PLATS,DK,47,0,STELLA NOVA,2,156348,9,25,5,0,43,1,2016-12-17T06:05:05.000Z,gothenborg,2016-12-17T00:00:00.000Z,51,Fishing,gothenborg,1
57.70705,11.65928,0,297,205,4,FISKE PLATS,DK,47,0,STELLA NOVA,2,156348,9,25,5,0,43,1,2016-12-17T06:07:06.000Z,gothenborg,2016-12-17T00:00:00.000Z,51,Fishing,gothenborg,1
57.70707,11.65928,0,283,205,2,FISKE PLATS,DK,47,0,STELLA NOVA,2,156348,9,25,5,0,43,1,2016-12-17T06:09:05.000Z,gothenborg,2016-12-17T00:00:00.000Z,51,Fishing,gothenborg,1
57.70707,11.65928,0,283,205,4,FISKE PLATS,DK,47,0,STELLA NOVA,2,156348,9,25,5,0,43,1,2016-12-17T06:11:06.000Z,gothenborg,2016-12-17T00:00:00.000Z,51,Fishing,gothenborg,1
57.70705,11.65931,0,310,205,2,FISKE PLATS,DK,47,0,STELLA NOVA,2,156348,9,25,5,0,43,1,2016-12-17T06:13:06.000Z,gothenborg,2016-12-17T00:00:00.000Z,51,Fishing,gothenborg,1
57.70705,11.65931,0,310,205,4,FISKE PLATS,DK,47,0,STELLA NOVA,2,156348,9,25,5,0,43,1,2016-12-17T06:15:06.000Z,gothenborg,2016-12-17T00:00:00.000Z,51,Fishing,gothenborg,1
57.70705,11.65928,0,294,205,2,FISKE PLATS,DK,47,0,STELLA NOVA,2,156348,9,25,5,0,43,1,2016-12-17T06:17:06.000Z,gothenborg,2016-12-17T00:00:00.000Z,51,Fishing,gothenborg,1
57.70705,11.65928,0,294,205,2,FISKE PLATS,DK,47,0,STELLA NOVA,2,156348,9,25,5,0,43,1,2016-12-17T06:19:05.000Z,gothenborg,2016-12-17T00:00:00.000Z,51,Fishing,gothenborg,1
57.70706,11.65928,0,342,205,2,FISKE PLATS,DK,47,0,STELLA NOVA,2,156348,9,25,5,0,43,1,2016-12-17T06:21:05.000Z,gothenborg,2016-12-17T00:00:00.000Z,51,Fishing,gothenborg,1
57.70706,11.65928,0,342,205,4,FISKE PLATS,DK,47,0,STELLA NOVA,2,156348,9,25,5,0,43,1,2016-12-17T06:23:04.000Z,gothenborg,2016-12-17T00:00:00.000Z,51,Fishing,gothenborg,1
57.70706,11.65928,0,247,205,2,FISKE PLATS,DK,47,0,STELLA NOVA,2,156348,9,25,5,0,43,1,2016-12-17T06:25:06.000Z,gothenborg,2016-12-17T00:00:00.000Z,51,Fishing,gothenborg,1
57.70706,11.65928,0,247,205,4,FISKE PLATS,DK,47,0,STELLA NOVA,2,156348,9,25,5,0,43,1,2016-12-17T06:27:06.000Z,gothenborg,2016-12-17T00:00:00.000Z,51,Fishing,gothenborg,1
57.70707,11.65929,0,230,205,3,FISKE PLATS,DK,47,0,STELLA NOVA,2,156348,9,25,5,0,43,1,2016-12-17T06:29:05.000Z,gothenborg,2016-12-17T00:00:00.000Z,51,Fishing,gothenborg,1
57.70707,11.65929,0,230,205,5,FISKE PLATS,DK,47,0,STELLA NOVA,2,156348,9,25,5,0,43,1,2016-12-17T06:31:05.000Z,gothenborg,2016-12-17T00:00:00.000Z,51,Fishing,gothenborg,1
57.70705,11.65928,0,215,206,4,FISKE PLATS,DK,47,0,STELLA NOVA,2,156348,9,25,5,0,43,1,2016-12-17T06:33:06.000Z,gothenborg,2016-12-17T00:00:00.000Z,51,Fishing,gothenborg,1
57.70706,11.6593,0,267,205,2,FISKE PLATS,DK,47,0,STELLA NOVA,2,156348,9,25,5,0,43,1,2016-12-17T06:35:06.000Z,gothenborg,2016-12-17T00:00:00.000Z,51,Fishing,gothenborg,1
57.70706,11.6593,0,267,205,2,FISKE PLATS,DK,47,0,STELLA NOVA,2,156348,9,25,5,0,43,1,2016-12-17T06:37:05.000Z,gothenborg,2016-12-17T00:00:00.000Z,51,Fishing,gothenborg,1
57.70704,11.65928,0,233,205,3,FISKE PLATS,DK,47,0,STELLA NOVA,2,156348,9,25,5,0,43,1,2016-12-17T06:39:06.000Z,gothenborg,2016-12-17T00:00:00.000Z,51,Fishing,gothenborg,1
57.70704,11.65928,0,233,205,3,FISKE PLATS,DK,47,0,STELLA NOVA,2,156348,9,25,5,0,43,1,2016-12-17T06:41:05.000Z,gothenborg,2016-12-17T00:00:00.000Z,51,Fishing,gothenborg,1
57.70704,11.65926,0,216,205,2,FISKE PLATS,DK,47,0,STELLA NOVA,2,156348,9,25,5,0,43,1,2016-12-17T06:43:05.000Z,gothenborg,2016-12-17T00:00:00.000Z,51,Fishing,gothenborg,1
57.70704,11.65924,0,253,206,2,FISKE PLATS,DK,47,0,STELLA NOVA,2,156348,9,25,5,0,43,1,2016-12-17T06:45:05.000Z,gothenborg,2016-12-17T00:00:00.000Z,51,Fishing,gothenborg,1
57.70704,11.65924,0,253,206,4,FISKE PLATS,DK,47,0,STELLA NOVA,2,156348,9,25,5,0,43,1,2016-12-17T06:47:05.000Z,gothenborg,2016-12-17T00:00:00.000Z,51,Fishing,gothenborg,1
57.70705,11.65926,0,198,205,2,FISKE PLATS,DK,47,0,STELLA NOVA,2,156348,9,25,5,0,43,1,2016-12-17T06:49:05.000Z,gothenborg,2016-12-17T00:00:00.000Z,51,Fishing,gothenborg,1
57.70705,11.65926,0,198,205,4,FISKE PLATS,DK,47,0,STELLA NOVA,2,156348,9,25,5,0,43,1,2016-12-17T06:51:05.000Z,gothenborg,2016-12-17T00:00:00.000Z,51,Fishing,gothenborg,1
57.70707,11.6593,0,248,205,3,FISKE PLATS,DK,47,0,STELLA NOVA,2,156348,9,25,5,0,43,1,2016-12-17T06:53:06.000Z,gothenborg,2016-12-17T00:00:00.000Z,51,Fishing,gothenborg,1
57.70707,11.6593,0,243,205,2,FISKE PLATS,DK,47,0,STELLA NOVA,2,156348,9,25,5,0,43,1,2016-12-17T06:55:06.000Z,gothenborg,2016-12-17T00:00:00.000Z,51,Fishing,gothenborg,1
57.70707,11.6593,0,243,205,4,FISKE PLATS,DK,47,0,STELLA NOVA,2,156348,9,25,5,0,43,1,2016-12-17T06:57:05.000Z,gothenborg,2016-12-17T00:00:00.000Z,51,Fishing,gothenborg,1
57.70707,11.65931,0,236,206,2,FISKE PLATS,DK,47,0,STELLA NOVA,2,156348,9,25,5,0,43,1,2016-12-17T06:59:05.000Z,gothenborg,2016-12-17T00:00:00.000Z,51,Fishing,gothenborg,1
57.70707,11.65931,0,236,206,4,FISKE PLATS,DK,47,0,STELLA NOVA,2,156348,9,25,5,0,43,1,2016-12-17T07:01:05.000Z,gothenborg,2016-12-17T00:00:00.000Z,51,Fishing,gothenborg,1
57.70706,11.6593,0,215,205,3,FISKE PLATS,DK,47,0,STELLA NOVA,2,156348,9,25,5,0,43,1,2016-12-17T07:03:05.000Z,gothenborg,2016-12-17T00:00:00.000Z,51,Fishing,gothenborg,1
57.70706,11.6593,0,215,205,3,FISKE PLATS,DK,47,0,STELLA NOVA,2,156348,9,25,5,0,43,1,2016-12-17T07:05:05.000Z,gothenborg,2016-12-17T00:00:00.000Z,51,Fishing,gothenborg,1
57.70705,11.65929,0,296,205,4,FISKE PLATS,DK,47,0,STELLA NOVA,2,156348,9,25,5,0,43,1,2016-12-17T07:07:05.000Z,gothenborg,2016-12-17T00:00:00.000Z,51,Fishing,gothenborg,1
57.70707,11.6593,0,254,205,2,FISKE PLATS,DK,47,0,STELLA NOVA,2,156348,9,25,5,0,43,1,2016-12-17T07:09:06.000Z,gothenborg,2016-12-17T00:00:00.000Z,51,Fishing,gothenborg,1
57.70707,11.6593,0,254,205,4,FISKE PLATS,DK,47,0,STELLA NOVA,2,156348,9,25,5,0,43,1,2016-12-17T07:11:05.000Z,gothenborg,2016-12-17T00:00:00.000Z,51,Fishing,gothenborg,1
57.70707,11.65928,0,257,205,2,FISKE PLATS,DK,47,0,STELLA NOVA,2,156348,9,25,5,0,43,1,2016-12-17T07:13:05.000Z,gothenborg,2016-12-17T00:00:00.000Z,51,Fishing,gothenborg,1
57.70707,11.65928,0,257,205,4,FISKE PLATS,DK,47,0,STELLA NOVA,2,156348,9,25,5,0,43,1,2016-12-17T07:15:05.000Z,gothenborg,2016-12-17T00:00:00.000Z,51,Fishing,gothenborg,1
57.70707,11.65928,0,258,205,2,FISKE PLATS,DK,47,0,STELLA NOVA,2,156348,9,25,5,0,43,1,2016-12-17T07:17:05.000Z,gothenborg,2016-12-17T00:00:00.000Z,51,Fishing,gothenborg,1
57.70707,11.65928,0,258,205,4,FISKE PLATS,DK,47,0,STELLA NOVA,2,156348,9,25,5,0,43,1,2016-12-17T07:19:05.000Z,gothenborg,2016-12-17T00:00:00.000Z,51,Fishing,gothenborg,1
57.70705,11.65928,0,232,205,2,FISKE PLATS,DK,47,0,STELLA NOVA,2,156348,9,25,5,0,43,1,2016-12-17T07:21:05.000Z,gothenborg,2016-12-17T00:00:00.000Z,51,Fishing,gothenborg,1
57.70705,11.65928,0,232,205,4,FISKE PLATS,DK,47,0,STELLA NOVA,2,156348,9,25,5,0,43,1,2016-12-17T07:23:05.000Z,gothenborg,2016-12-17T00:00:00.000Z,51,Fishing,gothenborg,1
57.70705,11.65928,0,232,205,6,FISKE PLATS,DK,47,0,STELLA NOVA,2,156348,9,25,5,0,43,1,2016-12-17T07:25:05.000Z,gothenborg,2016-12-17T00:00:00.000Z,51,Fishing,gothenborg,1
57.70705,11.65927,0,229,205,4,FISKE PLATS,DK,47,0,STELLA NOVA,2,156348,9,25,5,0,43,1,2016-12-17T07:27:05.000Z,gothenborg,2016-12-17T00:00:00.000Z,51,Fishing,gothenborg,1
57.70705,11.65927,0,229,205,6,FISKE PLATS,DK,47,0,STELLA NOVA,2,156348,9,25,5,0,43,1,2016-12-17T07:29:05.000Z,gothenborg,2016-12-17T00:00:00.000Z,51,Fishing,gothenborg,1
57.70706,11.65928,0,255,206,4,FISKE PLATS,DK,47,0,STELLA NOVA,2,156348,9,25,5,0,43,1,2016-12-17T07:31:05.000Z,gothenborg,2016-12-17T00:00:00.000Z,51,Fishing,gothenborg,1
57.70706,11.65928,0,255,206,6,FISKE PLATS,DK,47,0,STELLA NOVA,2,156348,9,25,5,0,43,1,2016-12-17T07:33:05.000Z,gothenborg,2016-12-17T00:00:00.000Z,51,Fishing,gothenborg,1
57.70705,11.65927,0,228,206,4,FISKE PLATS,DK,47,0,STELLA NOVA,2,156348,9,25,5,0,43,1,2016-12-17T07:35:05.000Z,gothenborg,2016-12-17T00:00:00.000Z,51,Fishing,gothenborg,1
57.70707,11.6593,0,291,205,2,FISKE PLATS,DK,47,0,STELLA NOVA,2,156348,9,25,5,0,43,1,2016-12-17T07:37:05.000Z,gothenborg,2016-12-17T00:00:00.000Z,51,Fishing,gothenborg,1
57.70707,11.6593,0,291,205,4,FISKE PLATS,DK,47,0,STELLA NOVA,2,156348,9,25,5,0,43,1,2016-12-17T07:39:06.000Z,gothenborg,2016-12-17T00:00:00.000Z,51,Fishing,gothenborg,1
57.70704,11.65931,0,301,205,2,FISKE PLATS,DK,47,0,STELLA NOVA,2,156348,9,25,5,0,43,1,2016-12-17T07:41:05.000Z,gothenborg,2016-12-17T00:00:00.000Z,51,Fishing,gothenborg,1
57.70704,11.65931,0,301,205,4,FISKE PLATS,DK,47,0,STELLA NOVA,2,156348,9,25,5,0,43,1,2016-12-17T07:43:05.000Z,gothenborg,2016-12-17T00:00:00.000Z,51,Fishing,gothenborg,1
57.70705,11.65927,0,278,206,3,FISKE PLATS,DK,47,0,STELLA NOVA,2,156348,9,25,5,0,43,1,2016-12-17T07:45:05.000Z,gothenborg,2016-12-17T00:00:00.000Z,51,Fishing,gothenborg,1
57.70705,11.65929,0,211,205,2,FISKE PLATS,DK,47,0,STELLA NOVA,2,156348,9,25,5,0,43,1,2016-12-17T07:47:05.000Z,gothenborg,2016-12-17T00:00:00.000Z,51,Fishing,gothenborg,1
57.70705,11.65929,0,211,205,4,FISKE PLATS,DK,47,0,STELLA NOVA,2,156348,9,25,5,0,43,1,2016-12-17T07:49:05.000Z,gothenborg,2016-12-17T00:00:00.000Z,51,Fishing,gothenborg,1
57.70704,11.65928,0,285,205,3,FISKE PLATS,DK,47,0,STELLA NOVA,2,156348,9,25,5,0,43,1,2016-12-17T07:51:05.000Z,gothenborg,2016-12-17T00:00:00.000Z,51,Fishing,gothenborg,1
57.70707,11.6593,0,298,205,2,FISKE PLATS,DK,47,0,STELLA NOVA,2,156348,9,25,5,0,43,1,2016-12-17T07:53:05.000Z,gothenborg,2016-12-17T00:00:00.000Z,51,Fishing,gothenborg,1
57.70707,11.6593,0,298,205,4,FISKE PLATS,DK,47,0,STELLA NOVA,2,156348,9,25,5,0,43,1,2016-12-17T07:55:05.000Z,gothenborg,2016-12-17T00:00:00.000Z,51,Fishing,gothenborg,1
57.70706,11.6593,0,302,207,3,FISKE PLATS,DK,47,0,STELLA NOVA,2,156348,9,25,5,0,43,1,2016-12-17T07:57:05.000Z,gothenborg,2016-12-17T00:00:00.000Z,51,Fishing,gothenborg,1
57.70706,11.6593,0,302,207,4,FISKE PLATS,DK,47,0,STELLA NOVA,2,156348,9,25,5,0,43,1,2016-12-17T07:59:05.000Z,gothenborg,2016-12-17T00:00:00.000Z,51,Fishing,gothenborg,1
57.70707,11.65928,0,309,206,3,FISKE PLATS,DK,47,0,STELLA NOVA,2,156348,9,25,5,0,43,1,2016-12-17T08:01:06.000Z,gothenborg,2016-12-17T00:00:00.000Z,51,Fishing,gothenborg,1
57.70707,11.65928,0,309,206,3,FISKE PLATS,DK,47,0,STELLA NOVA,2,156348,9,25,5,0,43,1,2016-12-17T08:03:05.000Z,gothenborg,2016-12-17T00:00:00.000Z,51,Fishing,gothenborg,1
57.70708,11.65928,0,305,206,3,FISKE PLATS,DK,47,0,STELLA NOVA,2,156348,9,25,5,0,43,1,2016-12-17T08:05:05.000Z,gothenborg,2016-12-17T00:00:00.000Z,51,Fishing,gothenborg,1
57.70708,11.65928,0,305,206,5,FISKE PLATS,DK,47,0,STELLA NOVA,2,156348,9,25,5,0,43,1,2016-12-17T08:07:05.000Z,gothenborg,2016-12-17T00:00:00.000Z,51,Fishing,gothenborg,1
57.70708,11.65928,0,311,205,3,FISKE PLATS,DK,47,0,STELLA NOVA,2,156348,9,25,5,0,43,1,2016-12-17T08:09:05.000Z,gothenborg,2016-12-17T00:00:00.000Z,51,Fishing,gothenborg,1
57.70708,11.65928,0,311,205,5,FISKE PLATS,DK,47,0,STELLA NOVA,2,156348,9,25,5,0,43,1,2016-12-17T08:11:05.000Z,gothenborg,2016-12-17T00:00:00.000Z,51,Fishing,gothenborg,1
57.70707,11.65929,0,287,206,2,FISKE PLATS,DK,47,0,STELLA NOVA,2,156348,9,25,5,0,43,1,2016-12-17T08:13:05.000Z,gothenborg,2016-12-17T00:00:00.000Z,51,Fishing,gothenborg,1
57.70707,11.65929,0,287,206,2,FISKE PLATS,DK,47,0,STELLA NOVA,2,156348,9,25,5,0,43,1,2016-12-17T08:15:06.000Z,gothenborg,2016-12-17T00:00:00.000Z,51,Fishing,gothenborg,1
57.70708,11.65929,0,275,206,3,FISKE PLATS,DK,47,0,STELLA NOVA,2,156348,9,25,5,0,43,1,2016-12-17T08:17:06.000Z,gothenborg,2016-12-17T00:00:00.000Z,51,Fishing,gothenborg,1
57.70707,11.65933,0,285,206,2,FISKE PLATS,DK,47,0,STELLA NOVA,2,156348,9,25,5,0,43,1,2016-12-17T08:19:05.000Z,gothenborg,2016-12-17T00:00:00.000Z,51,Fishing,gothenborg,1
57.70707,11.65933,0,285,206,4,FISKE PLATS,DK,47,0,STELLA NOVA,2,156348,9,25,5,0,43,1,2016-12-17T08:21:05.000Z,gothenborg,2016-12-17T00:00:00.000Z,51,Fishing,gothenborg,1
57.70707,11.65933,0,285,206,6,FISKE PLATS,DK,47,0,STELLA NOVA,2,156348,9,25,5,0,43,1,2016-12-17T08:23:05.000Z,gothenborg,2016-12-17T00:00:00.000Z,51,Fishing,gothenborg,1
57.70708,11.65928,0,305,206,4,FISKE PLATS,DK,47,0,STELLA NOVA,2,156348,9,25,5,0,43,1,2016-12-17T08:25:06.000Z,gothenborg,2016-12-17T00:00:00.000Z,51,Fishing,gothenborg,1
57.70708,11.65928,0,305,206,6,FISKE PLATS,DK,47,0,STELLA NOVA,2,156348,9,25,5,0,43,1,2016-12-17T08:27:05.000Z,gothenborg,2016-12-17T00:00:00.000Z,51,Fishing,gothenborg,1
57.70707,11.65931,0,322,206,3,FISKE PLATS,DK,47,0,STELLA NOVA,2,156348,9,25,5,0,43,1,2016-12-17T08:29:05.000Z,gothenborg,2016-12-17T00:00:00.000Z,51,Fishing,gothenborg,1
57.70707,11.65931,0,322,206,5,FISKE PLATS,DK,47,0,STELLA NOVA,2,156348,9,25,5,0,43,1,2016-12-17T08:31:05.000Z,gothenborg,2016-12-17T00:00:00.000Z,51,Fishing,gothenborg,1
57.70708,11.65928,0,321,206,3,FISKE PLATS,DK,47,0,STELLA NOVA,2,156348,9,25,5,0,43,1,2016-12-17T08:33:05.000Z,gothenborg,2016-12-17T00:00:00.000Z,51,Fishing,gothenborg,1
57.70708,11.65928,0,321,206,5,FISKE PLATS,DK,47,0,STELLA NOVA,2,156348,9,25,5,0,43,1,2016-12-17T08:35:05.000Z,gothenborg,2016-12-17T00:00:00.000Z,51,Fishing,gothenborg,1
57.70707,11.6593,0,319,205,3,FISKE PLATS,DK,47,0,STELLA NOVA,2,156348,9,25,5,0,43,1,2016-12-17T08:37:05.000Z,gothenborg,2016-12-17T00:00:00.000Z,51,Fishing,gothenborg,1
57.70707,11.6593,0,319,205,5,FISKE PLATS,DK,47,0,STELLA NOVA,2,156348,9,25,5,0,43,1,2016-12-17T08:39:05.000Z,gothenborg,2016-12-17T00:00:00.000Z,51,Fishing,gothenborg,1
57.70708,11.65933,0,306,206,3,FISKE PLATS,DK,47,0,STELLA NOVA,2,156348,9,25,5,0,43,1,2016-12-17T08:41:05.000Z,gothenborg,2016-12-17T00:00:00.000Z,51,Fishing,gothenborg,1
57.70708,11.65933,0,306,206,5,FISKE PLATS,DK,47,0,STELLA NOVA,2,156348,9,25,5,0,43,1,2016-12-17T08:43:04.000Z,gothenborg,2016-12-17T00:00:00.000Z,51,Fishing,gothenborg,1
57.70706,11.65929,0,289,206,3,FISKE PLATS,DK,47,0,STELLA NOVA,2,156348,9,25,5,0,43,1,2016-12-17T08:45:06.000Z,gothenborg,2016-12-17T00:00:00.000Z,51,Fishing,gothenborg,1
57.70706,11.65929,0,289,206,5,FISKE PLATS,DK,47,0,STELLA NOVA,2,156348,9,25,5,0,43,1,2016-12-17T08:47:05.000Z,gothenborg,2016-12-17T00:00:00.000Z,51,Fishing,gothenborg,1
57.70705,11.6593,0,332,205,3,FISKE PLATS,DK,47,0,STELLA NOVA,2,156348,9,25,5,0,43,1,2016-12-17T08:49:05.000Z,gothenborg,2016-12-17T00:00:00.000Z,51,Fishing,gothenborg,1
57.70705,11.6593,0,332,205,5,FISKE PLATS,DK,47,0,STELLA NOVA,2,156348,9,25,5,0,43,1,2016-12-17T08:51:05.000Z,gothenborg,2016-12-17T00:00:00.000Z,51,Fishing,gothenborg,1
57.70707,11.6593,0,42,205,3,FISKE PLATS,DK,47,0,STELLA NOVA,2,156348,9,25,5,0,43,1,2016-12-17T08:53:05.000Z,gothenborg,2016-12-17T00:00:00.000Z,51,Fishing,gothenborg,1
57.70707,11.6593,0,42,205,5,FISKE PLATS,DK,47,0,STELLA NOVA,2,156348,9,25,5,0,43,1,2016-12-17T08:55:05.000Z,gothenborg,2016-12-17T00:00:00.000Z,51,Fishing,gothenborg,1
57.70707,11.65929,0,200,205,3,FISKE PLATS,DK,47,0,STELLA NOVA,2,156348,9,25,5,0,43,1,2016-12-17T08:57:07.000Z,gothenborg,2016-12-17T00:00:00.000Z,51,Fishing,gothenborg,1
57.70707,11.65929,0,200,205,5,FISKE PLATS,DK,47,0,STELLA NOVA,2,156348,9,25,5,0,43,1,2016-12-17T08:59:05.000Z,gothenborg,2016-12-17T00:00:00.000Z,51,Fishing,gothenborg,1
57.70707,11.65931,0,317,205,3,FISKE PLATS,DK,47,0,STELLA NOVA,2,156348,9,25,5,0,43,1,2016-12-17T09:01:06.000Z,gothenborg,2016-12-17T00:00:00.000Z,51,Fishing,gothenborg,1
57.70707,11.65931,0,317,205,5,FISKE PLATS,DK,47,0,STELLA NOVA,2,156348,9,25,5,0,43,1,2016-12-17T09:03:04.000Z,gothenborg,2016-12-17T00:00:00.000Z,51,Fishing,gothenborg,1
57.70708,11.6593,0,349,205,3,FISKE PLATS,DK,47,0,STELLA NOVA,2,156348,9,25,5,0,43,1,2016-12-17T09:05:05.000Z,gothenborg,2016-12-17T00:00:00.000Z,51,Fishing,gothenborg,1
57.70708,11.6593,0,349,205,5,FISKE PLATS,DK,47,0,STELLA NOVA,2,156348,9,25,5,0,43,1,2016-12-17T09:07:05.000Z,gothenborg,2016-12-17T00:00:00.000Z,51,Fishing,gothenborg,1
57.70707,11.65931,0,186,204,4,FISKE PLATS,DK,47,0,STELLA NOVA,2,156348,9,25,5,0,43,1,2016-12-17T09:09:05.000Z,gothenborg,2016-12-17T00:00:00.000Z,51,Fishing,gothenborg,1
57.70707,11.65932,0,224,205,2,FISKE PLATS,DK,47,0,STELLA NOVA,2,156348,9,25,5,0,43,1,2016-12-17T09:11:05.000Z,gothenborg,2016-12-17T00:00:00.000Z,51,Fishing,gothenborg,1
57.70707,11.65932,0,224,205,4,FISKE PLATS,DK,47,0,STELLA NOVA,2,156348,9,25,5,0,43,1,2016-12-17T09:13:05.000Z,gothenborg,2016-12-17T00:00:00.000Z,51,Fishing,gothenborg,1
57.70707,11.6593,0,21,205,3,FISKE PLATS,DK,47,0,STELLA NOVA,2,156348,9,25,5,0,43,1,2016-12-17T09:15:05.000Z,gothenborg,2016-12-17T00:00:00.000Z,51,Fishing,gothenborg,1
57.70707,11.6593,0,21,205,3,FISKE PLATS,DK,47,0,STELLA NOVA,2,156348,9,25,5,0,43,1,2016-12-17T09:17:05.000Z,gothenborg,2016-12-17T00:00:00.000Z,51,Fishing,gothenborg,1
57.70707,11.65931,0,30,205,4,FISKE PLATS,DK,47,0,STELLA NOVA,2,156348,9,25,5,0,43,1,2016-12-17T09:19:05.000Z,gothenborg,2016-12-17T00:00:00.000Z,51,Fishing,gothenborg,1
57.70707,11.6593,0,255,204,3,FISKE PLATS,DK,47,0,STELLA NOVA,2,156348,9,25,5,0,43,1,2016-12-17T09:21:05.000Z,gothenborg,2016-12-17T00:00:00.000Z,51,Fishing,gothenborg,1
57.70707,11.6593,0,255,204,5,FISKE PLATS,DK,47,0,STELLA NOVA,2,156348,9,25,5,0,43,1,2016-12-17T09:23:05.000Z,gothenborg,2016-12-17T00:00:00.000Z,51,Fishing,gothenborg,1
57.70707,11.65929,0,209,205,3,FISKE PLATS,DK,47,0,STELLA NOVA,2,156348,9,25,5,0,43,1,2016-12-17T09:25:04.000Z,gothenborg,2016-12-17T00:00:00.000Z,51,Fishing,gothenborg,1
57.70707,11.6593,0,255,204,2,FISKE PLATS,DK,47,0,STELLA NOVA,2,156348,9,25,5,0,43,1,2016-12-17T09:27:05.000Z,gothenborg,2016-12-17T00:00:00.000Z,51,Fishing,gothenborg,1
57.70707,11.6593,0,255,204,3,FISKE PLATS,DK,47,0,STELLA NOVA,2,156348,9,25,5,0,43,1,2016-12-17T09:29:06.000Z,gothenborg,2016-12-17T00:00:00.000Z,51,Fishing,gothenborg,1
57.70707,11.65931,0,289,205,2,FISKE PLATS,DK,47,0,STELLA NOVA,2,156348,9,25,5,0,43,1,2016-12-17T09:31:04.000Z,gothenborg,2016-12-17T00:00:00.000Z,51,Fishing,gothenborg,1
57.70707,11.65931,0,289,205,4,FISKE PLATS,DK,47,0,STELLA NOVA,2,156348,9,25,5,0,43,1,2016-12-17T09:33:05.000Z,gothenborg,2016-12-17T00:00:00.000Z,51,Fishing,gothenborg,1
57.70707,11.65931,0,289,205,4,FISKE PLATS,DK,47,0,STELLA NOVA,2,156348,9,25,5,0,43,1,2016-12-17T09:35:05.000Z,gothenborg,2016-12-17T00:00:00.000Z,51,Fishing,gothenborg,1
57.70707,11.65929,0,313,205,4,FISKE PLATS,DK,47,0,STELLA NOVA,2,156348,9,25,5,0,43,1,2016-12-17T09:37:05.000Z,gothenborg,2016-12-17T00:00:00.000Z,51,Fishing,gothenborg,1
57.70707,11.6593,0,255,205,2,FISKE PLATS,DK,47,0,STELLA NOVA,2,156348,9,25,5,0,43,1,2016-12-17T09:39:05.000Z,gothenborg,2016-12-17T00:00:00.000Z,51,Fishing,gothenborg,1
57.70707,11.6593,0,255,205,4,FISKE PLATS,DK,47,0,STELLA NOVA,2,156348,9,25,5,0,43,1,2016-12-17T09:41:05.000Z,gothenborg,2016-12-17T00:00:00.000Z,51,Fishing,gothenborg,1
57.70707,11.6593,0,255,205,5,FISKE PLATS,DK,47,0,STELLA NOVA,2,156348,9,25,5,0,43,1,2016-12-17T09:43:05.000Z,gothenborg,2016-12-17T00:00:00.000Z,51,Fishing,gothenborg,1
57.70706,11.65927,0,252,205,4,FISKE PLATS,DK,47,0,STELLA NOVA,2,156348,9,25,5,0,43,1,2016-12-17T09:45:06.000Z,gothenborg,2016-12-17T00:00:00.000Z,51,Fishing,gothenborg,1
57.70707,11.65931,0,282,205,2,FISKE PLATS,DK,47,0,STELLA NOVA,2,156348,9,25,5,0,43,1,2016-12-17T09:47:06.000Z,gothenborg,2016-12-17T00:00:00.000Z,51,Fishing,gothenborg,1
57.70707,11.65931,0,282,205,4,FISKE PLATS,DK,47,0,STELLA NOVA,2,156348,9,25,5,0,43,1,2016-12-17T09:49:04.000Z,gothenborg,2016-12-17T00:00:00.000Z,51,Fishing,gothenborg,1
57.70707,11.65931,0,241,205,3,FISKE PLATS,DK,47,0,STELLA NOVA,2,156348,9,25,5,0,43,1,2016-12-17T09:51:05.000Z,gothenborg,2016-12-17T00:00:00.000Z,51,Fishing,gothenborg,1
57.70707,11.65931,0,241,205,5,FISKE PLATS,DK,47,0,STELLA NOVA,2,156348,9,25,5,0,43,1,2016-12-17T09:53:05.000Z,gothenborg,2016-12-17T00:00:00.000Z,51,Fishing,gothenborg,1
57.70707,11.65932,0,266,205,3,FISKE PLATS,DK,47,0,STELLA NOVA,2,156348,9,25,5,0,43,1,2016-12-17T09:55:05.000Z,gothenborg,2016-12-17T00:00:00.000Z,51,Fishing,gothenborg,1
57.70707,11.65928,0,283,205,2,FISKE PLATS,DK,47,0,STELLA NOVA,2,156348,9,25,5,0,43,1,2016-12-17T09:57:05.000Z,gothenborg,2016-12-17T00:00:00.000Z,51,Fishing,gothenborg,1
57.70707,11.65928,0,283,205,2,FISKE PLATS,DK,47,0,STELLA NOVA,2,156348,9,25,5,0,43,1,2016-12-17T09:59:04.000Z,gothenborg,2016-12-17T00:00:00.000Z,51,Fishing,gothenborg,1
57.70706,11.65926,0,262,205,2,FISKE PLATS,DK,47,0,STELLA NOVA,2,156348,9,25,5,0,43,1,2016-12-17T10:01:05.000Z,gothenborg,2016-12-17T00:00:00.000Z,51,Fishing,gothenborg,1
57.70706,11.65926,0,262,205,4,FISKE PLATS,DK,47,0,STELLA NOVA,2,156348,9,25,5,0,43,1,2016-12-17T10:03:06.000Z,gothenborg,2016-12-17T00:00:00.000Z,51,Fishing,gothenborg,1
57.70707,11.6593,0,278,205,3,FISKE PLATS,DK,47,0,STELLA NOVA,2,156348,9,25,5,0,43,1,2016-12-17T10:05:05.000Z,gothenborg,2016-12-17T00:00:00.000Z,51,Fishing,gothenborg,1
57.70707,11.6593,0,278,205,5,FISKE PLATS,DK,47,0,STELLA NOVA,2,156348,9,25,5,0,43,1,2016-12-17T10:07:05.000Z,gothenborg,2016-12-17T00:00:00.000Z,51,Fishing,gothenborg,1
57.70705,11.65928,0,260,205,4,FISKE PLATS,DK,47,0,STELLA NOVA,2,156348,9,25,5,0,43,1,2016-12-17T10:09:06.000Z,gothenborg,2016-12-17T00:00:00.000Z,51,Fishing,gothenborg,1
57.70705,11.65928,0,260,205,6,FISKE PLATS,DK,47,0,STELLA NOVA,2,156348,9,25,5,0,43,1,2016-12-17T10:11:05.000Z,gothenborg,2016-12-17T00:00:00.000Z,51,Fishing,gothenborg,1
57.70707,11.65928,0,281,206,3,FISKE PLATS,DK,47,0,STELLA NOVA,2,156348,9,25,5,0,43,1,2016-12-17T10:13:06.000Z,gothenborg,2016-12-17T00:00:00.000Z,51,Fishing,gothenborg,1
57.70707,11.65928,0,281,206,5,FISKE PLATS,DK,47,0,STELLA NOVA,2,156348,9,25,5,0,43,1,2016-12-17T10:15:05.000Z,gothenborg,2016-12-17T00:00:00.000Z,51,Fishing,gothenborg,1
57.70706,11.6593,0,320,205,3,FISKE PLATS,DK,47,0,STELLA NOVA,2,156348,9,25,5,0,43,1,2016-12-17T10:17:05.000Z,gothenborg,2016-12-17T00:00:00.000Z,51,Fishing,gothenborg,1
57.70706,11.6593,0,320,205,5,FISKE PLATS,DK,47,0,STELLA NOVA,2,156348,9,25,5,0,43,1,2016-12-17T10:19:06.000Z,gothenborg,2016-12-17T00:00:00.000Z,51,Fishing,gothenborg,1
57.70706,11.6593,0,320,205,5,FISKE PLATS,DK,47,0,STELLA NOVA,2,156348,9,25,5,0,43,1,2016-12-17T10:21:05.000Z,gothenborg,2016-12-17T00:00:00.000Z,51,Fishing,gothenborg,1
57.70706,11.6593,0,275,205,5,FISKE PLATS,DK,47,0,STELLA NOVA,2,156348,9,25,5,0,43,1,2016-12-17T10:23:05.000Z,gothenborg,2016-12-17T00:00:00.000Z,51,Fishing,gothenborg,1
57.70705,11.65929,0,270,205,3,FISKE PLATS,DK,47,0,STELLA NOVA,2,156348,9,25,5,0,43,1,2016-12-17T10:25:05.000Z,gothenborg,2016-12-17T00:00:00.000Z,51,Fishing,gothenborg,1
57.70705,11.65929,0,270,205,5,FISKE PLATS,DK,47,0,STELLA NOVA,2,156348,9,25,5,0,43,1,2016-12-17T10:27:05.000Z,gothenborg,2016-12-17T00:00:00.000Z,51,Fishing,gothenborg,1
57.70707,11.6593,0,239,206,4,FISKE PLATS,DK,47,0,STELLA NOVA,2,156348,9,25,5,0,43,1,2016-12-17T10:29:05.000Z,gothenborg,2016-12-17T00:00:00.000Z,51,Fishing,gothenborg,1
57.70706,11.6593,0,276,205,1,FISKE PLATS,DK,47,0,STELLA NOVA,2,156348,9,25,5,0,43,1,2016-12-17T10:31:04.000Z,gothenborg,2016-12-17T00:00:00.000Z,51,Fishing,gothenborg,1
57.70706,11.6593,0,276,205,4,FISKE PLATS,DK,47,0,STELLA NOVA,2,156348,9,25,5,0,43,1,2016-12-17T10:33:05.000Z,gothenborg,2016-12-17T00:00:00.000Z,51,Fishing,gothenborg,1
57.70706,11.6593,0,273,205,3,FISKE PLATS,DK,47,0,STELLA NOVA,2,156348,9,25,5,0,43,1,2016-12-17T10:35:05.000Z,gothenborg,2016-12-17T00:00:00.000Z,51,Fishing,gothenborg,1
57.70706,11.6593,0,273,205,3,FISKE PLATS,DK,47,0,STELLA NOVA,2,156348,9,25,5,0,43,1,2016-12-17T10:37:05.000Z,gothenborg,2016-12-17T00:00:00.000Z,51,Fishing,gothenborg,1
57.70706,11.65926,0,288,205,4,FISKE PLATS,DK,47,0,STELLA NOVA,2,156348,9,25,5,0,43,1,2016-12-17T10:39:04.000Z,gothenborg,2016-12-17T00:00:00.000Z,51,Fishing,gothenborg,1
57.70707,11.65928,0,282,205,2,FISKE PLATS,DK,47,0,STELLA NOVA,2,156348,9,25,5,0,43,1,2016-12-17T10:41:05.000Z,gothenborg,2016-12-17T00:00:00.000Z,51,Fishing,gothenborg,1
57.70707,11.65928,0,282,205,4,FISKE PLATS,DK,47,0,STELLA NOVA,2,156348,9,25,5,0,43,1,2016-12-17T10:43:05.000Z,gothenborg,2016-12-17T00:00:00.000Z,51,Fishing,gothenborg,1
57.70707,11.65927,0,269,205,2,FISKE PLATS,DK,47,0,STELLA NOVA,2,156348,9,25,5,0,43,1,2016-12-17T10:45:05.000Z,gothenborg,2016-12-17T00:00:00.000Z,51,Fishing,gothenborg,1
57.70707,11.65927,0,269,205,4,FISKE PLATS,DK,47,0,STELLA NOVA,2,156348,9,25,5,0,43,1,2016-12-17T10:47:05.000Z,gothenborg,2016-12-17T00:00:00.000Z,51,Fishing,gothenborg,1
57.70707,11.65931,0,279,205,2,FISKE PLATS,DK,47,0,STELLA NOVA,2,156348,9,25,5,0,43,1,2016-12-17T10:49:05.000Z,gothenborg,2016-12-17T00:00:00.000Z,51,Fishing,gothenborg,1
57.70707,11.65931,0,279,205,4,FISKE PLATS,DK,47,0,STELLA NOVA,2,156348,9,25,5,0,43,1,2016-12-17T10:51:05.000Z,gothenborg,2016-12-17T00:00:00.000Z,51,Fishing,gothenborg,1
57.70707,11.65931,0,279,205,6,FISKE PLATS,DK,47,0,STELLA NOVA,2,156348,9,25,5,0,43,1,2016-12-17T10:53:04.000Z,gothenborg,2016-12-17T00:00:00.000Z,51,Fishing,gothenborg,1
57.70707,11.65931,0,279,205,6,FISKE PLATS,DK,47,0,STELLA NOVA,2,156348,9,25,5,0,43,1,2016-12-17T10:55:05.000Z,gothenborg,2016-12-17T00:00:00.000Z,51,Fishing,gothenborg,1
57.70706,11.65928,0,215,206,6,FISKE PLATS,DK,47,0,STELLA NOVA,2,156348,9,25,5,0,43,1,2016-12-17T10:57:06.000Z,gothenborg,2016-12-17T00:00:00.000Z,51,Fishing,gothenborg,1
57.70709,11.65928,0,274,206,4,FISKE PLATS,DK,47,0,STELLA NOVA,2,156348,9,25,5,0,43,1,2016-12-17T10:59:05.000Z,gothenborg,2016-12-17T00:00:00.000Z,51,Fishing,gothenborg,1
57.70709,11.65928,0,274,206,6,FISKE PLATS,DK,47,0,STELLA NOVA,2,156348,9,25,5,0,43,1,2016-12-17T11:01:05.000Z,gothenborg,2016-12-17T00:00:00.000Z,51,Fishing,gothenborg,1
57.70707,11.65928,0,279,205,3,FISKE PLATS,DK,47,0,STELLA NOVA,2,156348,9,25,5,0,43,1,2016-12-17T11:03:05.000Z,gothenborg,2016-12-17T00:00:00.000Z,51,Fishing,gothenborg,1
57.70707,11.65928,0,279,205,3,FISKE PLATS,DK,47,0,STELLA NOVA,2,156348,9,25,5,0,43,1,2016-12-17T11:05:05.000Z,gothenborg,2016-12-17T00:00:00.000Z,51,Fishing,gothenborg,1
57.70705,11.6593,0,234,205,2,FISKE PLATS,DK,47,0,STELLA NOVA,2,156348,9,25,5,0,43,1,2016-12-17T11:07:05.000Z,gothenborg,2016-12-17T00:00:00.000Z,51,Fishing,gothenborg,1
57.70705,11.6593,0,234,205,5,FISKE PLATS,DK,47,0,STELLA NOVA,2,156348,9,25,5,0,43,1,2016-12-17T11:09:05.000Z,gothenborg,2016-12-17T00:00:00.000Z,51,Fishing,gothenborg,1
57.70705,11.6593,0,234,205,6,FISKE PLATS,DK,47,0,STELLA NOVA,2,156348,9,25,5,0,43,1,2016-12-17T11:11:05.000Z,gothenborg,2016-12-17T00:00:00.000Z,51,Fishing,gothenborg,1
57.70706,11.65929,0,256,205,5,FISKE PLATS,DK,47,0,STELLA NOVA,2,156348,9,25,5,0,43,1,2016-12-17T11:13:05.000Z,gothenborg,2016-12-17T00:00:00.000Z,51,Fishing,gothenborg,1
57.70707,11.6593,0,236,205,3,FISKE PLATS,DK,47,0,STELLA NOVA,2,156348,9,25,5,0,43,1,2016-12-17T11:15:06.000Z,gothenborg,2016-12-17T00:00:00.000Z,51,Fishing,gothenborg,1
57.70707,11.6593,0,236,205,3,FISKE PLATS,DK,47,0,STELLA NOVA,2,156348,9,25,5,0,43,1,2016-12-17T11:17:05.000Z,gothenborg,2016-12-17T00:00:00.000Z,51,Fishing,gothenborg,1
57.70705,11.65933,0,296,205,3,FISKE PLATS,DK,47,0,STELLA NOVA,2,156348,9,25,5,0,43,1,2016-12-17T11:19:05.000Z,gothenborg,2016-12-17T00:00:00.000Z,51,Fishing,gothenborg,1
57.70705,11.65933,0,296,205,5,FISKE PLATS,DK,47,0,STELLA NOVA,2,156348,9,25,5,0,43,1,2016-12-17T11:21:05.000Z,gothenborg,2016-12-17T00:00:00.000Z,51,Fishing,gothenborg,1
57.70706,11.65929,0,290,205,2,FISKE PLATS,DK,47,0,STELLA NOVA,2,156348,9,25,5,0,43,1,2016-12-17T11:23:06.000Z,gothenborg,2016-12-17T00:00:00.000Z,51,Fishing,gothenborg,1
57.70706,11.65929,0,290,205,4,FISKE PLATS,DK,47,0,STELLA NOVA,2,156348,9,25,5,0,43,0,2016-12-17T11:25:05.000Z,gothenborg,2016-12-17T00:00:00.000Z,51,Fishing,gothenborg,1
57.70705,11.6593,0,310,206,2,FISKE PLATS,DK,47,0,STELLA NOVA,2,156348,9,25,5,0,43,1,2016-12-17T11:27:06.000Z,gothenborg,2016-12-17T00:00:00.000Z,51,Fishing,gothenborg,1
57.70705,11.6593,0,310,206,4,FISKE PLATS,DK,47,0,STELLA NOVA,2,156348,9,25,5,0,43,1,2016-12-17T11:29:05.000Z,gothenborg,2016-12-17T00:00:00.000Z,51,Fishing,gothenborg,1
57.70705,11.6593,0,310,206,6,FISKE PLATS,DK,47,0,STELLA NOVA,2,156348,9,25,5,0,43,1,2016-12-17T11:31:05.000Z,gothenborg,2016-12-17T00:00:00.000Z,51,Fishing,gothenborg,1
57.70707,11.65928,0,294,206,3,FISKE PLATS,DK,47,0,STELLA NOVA,2,156348,9,25,5,0,43,1,2016-12-17T11:33:05.000Z,gothenborg,2016-12-17T00:00:00.000Z,51,Fishing,gothenborg,1
57.70707,11.65928,0,294,206,5,FISKE PLATS,DK,47,0,STELLA NOVA,2,156348,9,25,5,0,43,1,2016-12-17T11:35:05.000Z,gothenborg,2016-12-17T00:00:00.000Z,51,Fishing,gothenborg,1
57.70706,11.65928,0,312,206,3,FISKE PLATS,DK,47,0,STELLA NOVA,2,156348,9,25,5,0,43,1,2016-12-17T11:37:05.000Z,gothenborg,2016-12-17T00:00:00.000Z,51,Fishing,gothenborg,1
57.70706,11.65928,0,312,206,5,FISKE PLATS,DK,47,0,STELLA NOVA,2,156348,9,25,5,0,43,1,2016-12-17T11:39:05.000Z,gothenborg,2016-12-17T00:00:00.000Z,51,Fishing,gothenborg,1
57.70707,11.6593,0,311,205,3,FISKE PLATS,DK,47,0,STELLA NOVA,2,156348,9,25,5,0,43,1,2016-12-17T11:41:05.000Z,gothenborg,2016-12-17T00:00:00.000Z,51,Fishing,gothenborg,1
57.70707,11.6593,0,311,205,5,FISKE PLATS,DK,47,0,STELLA NOVA,2,156348,9,25,5,0,43,1,2016-12-17T11:43:04.000Z,gothenborg,2016-12-17T00:00:00.000Z,51,Fishing,gothenborg,1
57.70707,11.6593,0,334,206,3,FISKE PLATS,DK,47,0,STELLA NOVA,2,156348,9,25,5,0,43,1,2016-12-17T11:45:05.000Z,gothenborg,2016-12-17T00:00:00.000Z,51,Fishing,gothenborg,1
57.70704,11.6593,0,347,205,2,FISKE PLATS,DK,47,0,STELLA NOVA,2,156348,9,25,5,0,43,1,2016-12-17T11:47:05.000Z,gothenborg,2016-12-17T00:00:00.000Z,51,Fishing,gothenborg,1
57.70704,11.6593,0,347,205,4,FISKE PLATS,DK,47,0,STELLA NOVA,2,156348,9,25,5,0,43,1,2016-12-17T11:49:05.000Z,gothenborg,2016-12-17T00:00:00.000Z,51,Fishing,gothenborg,1
57.70705,11.6593,0,339,205,3,FISKE PLATS,DK,47,0,STELLA NOVA,2,156348,9,25,5,0,43,1,2016-12-17T11:51:06.000Z,gothenborg,2016-12-17T00:00:00.000Z,51,Fishing,gothenborg,1
57.70705,11.6593,0,339,205,4,FISKE PLATS,DK,47,0,STELLA NOVA,2,156348,9,25,5,0,43,1,2016-12-17T11:53:05.000Z,gothenborg,2016-12-17T00:00:00.000Z,51,Fishing,gothenborg,1
57.70706,11.65931,0,6,205,2,FISKE PLATS,DK,47,0,STELLA NOVA,2,156348,9,25,5,0,43,1,2016-12-17T11:55:04.000Z,gothenborg,2016-12-17T00:00:00.000Z,51,Fishing,gothenborg,1
57.70706,11.65931,0,6,205,5,FISKE PLATS,DK,47,0,STELLA NOVA,2,156348,9,25,5,0,43,1,2016-12-17T11:57:05.000Z,gothenborg,2016-12-17T00:00:00.000Z,51,Fishing,gothenborg,1
57.70705,11.65929,0,4,205,3,FISKE PLATS,DK,47,0,STELLA NOVA,2,156348,9,25,5,0,43,1,2016-12-17T11:59:05.000Z,gothenborg,2016-12-17T00:00:00.000Z,51,Fishing,gothenborg,1
57.70707,11.6593,0,329,205,2,FISKE PLATS,DK,47,0,STELLA NOVA,2,156348,9,25,5,0,43,1,2016-12-17T12:01:05.000Z,gothenborg,2016-12-17T00:00:00.000Z,51,Fishing,gothenborg,1
57.70707,11.6593,0,329,205,4,FISKE PLATS,DK,47,0,STELLA NOVA,2,156348,9,25,5,0,43,1,2016-12-17T12:03:05.000Z,gothenborg,2016-12-17T00:00:00.000Z,51,Fishing,gothenborg,1
57.70707,11.6593,0,329,205,4,FISKE PLATS,DK,47,0,STELLA NOVA,2,156348,9,25,5,0,43,1,2016-12-17T12:05:05.000Z,gothenborg,2016-12-17T00:00:00.000Z,51,Fishing,gothenborg,1
57.70705,11.65929,0,107,205,5,FISKE PLATS,DK,47,0,STELLA NOVA,2,156348,9,25,5,0,43,1,2016-12-17T12:07:06.000Z,gothenborg,2016-12-17T00:00:00.000Z,51,Fishing,gothenborg,1
57.70707,11.6593,0,146,205,3,FISKE PLATS,DK,47,0,STELLA NOVA,2,156348,9,25,5,0,43,1,2016-12-17T12:09:05.000Z,gothenborg,2016-12-17T00:00:00.000Z,51,Fishing,gothenborg,1
57.70707,11.6593,0,146,205,5,FISKE PLATS,DK,47,0,STELLA NOVA,2,156348,9,25,5,0,43,1,2016-12-17T12:11:05.000Z,gothenborg,2016-12-17T00:00:00.000Z,51,Fishing,gothenborg,1
57.70706,11.65929,0,270,205,2,FISKE PLATS,DK,47,0,STELLA NOVA,2,156348,9,25,5,0,43,1,2016-12-17T12:13:05.000Z,gothenborg,2016-12-17T00:00:00.000Z,51,Fishing,gothenborg,1
57.70706,11.65929,0,270,205,3,FISKE PLATS,DK,47,0,STELLA NOVA,2,156348,9,25,5,0,43,1,2016-12-17T12:15:05.000Z,gothenborg,2016-12-17T00:00:00.000Z,51,Fishing,gothenborg,1
57.70707,11.65929,0,201,205,3,FISKE PLATS,DK,47,0,STELLA NOVA,2,156348,9,25,5,0,43,1,2016-12-17T12:17:05.000Z,gothenborg,2016-12-17T00:00:00.000Z,51,Fishing,gothenborg,1
57.70707,11.65929,0,201,205,5,FISKE PLATS,DK,47,0,STELLA NOVA,2,156348,9,25,5,0,43,1,2016-12-17T12:19:05.000Z,gothenborg,2016-12-17T00:00:00.000Z,51,Fishing,gothenborg,1
57.70705,11.65928,0,267,205,3,FISKE PLATS,DK,47,0,STELLA NOVA,2,156348,9,25,5,0,43,1,2016-12-17T12:21:05.000Z,gothenborg,2016-12-17T00:00:00.000Z,51,Fishing,gothenborg,1
57.70707,11.6593,0,239,205,2,FISKE PLATS,DK,47,0,STELLA NOVA,2,156348,9,25,5,0,43,1,2016-12-17T12:23:06.000Z,gothenborg,2016-12-17T00:00:00.000Z,51,Fishing,gothenborg,1
57.70707,11.6593,0,239,205,4,FISKE PLATS,DK,47,0,STELLA NOVA,2,156348,9,25,5,0,43,1,2016-12-17T12:25:05.000Z,gothenborg,2016-12-17T00:00:00.000Z,51,Fishing,gothenborg,1
57.70707,11.6593,0,181,205,3,FISKE PLATS,DK,47,0,STELLA NOVA,2,156348,9,25,5,0,43,1,2016-12-17T12:27:06.000Z,gothenborg,2016-12-17T00:00:00.000Z,51,Fishing,gothenborg,1
57.70707,11.6593,0,181,205,5,FISKE PLATS,DK,47,0,STELLA NOVA,2,156348,9,25,5,0,43,1,2016-12-17T12:29:05.000Z,gothenborg,2016-12-17T00:00:00.000Z,51,Fishing,gothenborg,1
57.70707,11.65932,0,356,205,3,FISKE PLATS,DK,47,0,STELLA NOVA,2,156348,9,25,5,0,43,1,2016-12-17T12:31:05.000Z,gothenborg,2016-12-17T00:00:00.000Z,51,Fishing,gothenborg,1
57.70707,11.65932,0,356,205,5,FISKE PLATS,DK,47,0,STELLA NOVA,2,156348,9,25,5,0,43,1,2016-12-17T12:33:06.000Z,gothenborg,2016-12-17T00:00:00.000Z,51,Fishing,gothenborg,1
57.70707,11.65932,0,356,205,5,FISKE PLATS,DK,47,0,STELLA NOVA,2,156348,9,25,5,0,43,1,2016-12-17T12:35:06.000Z,gothenborg,2016-12-17T00:00:00.000Z,51,Fishing,gothenborg,1
57.70706,11.65932,0,31,205,5,FISKE PLATS,DK,47,0,STELLA NOVA,2,156348,9,25,5,0,43,1,2016-12-17T12:37:05.000Z,gothenborg,2016-12-17T00:00:00.000Z,51,Fishing,gothenborg,1
57.70707,11.65928,0,332,205,2,FISKE PLATS,DK,47,0,STELLA NOVA,2,156348,9,25,5,0,43,1,2016-12-17T12:39:08.000Z,gothenborg,2016-12-17T00:00:00.000Z,51,Fishing,gothenborg,1
57.70707,11.65928,0,332,205,4,FISKE PLATS,DK,47,0,STELLA NOVA,2,156348,9,25,5,0,43,1,2016-12-17T12:41:04.000Z,gothenborg,2016-12-17T00:00:00.000Z,51,Fishing,gothenborg,1
57.70706,11.6593,0,313,204,2,FISKE PLATS,DK,47,0,STELLA NOVA,2,156348,9,25,5,0,43,1,2016-12-17T12:43:05.000Z,gothenborg,2016-12-17T00:00:00.000Z,51,Fishing,gothenborg,1
57.70706,11.6593,0,313,204,2,FISKE PLATS,DK,47,0,STELLA NOVA,2,156348,9,25,5,0,43,1,2016-12-17T12:45:05.000Z,gothenborg,2016-12-17T00:00:00.000Z,51,Fishing,gothenborg,1
57.70703,11.65932,0,284,205,2,FISKE PLATS,DK,47,0,STELLA NOVA,2,156348,9,25,5,0,43,1,2016-12-17T12:47:05.000Z,gothenborg,2016-12-17T00:00:00.000Z,51,Fishing,gothenborg,1
57.70703,11.65932,0,284,205,4,FISKE PLATS,DK,47,0,STELLA NOVA,2,156348,9,25,5,0,43,1,2016-12-17T12:49:04.000Z,gothenborg,2016-12-17T00:00:00.000Z,51,Fishing,gothenborg,1
57.70705,11.65932,0,332,206,2,FISKE PLATS,DK,47,0,STELLA NOVA,2,156348,9,25,5,0,43,1,2016-12-17T12:51:05.000Z,gothenborg,2016-12-17T00:00:00.000Z,51,Fishing,gothenborg,1
57.70705,11.65932,0,332,206,4,FISKE PLATS,DK,47,0,STELLA NOVA,2,156348,9,25,5,0,43,1,2016-12-17T12:53:05.000Z,gothenborg,2016-12-17T00:00:00.000Z,51,Fishing,gothenborg,1
57.70705,11.65932,0,332,206,6,FISKE PLATS,DK,47,0,STELLA NOVA,2,156348,9,25,5,0,43,1,2016-12-17T12:55:04.000Z,gothenborg,2016-12-17T00:00:00.000Z,51,Fishing,gothenborg,1
57.70705,11.65928,0,224,205,3,FISKE PLATS,DK,47,0,STELLA NOVA,2,156348,9,25,5,0,43,1,2016-12-17T12:57:05.000Z,gothenborg,2016-12-17T00:00:00.000Z,51,Fishing,gothenborg,1
57.70704,11.65934,0,306,205,2,FISKE PLATS,DK,47,0,STELLA NOVA,2,156348,9,25,5,0,43,1,2016-12-17T12:59:05.000Z,gothenborg,2016-12-17T00:00:00.000Z,51,Fishing,gothenborg,1
57.70704,11.65934,0,306,205,4,FISKE PLATS,DK,47,0,STELLA NOVA,2,156348,9,25,5,0,43,1,2016-12-17T13:01:05.000Z,gothenborg,2016-12-17T00:00:00.000Z,51,Fishing,gothenborg,1
57.70704,11.65931,0,234,206,3,FISKE PLATS,DK,47,0,STELLA NOVA,2,156348,9,25,5,0,43,1,2016-12-17T13:03:05.000Z,gothenborg,2016-12-17T00:00:00.000Z,51,Fishing,gothenborg,1
57.70704,11.65931,0,234,206,5,FISKE PLATS,DK,47,0,STELLA NOVA,2,156348,9,25,5,0,43,1,2016-12-17T13:05:05.000Z,gothenborg,2016-12-17T00:00:00.000Z,51,Fishing,gothenborg,1
57.70705,11.6593,0,281,205,2,FISKE PLATS,DK,47,0,STELLA NOVA,2,156348,9,25,5,0,43,1,2016-12-17T13:07:05.000Z,gothenborg,2016-12-17T00:00:00.000Z,51,Fishing,gothenborg,1
57.70706,11.6593,0,256,205,2,FISKE PLATS,DK,47,0,STELLA NOVA,2,156348,9,25,5,0,43,1,2016-12-17T13:09:05.000Z,gothenborg,2016-12-17T00:00:00.000Z,51,Fishing,gothenborg,1
57.70706,11.6593,0,256,205,4,FISKE PLATS,DK,47,0,STELLA NOVA,2,156348,9,25,5,0,43,1,2016-12-17T13:11:05.000Z,gothenborg,2016-12-17T00:00:00.000Z,51,Fishing,gothenborg,1
57.70707,11.6593,0,304,205,2,FISKE PLATS,DK,47,0,STELLA NOVA,2,156348,9,25,5,0,43,1,2016-12-17T13:13:05.000Z,gothenborg,2016-12-17T00:00:00.000Z,51,Fishing,gothenborg,1
57.70707,11.6593,0,304,205,4,FISKE PLATS,DK,47,0,STELLA NOVA,2,156348,9,25,5,0,43,1,2016-12-17T13:15:05.000Z,gothenborg,2016-12-17T00:00:00.000Z,51,Fishing,gothenborg,1
57.70705,11.65931,0,263,205,2,FISKE PLATS,DK,47,0,STELLA NOVA,2,156348,9,25,5,0,43,1,2016-12-17T13:17:05.000Z,gothenborg,2016-12-17T00:00:00.000Z,51,Fishing,gothenborg,1
57.70705,11.65931,0,263,205,4,FISKE PLATS,DK,47,0,STELLA NOVA,2,156348,9,25,5,0,43,1,2016-12-17T13:19:05.000Z,gothenborg,2016-12-17T00:00:00.000Z,51,Fishing,gothenborg,1
57.70707,11.6593,0,233,205,2,FISKE PLATS,DK,47,0,STELLA NOVA,2,156348,9,25,5,0,43,1,2016-12-17T13:21:05.000Z,gothenborg,2016-12-17T00:00:00.000Z,51,Fishing,gothenborg,1
57.70707,11.6593,0,233,205,4,FISKE PLATS,DK,47,0,STELLA NOVA,2,156348,9,25,5,0,43,1,2016-12-17T13:23:05.000Z,gothenborg,2016-12-17T00:00:00.000Z,51,Fishing,gothenborg,1
57.70704,11.65931,0,187,205,3,FISKE PLATS,DK,47,0,STELLA NOVA,2,156348,9,25,5,0,43,1,2016-12-17T13:25:05.000Z,gothenborg,2016-12-17T00:00:00.000Z,51,Fishing,gothenborg,1
57.70704,11.65931,0,187,205,3,FISKE PLATS,DK,47,0,STELLA NOVA,2,156348,9,25,5,0,43,1,2016-12-17T13:27:04.000Z,gothenborg,2016-12-17T00:00:00.000Z,51,Fishing,gothenborg,1
57.70706,11.6593,0,238,205,3,FISKE PLATS,DK,47,0,STELLA NOVA,2,156348,9,25,5,0,43,1,2016-12-17T13:29:05.000Z,gothenborg,2016-12-17T00:00:00.000Z,51,Fishing,gothenborg,1
57.70706,11.6593,0,238,205,5,FISKE PLATS,DK,47,0,STELLA NOVA,2,156348,9,25,5,0,43,1,2016-12-17T13:31:05.000Z,gothenborg,2016-12-17T00:00:00.000Z,51,Fishing,gothenborg,1
57.70705,11.65929,0,213,204,3,FISKE PLATS,DK,47,0,STELLA NOVA,2,156348,9,25,5,0,43,1,2016-12-17T13:33:06.000Z,gothenborg,2016-12-17T00:00:00.000Z,51,Fishing,gothenborg,1
57.70705,11.65929,0,213,204,5,FISKE PLATS,DK,47,0,STELLA NOVA,2,156348,9,25,5,0,43,1,2016-12-17T13:35:05.000Z,gothenborg,2016-12-17T00:00:00.000Z,51,Fishing,gothenborg,1
57.70706,11.65928,0,220,204,3,FISKE PLATS,DK,47,0,STELLA NOVA,2,156348,9,25,5,0,43,1,2016-12-17T13:37:05.000Z,gothenborg,2016-12-17T00:00:00.000Z,51,Fishing,gothenborg,1
57.70706,11.65928,0,220,204,5,FISKE PLATS,DK,47,0,STELLA NOVA,2,156348,9,25,5,0,43,1,2016-12-17T13:39:06.000Z,gothenborg,2016-12-17T00:00:00.000Z,51,Fishing,gothenborg,1
57.70706,11.6593,0,261,204,3,FISKE PLATS,DK,47,0,STELLA NOVA,2,156348,9,25,5,0,43,1,2016-12-17T13:41:05.000Z,gothenborg,2016-12-17T00:00:00.000Z,51,Fishing,gothenborg,1
57.70706,11.6593,0,261,204,5,FISKE PLATS,DK,47,0,STELLA NOVA,2,156348,9,25,5,0,43,1,2016-12-17T13:43:05.000Z,gothenborg,2016-12-17T00:00:00.000Z,51,Fishing,gothenborg,1
57.70705,11.65931,0,254,205,3,FISKE PLATS,DK,47,0,STELLA NOVA,2,156348,9,25,5,0,43,1,2016-12-17T13:45:05.000Z,gothenborg,2016-12-17T00:00:00.000Z,51,Fishing,gothenborg,1
57.70705,11.65931,0,254,205,5,FISKE PLATS,DK,47,0,STELLA NOVA,2,156348,9,25,5,0,43,1,2016-12-17T13:47:05.000Z,gothenborg,2016-12-17T00:00:00.000Z,51,Fishing,gothenborg,1
57.70706,11.6593,0,256,205,3,FISKE PLATS,DK,47,0,STELLA NOVA,2,156348,9,25,5,0,43,1,2016-12-17T13:49:05.000Z,gothenborg,2016-12-17T00:00:00.000Z,51,Fishing,gothenborg,1
57.70706,11.6593,0,256,205,5,FISKE PLATS,DK,47,0,STELLA NOVA,2,156348,9,25,5,0,43,1,2016-12-17T13:51:05.000Z,gothenborg,2016-12-17T00:00:00.000Z,51,Fishing,gothenborg,1
57.70705,11.65931,0,287,205,2,FISKE PLATS,DK,47,0,STELLA NOVA,2,156348,9,25,5,0,43,1,2016-12-17T13:53:05.000Z,gothenborg,2016-12-17T00:00:00.000Z,51,Fishing,gothenborg,1
57.70705,11.65931,0,287,205,4,FISKE PLATS,DK,47,0,STELLA NOVA,2,156348,9,25,5,0,43,1,2016-12-17T13:55:05.000Z,gothenborg,2016-12-17T00:00:00.000Z,51,Fishing,gothenborg,1
57.70707,11.65929,0,300,206,2,FISKE PLATS,DK,47,0,STELLA NOVA,2,156348,9,25,5,0,43,1,2016-12-17T13:57:05.000Z,gothenborg,2016-12-17T00:00:00.000Z,51,Fishing,gothenborg,1
57.70707,11.65929,0,300,206,4,FISKE PLATS,DK,47,0,STELLA NOVA,2,156348,9,25,5,0,43,1,2016-12-17T13:59:05.000Z,gothenborg,2016-12-17T00:00:00.000Z,51,Fishing,gothenborg,1
57.70706,11.65932,0,235,206,3,FISKE PLATS,DK,47,0,STELLA NOVA,2,156348,9,25,5,0,43,1,2016-12-17T14:01:05.000Z,gothenborg,2016-12-17T00:00:00.000Z,51,Fishing,gothenborg,1
57.70706,11.65931,0,233,205,2,FISKE PLATS,DK,47,0,STELLA NOVA,2,156348,9,25,5,0,43,1,2016-12-17T14:03:05.000Z,gothenborg,2016-12-17T00:00:00.000Z,51,Fishing,gothenborg,1
57.70706,11.65931,0,233,205,4,FISKE PLATS,DK,47,0,STELLA NOVA,2,156348,9,25,5,0,43,1,2016-12-17T14:05:04.000Z,gothenborg,2016-12-17T00:00:00.000Z,51,Fishing,gothenborg,1
57.70705,11.65928,0,256,206,2,FISKE PLATS,DK,47,0,STELLA NOVA,2,156348,9,25,5,0,43,1,2016-12-17T14:07:05.000Z,gothenborg,2016-12-17T00:00:00.000Z,51,Fishing,gothenborg,1
57.70705,11.65928,0,256,206,4,FISKE PLATS,DK,47,0,STELLA NOVA,2,156348,9,25,5,0,43,1,2016-12-17T14:09:05.000Z,gothenborg,2016-12-17T00:00:00.000Z,51,Fishing,gothenborg,1
57.70705,11.6593,0,291,205,3,FISKE PLATS,DK,47,0,STELLA NOVA,2,156348,9,25,5,0,43,1,2016-12-17T14:11:05.000Z,gothenborg,2016-12-17T00:00:00.000Z,51,Fishing,gothenborg,1
57.70707,11.6593,0,214,206,2,FISKE PLATS,DK,47,0,STELLA NOVA,2,156348,9,25,5,0,43,1,2016-12-17T14:13:05.000Z,gothenborg,2016-12-17T00:00:00.000Z,51,Fishing,gothenborg,1
57.70707,11.6593,0,214,206,4,FISKE PLATS,DK,47,0,STELLA NOVA,2,156348,9,25,5,0,43,1,2016-12-17T14:15:06.000Z,gothenborg,2016-12-17T00:00:00.000Z,51,Fishing,gothenborg,1
57.70707,11.6593,0,214,206,6,FISKE PLATS,DK,47,0,STELLA NOVA,2,156348,9,25,5,0,43,1,2016-12-17T14:17:05.000Z,gothenborg,2016-12-17T00:00:00.000Z,51,Fishing,gothenborg,1
57.70706,11.65931,0,223,205,4,FISKE PLATS,DK,47,0,STELLA NOVA,2,156348,9,25,5,0,43,1,2016-12-17T14:19:05.000Z,gothenborg,2016-12-17T00:00:00.000Z,51,Fishing,gothenborg,1
57.70705,11.65925,0,176,205,3,FISKE PLATS,DK,47,0,STELLA NOVA,2,156348,9,25,5,0,43,1,2016-12-17T14:21:05.000Z,gothenborg,2016-12-17T00:00:00.000Z,51,Fishing,gothenborg,1
57.70705,11.65926,0,138,206,2,FISKE PLATS,DK,47,0,STELLA NOVA,2,156348,9,25,5,0,43,1,2016-12-17T14:23:05.000Z,gothenborg,2016-12-17T00:00:00.000Z,51,Fishing,gothenborg,1
57.70705,11.65926,0,138,206,2,FISKE PLATS,DK,47,0,STELLA NOVA,2,156348,9,25,5,0,43,1,2016-12-17T14:25:05.000Z,gothenborg,2016-12-17T00:00:00.000Z,51,Fishing,gothenborg,1
57.70705,11.65932,0,280,205,2,FISKE PLATS,DK,47,0,STELLA NOVA,2,156348,9,25,5,0,43,1,2016-12-17T14:27:05.000Z,gothenborg,2016-12-17T00:00:00.000Z,51,Fishing,gothenborg,1
57.70705,11.65932,0,280,205,4,FISKE PLATS,DK,47,0,STELLA NOVA,2,156348,9,25,5,0,43,1,2016-12-17T14:29:05.000Z,gothenborg,2016-12-17T00:00:00.000Z,51,Fishing,gothenborg,1
57.70706,11.65932,0,324,205,3,FISKE PLATS,DK,47,0,STELLA NOVA,2,156348,9,25,5,0,43,1,2016-12-17T14:31:05.000Z,gothenborg,2016-12-17T00:00:00.000Z,51,Fishing,gothenborg,1
57.70707,11.65926,0,313,204,2,FISKE PLATS,DK,47,0,STELLA NOVA,2,156348,9,25,5,0,43,1,2016-12-17T14:33:05.000Z,gothenborg,2016-12-17T00:00:00.000Z,51,Fishing,gothenborg,1
57.70707,11.65926,0,313,204,4,FISKE PLATS,DK,47,0,STELLA NOVA,2,156348,9,25,5,0,43,1,2016-12-17T14:35:05.000Z,gothenborg,2016-12-17T00:00:00.000Z,51,Fishing,gothenborg,1
57.70707,11.65926,0,313,204,6,FISKE PLATS,DK,47,0,STELLA NOVA,2,156348,9,25,5,0,43,1,2016-12-17T14:37:05.000Z,gothenborg,2016-12-17T00:00:00.000Z,51,Fishing,gothenborg,1
57.70707,11.65926,0,257,205,3,FISKE PLATS,DK,47,0,STELLA NOVA,2,156348,9,25,5,0,43,1,2016-12-17T14:39:05.000Z,gothenborg,2016-12-17T00:00:00.000Z,51,Fishing,gothenborg,1
57.70707,11.65926,0,257,205,5,FISKE PLATS,DK,47,0,STELLA NOVA,2,156348,9,25,5,0,43,1,2016-12-17T14:41:05.000Z,gothenborg,2016-12-17T00:00:00.000Z,51,Fishing,gothenborg,1
57.70705,11.65932,0,310,205,3,FISKE PLATS,DK,47,0,STELLA NOVA,2,156348,9,25,5,0,43,1,2016-12-17T14:43:05.000Z,gothenborg,2016-12-17T00:00:00.000Z,51,Fishing,gothenborg,1
57.70705,11.65932,0,310,205,5,FISKE PLATS,DK,47,0,STELLA NOVA,2,156348,9,25,5,0,43,1,2016-12-17T14:45:05.000Z,gothenborg,2016-12-17T00:00:00.000Z,51,Fishing,gothenborg,1
57.70707,11.65927,0,322,206,3,FISKE PLATS,DK,47,0,STELLA NOVA,2,156348,9,25,5,0,43,1,2016-12-17T14:47:06.000Z,gothenborg,2016-12-17T00:00:00.000Z,51,Fishing,gothenborg,1
57.70707,11.65927,0,322,206,5,FISKE PLATS,DK,47,0,STELLA NOVA,2,156348,9,25,5,0,43,1,2016-12-17T14:49:04.000Z,gothenborg,2016-12-17T00:00:00.000Z,51,Fishing,gothenborg,1
57.70707,11.65927,0,267,205,3,FISKE PLATS,DK,47,0,STELLA NOVA,2,156348,9,25,5,0,43,1,2016-12-17T14:51:05.000Z,gothenborg,2016-12-17T00:00:00.000Z,51,Fishing,gothenborg,1
57.70707,11.65927,0,267,205,5,FISKE PLATS,DK,47,0,STELLA NOVA,2,156348,9,25,5,0,43,0,2016-12-17T14:53:05.000Z,gothenborg,2016-12-17T00:00:00.000Z,51,Fishing,gothenborg,1
57.70705,11.65926,0,301,206,2,FISKE PLATS,DK,47,0,STELLA NOVA,2,156348,9,25,5,0,43,1,2016-12-17T14:55:05.000Z,gothenborg,2016-12-17T00:00:00.000Z,51,Fishing,gothenborg,1
57.70705,11.65926,0,301,206,4,FISKE PLATS,DK,47,0,STELLA NOVA,2,156348,9,25,5,0,43,1,2016-12-17T14:57:04.000Z,gothenborg,2016-12-17T00:00:00.000Z,51,Fishing,gothenborg,1
57.70707,11.65929,0,309,206,2,FISKE PLATS,DK,47,0,STELLA NOVA,2,156348,9,25,5,0,43,1,2016-12-17T14:59:05.000Z,gothenborg,2016-12-17T00:00:00.000Z,51,Fishing,gothenborg,1
57.70707,11.65929,0,309,206,4,FISKE PLATS,DK,47,0,STELLA NOVA,2,156348,9,25,5,0,43,1,2016-12-17T15:01:05.000Z,gothenborg,2016-12-17T00:00:00.000Z,51,Fishing,gothenborg,1
57.70708,11.65929,0,327,206,2,FISKE PLATS,DK,47,0,STELLA NOVA,2,156348,9,25,5,0,43,1,2016-12-17T15:03:05.000Z,gothenborg,2016-12-17T00:00:00.000Z,51,Fishing,gothenborg,1
57.70708,11.65929,0,327,206,4,FISKE PLATS,DK,47,0,STELLA NOVA,2,156348,9,25,5,0,43,1,2016-12-17T15:05:05.000Z,gothenborg,2016-12-17T00:00:00.000Z,51,Fishing,gothenborg,1
57.70707,11.65929,0,344,206,3,FISKE PLATS,DK,47,0,STELLA NOVA,2,156348,9,25,5,0,43,1,2016-12-17T15:07:05.000Z,gothenborg,2016-12-17T00:00:00.000Z,51,Fishing,gothenborg,1
57.70707,11.65931,0,165,206,2,FISKE PLATS,DK,47,0,STELLA NOVA,2,156348,9,25,5,0,43,1,2016-12-17T15:09:05.000Z,gothenborg,2016-12-17T00:00:00.000Z,51,Fishing,gothenborg,1
57.70707,11.65931,0,165,206,4,FISKE PLATS,DK,47,0,STELLA NOVA,2,156348,9,25,5,0,43,1,2016-12-17T15:11:06.000Z,gothenborg,2016-12-17T00:00:00.000Z,51,Fishing,gothenborg,1
57.70707,11.65929,0,97,205,3,FISKE PLATS,DK,47,0,STELLA NOVA,2,156348,9,25,5,0,43,1,2016-12-17T15:13:04.000Z,gothenborg,2016-12-17T00:00:00.000Z,51,Fishing,gothenborg,1
57.70705,11.65928,0,281,205,2,FISKE PLATS,DK,47,0,STELLA NOVA,2,156348,9,25,5,0,43,1,2016-12-17T15:15:05.000Z,gothenborg,2016-12-17T00:00:00.000Z,51,Fishing,gothenborg,1
57.70705,11.65928,0,281,205,4,FISKE PLATS,DK,47,0,STELLA NOVA,2,156348,9,25,5,0,43,0,2016-12-17T15:17:06.000Z,gothenborg,2016-12-17T00:00:00.000Z,51,Fishing,gothenborg,1
57.70704,11.65931,0,353,205,3,FISKE PLATS,DK,47,0,STELLA NOVA,2,156348,9,25,5,0,43,1,2016-12-17T15:19:05.000Z,gothenborg,2016-12-17T00:00:00.000Z,51,Fishing,gothenborg,1
57.70704,11.65931,0,353,205,5,FISKE PLATS,DK,47,0,STELLA NOVA,2,156348,9,25,5,0,43,1,2016-12-17T15:21:05.000Z,gothenborg,2016-12-17T00:00:00.000Z,51,Fishing,gothenborg,1
57.70705,11.65929,0,13,204,3,FISKE PLATS,DK,47,0,STELLA NOVA,2,156348,9,25,5,0,43,1,2016-12-17T15:23:05.000Z,gothenborg,2016-12-17T00:00:00.000Z,51,Fishing,gothenborg,1
57.70707,11.65931,0,4,204,2,FISKE PLATS,DK,47,0,STELLA NOVA,2,156348,9,25,5,0,43,1,2016-12-17T15:25:06.000Z,gothenborg,2016-12-17T00:00:00.000Z,51,Fishing,gothenborg,1
57.70707,11.65931,0,4,204,2,FISKE PLATS,DK,47,0,STELLA NOVA,2,156348,9,25,5,0,43,1,2016-12-17T15:27:05.000Z,gothenborg,2016-12-17T00:00:00.000Z,51,Fishing,gothenborg,1
57.70707,11.6593,0,332,204,3,FISKE PLATS,DK,47,0,STELLA NOVA,2,156348,9,25,5,0,43,1,2016-12-17T15:29:05.000Z,gothenborg,2016-12-17T00:00:00.000Z,51,Fishing,gothenborg,1
57.70708,11.65927,0,355,204,1,FISKE PLATS,DK,47,0,STELLA NOVA,2,156348,9,25,5,0,43,1,2016-12-17T15:31:05.000Z,gothenborg,2016-12-17T00:00:00.000Z,51,Fishing,gothenborg,1
57.70708,11.65927,0,355,204,4,FISKE PLATS,DK,47,0,STELLA NOVA,2,156348,9,25,5,0,43,1,2016-12-17T15:33:05.000Z,gothenborg,2016-12-17T00:00:00.000Z,51,Fishing,gothenborg,1
57.70705,11.6593,0,11,204,2,FISKE PLATS,DK,47,0,STELLA NOVA,2,156348,9,25,5,0,43,1,2016-12-17T15:35:05.000Z,gothenborg,2016-12-17T00:00:00.000Z,51,Fishing,gothenborg,1
57.70705,11.6593,0,11,204,4,FISKE PLATS,DK,47,0,STELLA NOVA,2,156348,9,25,5,0,43,1,2016-12-17T15:37:05.000Z,gothenborg,2016-12-17T00:00:00.000Z,51,Fishing,gothenborg,1
57.70706,11.65931,0,259,204,3,FISKE PLATS,DK,47,0,STELLA NOVA,2,156348,9,25,5,0,43,1,2016-12-17T15:39:05.000Z,gothenborg,2016-12-17T00:00:00.000Z,51,Fishing,gothenborg,1
57.70708,11.65931,0,306,204,2,FISKE PLATS,DK,47,0,STELLA NOVA,2,156348,9,25,5,0,43,1,2016-12-17T15:41:05.000Z,gothenborg,2016-12-17T00:00:00.000Z,51,Fishing,gothenborg,1
57.70708,11.65931,0,306,204,4,FISKE PLATS,DK,47,0,STELLA NOVA,2,156348,9,25,5,0,43,1,2016-12-17T15:43:05.000Z,gothenborg,2016-12-17T00:00:00.000Z,51,Fishing,gothenborg,1
57.70707,11.6593,0,340,204,2,FISKE PLATS,DK,47,0,STELLA NOVA,2,156348,9,25,5,0,43,1,2016-12-17T15:45:06.000Z,gothenborg,2016-12-17T00:00:00.000Z,51,Fishing,gothenborg,1
57.70707,11.6593,0,340,204,4,FISKE PLATS,DK,47,0,STELLA NOVA,2,156348,9,25,5,0,43,1,2016-12-17T15:47:05.000Z,gothenborg,2016-12-17T00:00:00.000Z,51,Fishing,gothenborg,1
57.70706,11.65927,0,305,204,3,FISKE PLATS,DK,47,0,STELLA NOVA,2,156348,9,25,5,0,43,1,2016-12-17T15:49:05.000Z,gothenborg,2016-12-17T00:00:00.000Z,51,Fishing,gothenborg,1
57.70706,11.65927,0,305,204,5,FISKE PLATS,DK,47,0,STELLA NOVA,2,156348,9,25,5,0,43,1,2016-12-17T15:51:05.000Z,gothenborg,2016-12-17T00:00:00.000Z,51,Fishing,gothenborg,1
57.70707,11.65928,0,240,204,3,FISKE PLATS,DK,47,0,STELLA NOVA,2,156348,9,25,5,0,43,1,2016-12-17T15:53:06.000Z,gothenborg,2016-12-17T00:00:00.000Z,51,Fishing,gothenborg,1
57.70707,11.65928,0,240,204,5,FISKE PLATS,DK,47,0,STELLA NOVA,2,156348,9,25,5,0,43,1,2016-12-17T15:55:05.000Z,gothenborg,2016-12-17T00:00:00.000Z,51,Fishing,gothenborg,1
57.70705,11.65928,0,273,204,3,FISKE PLATS,DK,47,0,STELLA NOVA,2,156348,9,25,5,0,43,1,2016-12-17T15:57:05.000Z,gothenborg,2016-12-17T00:00:00.000Z,51,Fishing,gothenborg,1
57.70705,11.65928,0,273,204,5,FISKE PLATS,DK,47,0,STELLA NOVA,2,156348,9,25,5,0,43,1,2016-12-17T15:59:05.000Z,gothenborg,2016-12-17T00:00:00.000Z,51,Fishing,gothenborg,1
57.70705,11.65929,0,300,204,2,FISKE PLATS,DK,47,0,STELLA NOVA,2,156348,9,25,5,0,43,1,2016-12-17T16:01:05.000Z,gothenborg,2016-12-17T00:00:00.000Z,51,Fishing,gothenborg,1
57.70705,11.65929,0,300,204,4,FISKE PLATS,DK,47,0,STELLA NOVA,2,156348,9,25,5,0,43,1,2016-12-17T16:03:05.000Z,gothenborg,2016-12-17T00:00:00.000Z,51,Fishing,gothenborg,1
57.70705,11.65929,0,300,204,6,FISKE PLATS,DK,47,0,STELLA NOVA,2,156348,9,25,5,0,43,1,2016-12-17T16:05:05.000Z,gothenborg,2016-12-17T00:00:00.000Z,51,Fishing,gothenborg,1
57.70707,11.65927,0,252,205,4,FISKE PLATS,DK,47,0,STELLA NOVA,2,156348,9,25,5,0,43,1,2016-12-17T16:07:05.000Z,gothenborg,2016-12-17T00:00:00.000Z,51,Fishing,gothenborg,1
57.70707,11.65927,0,252,205,6,FISKE PLATS,DK,47,0,STELLA NOVA,2,156348,9,25,5,0,43,1,2016-12-17T16:09:05.000Z,gothenborg,2016-12-17T00:00:00.000Z,51,Fishing,gothenborg,1
57.70706,11.6593,0,340,206,3,FISKE PLATS,DK,47,0,STELLA NOVA,2,156348,9,25,5,0,43,1,2016-12-17T16:11:05.000Z,gothenborg,2016-12-17T00:00:00.000Z,51,Fishing,gothenborg,1
57.70706,11.6593,0,340,206,5,FISKE PLATS,DK,47,0,STELLA NOVA,2,156348,9,25,5,0,43,1,2016-12-17T16:13:05.000Z,gothenborg,2016-12-17T00:00:00.000Z,51,Fishing,gothenborg,1
57.70707,11.65928,0,272,206,3,FISKE PLATS,DK,47,0,STELLA NOVA,2,156348,9,25,5,0,43,1,2016-12-17T16:15:05.000Z,gothenborg,2016-12-17T00:00:00.000Z,51,Fishing,gothenborg,1
57.70705,11.65928,0,291,205,1,FISKE PLATS,DK,47,0,STELLA NOVA,2,156348,9,25,5,0,43,1,2016-12-17T16:17:05.000Z,gothenborg,2016-12-17T00:00:00.000Z,51,Fishing,gothenborg,1
57.70705,11.65928,0,291,205,4,FISKE PLATS,DK,47,0,STELLA NOVA,2,156348,9,25,5,0,43,1,2016-12-17T16:19:05.000Z,gothenborg,2016-12-17T00:00:00.000Z,51,Fishing,gothenborg,1
57.70709,11.6593,0,304,206,3,FISKE PLATS,DK,47,0,STELLA NOVA,2,156348,9,25,5,0,43,1,2016-12-17T16:21:05.000Z,gothenborg,2016-12-17T00:00:00.000Z,51,Fishing,gothenborg,1
57.70709,11.6593,0,304,206,5,FISKE PLATS,DK,47,0,STELLA NOVA,2,156348,9,25,5,0,43,1,2016-12-17T16:23:05.000Z,gothenborg,2016-12-17T00:00:00.000Z,51,Fishing,gothenborg,1
57.70706,11.65927,0,242,205,3,FISKE PLATS,DK,47,0,STELLA NOVA,2,156348,9,25,5,0,43,1,2016-12-17T16:25:06.000Z,gothenborg,2016-12-17T00:00:00.000Z,51,Fishing,gothenborg,1
57.70706,11.65927,0,242,205,5,FISKE PLATS,DK,47,0,STELLA NOVA,2,156348,9,25,5,0,43,1,2016-12-17T16:27:05.000Z,gothenborg,2016-12-17T00:00:00.000Z,51,Fishing,gothenborg,1
57.70707,11.6593,0,224,205,3,FISKE PLATS,DK,47,0,STELLA NOVA,2,156348,9,25,5,0,43,1,2016-12-17T16:29:07.000Z,gothenborg,2016-12-17T00:00:00.000Z,51,Fishing,gothenborg,1
57.70707,11.6593,0,224,205,5,FISKE PLATS,DK,47,0,STELLA NOVA,2,156348,9,25,5,0,43,1,2016-12-17T16:31:05.000Z,gothenborg,2016-12-17T00:00:00.000Z,51,Fishing,gothenborg,1
57.70705,11.6593,0,234,205,3,FISKE PLATS,DK,47,0,STELLA NOVA,2,156348,9,25,5,0,43,1,2016-12-17T16:33:05.000Z,gothenborg,2016-12-17T00:00:00.000Z,51,Fishing,gothenborg,1
57.70705,11.6593,0,234,205,3,FISKE PLATS,DK,47,0,STELLA NOVA,2,156348,9,25,5,0,43,1,2016-12-17T16:35:04.000Z,gothenborg,2016-12-17T00:00:00.000Z,51,Fishing,gothenborg,1
57.70705,11.65928,0,259,206,4,FISKE PLATS,DK,47,0,STELLA NOVA,2,156348,9,25,5,0,43,1,2016-12-17T16:37:05.000Z,gothenborg,2016-12-17T00:00:00.000Z,51,Fishing,gothenborg,1
57.70706,11.65928,0,345,206,3,FISKE PLATS,DK,47,0,STELLA NOVA,2,156348,9,25,5,0,43,1,2016-12-17T16:39:05.000Z,gothenborg,2016-12-17T00:00:00.000Z,51,Fishing,gothenborg,1
57.70706,11.65928,0,345,206,5,FISKE PLATS,DK,47,0,STELLA NOVA,2,156348,9,25,5,0,43,1,2016-12-17T16:41:05.000Z,gothenborg,2016-12-17T00:00:00.000Z,51,Fishing,gothenborg,1
57.70707,11.65929,0,269,206,3,FISKE PLATS,DK,47,0,STELLA NOVA,2,156348,9,25,5,0,43,1,2016-12-17T16:43:06.000Z,gothenborg,2016-12-17T00:00:00.000Z,51,Fishing,gothenborg,1
57.70705,11.65928,0,246,206,2,FISKE PLATS,DK,47,0,STELLA NOVA,2,156348,9,25,5,0,43,1,2016-12-17T16:45:05.000Z,gothenborg,2016-12-17T00:00:00.000Z,51,Fishing,gothenborg,1
57.70705,11.65928,0,246,206,4,FISKE PLATS,DK,47,0,STELLA NOVA,2,156348,9,25,5,0,43,1,2016-12-17T16:47:05.000Z,gothenborg,2016-12-17T00:00:00.000Z,51,Fishing,gothenborg,1
57.70705,11.65928,0,260,205,3,FISKE PLATS,DK,47,0,STELLA NOVA,2,156348,9,25,5,0,43,1,2016-12-17T16:49:08.000Z,gothenborg,2016-12-17T00:00:00.000Z,51,Fishing,gothenborg,1
57.70705,11.65928,0,260,205,5,FISKE PLATS,DK,47,0,STELLA NOVA,2,156348,9,25,5,0,43,1,2016-12-17T16:51:05.000Z,gothenborg,2016-12-17T00:00:00.000Z,51,Fishing,gothenborg,1
57.70705,11.65928,0,260,205,5,FISKE PLATS,DK,47,0,STELLA NOVA,2,156348,9,25,5,0,43,1,2016-12-17T16:53:05.000Z,gothenborg,2016-12-17T00:00:00.000Z,51,Fishing,gothenborg,1
57.70705,11.65931,0,232,205,2,FISKE PLATS,DK,47,0,STELLA NOVA,2,156348,9,25,5,0,43,1,2016-12-17T16:55:05.000Z,gothenborg,2016-12-17T00:00:00.000Z,51,Fishing,gothenborg,1
57.70705,11.65931,0,232,205,4,FISKE PLATS,DK,47,0,STELLA NOVA,2,156348,9,25,5,0,43,1,2016-12-17T16:57:05.000Z,gothenborg,2016-12-17T00:00:00.000Z,51,Fishing,gothenborg,1
57.70705,11.65931,0,293,205,2,FISKE PLATS,DK,47,0,STELLA NOVA,2,156348,9,25,5,0,43,1,2016-12-17T16:59:05.000Z,gothenborg,2016-12-17T00:00:00.000Z,51,Fishing,gothenborg,1
57.70705,11.65931,0,293,205,3,FISKE PLATS,DK,47,0,STELLA NOVA,2,156348,9,25,5,0,43,1,2016-12-17T17:01:06.000Z,gothenborg,2016-12-17T00:00:00.000Z,51,Fishing,gothenborg,1
57.70705,11.65928,0,276,205,3,FISKE PLATS,DK,47,0,STELLA NOVA,2,156348,9,25,5,0,43,1,2016-12-17T17:03:04.000Z,gothenborg,2016-12-17T00:00:00.000Z,51,Fishing,gothenborg,1
57.70705,11.65928,0,276,205,5,FISKE PLATS,DK,47,0,STELLA NOVA,2,156348,9,25,5,0,43,1,2016-12-17T17:05:05.000Z,gothenborg,2016-12-17T00:00:00.000Z,51,Fishing,gothenborg,1
57.70707,11.65932,0,320,205,3,FISKE PLATS,DK,47,0,STELLA NOVA,2,156348,9,25,5,0,43,1,2016-12-17T17:07:05.000Z,gothenborg,2016-12-17T00:00:00.000Z,51,Fishing,gothenborg,1
57.70707,11.65932,0,320,205,5,FISKE PLATS,DK,47,0,STELLA NOVA,2,156348,9,25,5,0,43,1,2016-12-17T17:09:05.000Z,gothenborg,2016-12-17T00:00:00.000Z,51,Fishing,gothenborg,1
57.70707,11.6593,0,314,205,3,FISKE PLATS,DK,47,0,STELLA NOVA,2,156348,9,25,5,0,43,1,2016-12-17T17:11:05.000Z,gothenborg,2016-12-17T00:00:00.000Z,51,Fishing,gothenborg,1
57.70707,11.6593,0,314,205,5,FISKE PLATS,DK,47,0,STELLA NOVA,2,156348,9,25,5,0,43,1,2016-12-17T17:13:06.000Z,gothenborg,2016-12-17T00:00:00.000Z,51,Fishing,gothenborg,1
57.70705,11.6593,0,298,205,3,FISKE PLATS,DK,47,0,STELLA NOVA,2,156348,9,25,5,0,43,1,2016-12-17T17:15:06.000Z,gothenborg,2016-12-17T00:00:00.000Z,51,Fishing,gothenborg,1
57.70705,11.65928,0,287,205,2,FISKE PLATS,DK,47,0,STELLA NOVA,2,156348,9,25,5,0,43,1,2016-12-17T17:17:05.000Z,gothenborg,2016-12-17T00:00:00.000Z,51,Fishing,gothenborg,1
57.70705,11.65928,0,287,205,4,FISKE PLATS,DK,47,0,STELLA NOVA,2,156348,9,25,5,0,43,1,2016-12-17T17:19:05.000Z,gothenborg,2016-12-17T00:00:00.000Z,51,Fishing,gothenborg,1
57.70706,11.65928,0,305,205,2,FISKE PLATS,DK,47,0,STELLA NOVA,2,156348,9,25,5,0,43,1,2016-12-17T17:21:05.000Z,gothenborg,2016-12-17T00:00:00.000Z,51,Fishing,gothenborg,1
57.70706,11.65928,0,305,205,4,FISKE PLATS,DK,47,0,STELLA NOVA,2,156348,9,25,5,0,43,1,2016-12-17T17:23:05.000Z,gothenborg,2016-12-17T00:00:00.000Z,51,Fishing,gothenborg,1
57.70707,11.65931,0,292,206,2,FISKE PLATS,DK,47,0,STELLA NOVA,2,156348,9,25,5,0,43,1,2016-12-17T17:25:06.000Z,gothenborg,2016-12-17T00:00:00.000Z,51,Fishing,gothenborg,1
57.70707,11.65931,0,292,206,4,FISKE PLATS,DK,47,0,STELLA NOVA,2,156348,9,25,5,0,43,1,2016-12-17T17:27:06.000Z,gothenborg,2016-12-17T00:00:00.000Z,51,Fishing,gothenborg,1
57.70704,11.65929,0,292,205,2,FISKE PLATS,DK,47,0,STELLA NOVA,2,156348,9,25,5,0,43,1,2016-12-17T17:29:06.000Z,gothenborg,2016-12-17T00:00:00.000Z,51,Fishing,gothenborg,1
57.70704,11.65929,0,292,205,4,FISKE PLATS,DK,47,0,STELLA NOVA,2,156348,9,25,5,0,43,1,2016-12-17T17:31:04.000Z,gothenborg,2016-12-17T00:00:00.000Z,51,Fishing,gothenborg,1
57.70706,11.65929,0,280,205,2,FISKE PLATS,DK,47,0,STELLA NOVA,2,156348,9,25,5,0,43,1,2016-12-17T17:33:05.000Z,gothenborg,2016-12-17T00:00:00.000Z,51,Fishing,gothenborg,1
57.70706,11.65929,0,280,205,4,FISKE PLATS,DK,47,0,STELLA NOVA,2,156348,9,25,5,0,43,1,2016-12-17T17:35:05.000Z,gothenborg,2016-12-17T00:00:00.000Z,51,Fishing,gothenborg,1
57.70707,11.65928,0,291,205,3,FISKE PLATS,DK,47,0,STELLA NOVA,2,156348,9,25,5,0,43,1,2016-12-17T17:37:05.000Z,gothenborg,2016-12-17T00:00:00.000Z,51,Fishing,gothenborg,1
57.70707,11.65928,0,291,205,5,FISKE PLATS,DK,47,0,STELLA NOVA,2,156348,9,25,5,0,43,1,2016-12-17T17:39:05.000Z,gothenborg,2016-12-17T00:00:00.000Z,51,Fishing,gothenborg,1
57.70708,11.65931,0,301,205,4,FISKE PLATS,DK,47,0,STELLA NOVA,2,156348,9,25,5,0,43,1,2016-12-17T17:41:05.000Z,gothenborg,2016-12-17T00:00:00.000Z,51,Fishing,gothenborg,1
57.70705,11.65929,0,318,206,2,FISKE PLATS,DK,47,0,STELLA NOVA,2,156348,9,25,5,0,43,1,2016-12-17T17:43:05.000Z,gothenborg,2016-12-17T00:00:00.000Z,51,Fishing,gothenborg,1
57.70705,11.65929,0,318,206,4,FISKE PLATS,DK,47,0,STELLA NOVA,2,156348,9,25,5,0,43,1,2016-12-17T17:45:05.000Z,gothenborg,2016-12-17T00:00:00.000Z,51,Fishing,gothenborg,1
57.70707,11.6593,0,319,206,2,FISKE PLATS,DK,47,0,STELLA NOVA,2,156348,9,25,5,0,43,1,2016-12-17T17:47:05.000Z,gothenborg,2016-12-17T00:00:00.000Z,51,Fishing,gothenborg,1
57.70707,11.6593,0,319,206,4,FISKE PLATS,DK,47,0,STELLA NOVA,2,156348,9,25,5,0,43,1,2016-12-17T17:49:08.000Z,gothenborg,2016-12-17T00:00:00.000Z,51,Fishing,gothenborg,1
57.70707,11.65926,0,27,205,2,FISKE PLATS,DK,47,0,STELLA NOVA,2,156348,9,25,5,0,43,1,2016-12-17T17:51:07.000Z,gothenborg,2016-12-17T00:00:00.000Z,51,Fishing,gothenborg,1
57.70707,11.65926,0,27,205,4,FISKE PLATS,DK,47,0,STELLA NOVA,2,156348,9,25,5,0,43,1,2016-12-17T17:53:05.000Z,gothenborg,2016-12-17T00:00:00.000Z,51,Fishing,gothenborg,1
57.70707,11.65926,0,27,205,6,FISKE PLATS,DK,47,0,STELLA NOVA,2,156348,9,25,5,0,43,1,2016-12-17T17:55:05.000Z,gothenborg,2016-12-17T00:00:00.000Z,51,Fishing,gothenborg,1
57.70707,11.6593,0,355,204,3,FISKE PLATS,DK,47,0,STELLA NOVA,2,156348,9,25,5,0,43,1,2016-12-17T17:57:05.000Z,gothenborg,2016-12-17T00:00:00.000Z,51,Fishing,gothenborg,1
57.70707,11.6593,0,355,204,5,FISKE PLATS,DK,47,0,STELLA NOVA,2,156348,9,25,5,0,43,1,2016-12-17T17:59:05.000Z,gothenborg,2016-12-17T00:00:00.000Z,51,Fishing,gothenborg,1
57.70705,11.65929,0,262,205,3,FISKE PLATS,DK,47,0,STELLA NOVA,2,156348,9,25,5,0,43,1,2016-12-17T18:01:09.000Z,gothenborg,2016-12-17T00:00:00.000Z,51,Fishing,gothenborg,1
57.70704,11.65927,0,341,205,2,FISKE PLATS,DK,47,0,STELLA NOVA,2,156348,9,25,5,0,43,1,2016-12-17T18:03:05.000Z,gothenborg,2016-12-17T00:00:00.000Z,51,Fishing,gothenborg,1
57.70704,11.65927,0,341,205,4,FISKE PLATS,DK,47,0,STELLA NOVA,2,156348,9,25,5,0,43,1,2016-12-17T18:05:05.000Z,gothenborg,2016-12-17T00:00:00.000Z,51,Fishing,gothenborg,1
57.70705,11.65929,0,9,205,2,FISKE PLATS,DK,47,0,STELLA NOVA,2,156348,9,25,5,0,43,1,2016-12-17T18:07:05.000Z,gothenborg,2016-12-17T00:00:00.000Z,51,Fishing,gothenborg,1
57.70705,11.65929,0,9,205,4,FISKE PLATS,DK,47,0,STELLA NOVA,2,156348,9,25,5,0,43,1,2016-12-17T18:09:05.000Z,gothenborg,2016-12-17T00:00:00.000Z,51,Fishing,gothenborg,1
57.70707,11.65928,0,358,205,2,FISKE PLATS,DK,47,0,STELLA NOVA,2,156348,9,25,5,0,43,1,2016-12-17T18:11:05.000Z,gothenborg,2016-12-17T00:00:00.000Z,51,Fishing,gothenborg,1
57.70707,11.65928,0,358,205,4,FISKE PLATS,DK,47,0,STELLA NOVA,2,156348,9,25,5,0,43,1,2016-12-17T18:13:06.000Z,gothenborg,2016-12-17T00:00:00.000Z,51,Fishing,gothenborg,1
57.70705,11.65926,0,320,205,3,FISKE PLATS,DK,47,0,STELLA NOVA,2,156348,9,25,5,0,43,1,2016-12-17T18:15:06.000Z,gothenborg,2016-12-17T00:00:00.000Z,51,Fishing,gothenborg,1
57.70704,11.65928,0,205,205,2,FISKE PLATS,DK,47,0,STELLA NOVA,2,156348,9,25,5,0,43,1,2016-12-17T18:17:05.000Z,gothenborg,2016-12-17T00:00:00.000Z,51,Fishing,gothenborg,1
57.70704,11.65928,0,205,205,4,FISKE PLATS,DK,47,0,STELLA NOVA,2,156348,9,25,5,0,43,1,2016-12-17T18:19:07.000Z,gothenborg,2016-12-17T00:00:00.000Z,51,Fishing,gothenborg,1
57.70705,11.65928,0,325,205,2,FISKE PLATS,DK,47,0,STELLA NOVA,2,156348,9,25,5,0,43,1,2016-12-17T18:21:07.000Z,gothenborg,2016-12-17T00:00:00.000Z,51,Fishing,gothenborg,1
57.70705,11.65928,0,325,205,4,FISKE PLATS,DK,47,0,STELLA NOVA,2,156348,9,25,5,0,43,1,2016-12-17T18:23:06.000Z,gothenborg,2016-12-17T00:00:00.000Z,51,Fishing,gothenborg,1
57.70707,11.65928,0,310,205,2,FISKE PLATS,DK,47,0,STELLA NOVA,2,156348,9,25,5,0,43,1,2016-12-17T18:25:05.000Z,gothenborg,2016-12-17T00:00:00.000Z,51,Fishing,gothenborg,1
57.70707,11.65928,0,310,205,4,FISKE PLATS,DK,47,0,STELLA NOVA,2,156348,9,25,5,0,43,1,2016-12-17T18:27:05.000Z,gothenborg,2016-12-17T00:00:00.000Z,51,Fishing,gothenborg,1
57.70708,11.6593,0,211,205,3,FISKE PLATS,DK,47,0,STELLA NOVA,2,156348,9,25,5,0,43,1,2016-12-17T18:29:06.000Z,gothenborg,2016-12-17T00:00:00.000Z,51,Fishing,gothenborg,1
57.70707,11.65928,0,59,205,2,FISKE PLATS,DK,47,0,STELLA NOVA,2,156348,9,25,5,0,43,1,2016-12-17T18:31:05.000Z,gothenborg,2016-12-17T00:00:00.000Z,51,Fishing,gothenborg,1
57.70707,11.65928,0,59,205,4,FISKE PLATS,DK,47,0,STELLA NOVA,2,156348,9,25,5,0,43,1,2016-12-17T18:33:06.000Z,gothenborg,2016-12-17T00:00:00.000Z,51,Fishing,gothenborg,1
57.70709,11.65925,0,44,205,2,FISKE PLATS,DK,47,0,STELLA NOVA,2,156348,9,25,5,0,43,1,2016-12-17T18:35:05.000Z,gothenborg,2016-12-17T00:00:00.000Z,51,Fishing,gothenborg,1
57.70709,11.65925,0,44,205,4,FISKE PLATS,DK,47,0,STELLA NOVA,2,156348,9,25,5,0,43,1,2016-12-17T18:37:06.000Z,gothenborg,2016-12-17T00:00:00.000Z,51,Fishing,gothenborg,1
57.70706,11.65926,0,346,205,3,FISKE PLATS,DK,47,0,STELLA NOVA,2,156348,9,25,5,0,43,1,2016-12-17T18:39:07.000Z,gothenborg,2016-12-17T00:00:00.000Z,51,Fishing,gothenborg,1
57.70708,11.65927,0,307,205,2,FISKE PLATS,DK,47,0,STELLA NOVA,2,156348,9,25,5,0,43,1,2016-12-17T18:41:07.000Z,gothenborg,2016-12-17T00:00:00.000Z,51,Fishing,gothenborg,1
57.70708,11.65927,0,307,205,4,FISKE PLATS,DK,47,0,STELLA NOVA,2,156348,9,25,5,0,43,1,2016-12-17T18:43:05.000Z,gothenborg,2016-12-17T00:00:00.000Z,51,Fishing,gothenborg,1
57.70705,11.65927,0,284,206,2,FISKE PLATS,DK,47,0,STELLA NOVA,2,156348,9,25,5,0,43,1,2016-12-17T18:45:05.000Z,gothenborg,2016-12-17T00:00:00.000Z,51,Fishing,gothenborg,1
57.70705,11.65927,0,284,206,4,FISKE PLATS,DK,47,0,STELLA NOVA,2,156348,9,25,5,0,43,1,2016-12-17T18:47:05.000Z,gothenborg,2016-12-17T00:00:00.000Z,51,Fishing,gothenborg,1
57.70708,11.65927,0,335,204,2,FISKE PLATS,DK,47,0,STELLA NOVA,2,156348,9,25,5,0,43,1,2016-12-17T18:49:06.000Z,gothenborg,2016-12-17T00:00:00.000Z,51,Fishing,gothenborg,1
57.70708,11.65927,0,335,204,2,FISKE PLATS,DK,47,0,STELLA NOVA,2,156348,9,25,5,0,43,1,2016-12-17T18:51:04.000Z,gothenborg,2016-12-17T00:00:00.000Z,51,Fishing,gothenborg,1
57.70707,11.65924,0,2,206,3,FISKE PLATS,DK,47,0,STELLA NOVA,2,156348,9,25,5,0,43,1,2016-12-17T18:53:05.000Z,gothenborg,2016-12-17T00:00:00.000Z,51,Fishing,gothenborg,1
57.70707,11.65924,0,2,206,5,FISKE PLATS,DK,47,0,STELLA NOVA,2,156348,9,25,5,0,43,1,2016-12-17T18:55:05.000Z,gothenborg,2016-12-17T00:00:00.000Z,51,Fishing,gothenborg,1
57.70707,11.65928,0,82,206,3,FISKE PLATS,DK,47,0,STELLA NOVA,2,156348,9,25,5,0,43,1,2016-12-17T18:57:06.000Z,gothenborg,2016-12-17T00:00:00.000Z,51,Fishing,gothenborg,1
57.70707,11.65928,0,82,206,3,FISKE PLATS,DK,47,0,STELLA NOVA,2,156348,9,25,5,0,43,1,2016-12-17T18:59:05.000Z,gothenborg,2016-12-17T00:00:00.000Z,51,Fishing,gothenborg,1
57.70707,11.65929,0,249,206,3,FISKE PLATS,DK,47,0,STELLA NOVA,2,156348,9,25,5,0,43,1,2016-12-17T19:01:05.000Z,gothenborg,2016-12-17T00:00:00.000Z,51,Fishing,gothenborg,1
57.70709,11.65929,0,37,206,2,FISKE PLATS,DK,47,0,STELLA NOVA,2,156348,9,25,5,0,43,1,2016-12-17T19:03:05.000Z,gothenborg,2016-12-17T00:00:00.000Z,51,Fishing,gothenborg,1
57.70709,11.65929,0,37,206,4,FISKE PLATS,DK,47,0,STELLA NOVA,2,156348,9,25,5,0,43,1,2016-12-17T19:05:05.000Z,gothenborg,2016-12-17T00:00:00.000Z,51,Fishing,gothenborg,1
57.70707,11.65928,0,125,206,3,FISKE PLATS,DK,47,0,STELLA NOVA,2,156348,9,25,5,0,43,1,2016-12-17T19:07:05.000Z,gothenborg,2016-12-17T00:00:00.000Z,51,Fishing,gothenborg,1
57.70706,11.65926,0,10,205,2,FISKE PLATS,DK,47,0,STELLA NOVA,2,156348,9,25,5,0,43,1,2016-12-17T19:09:05.000Z,gothenborg,2016-12-17T00:00:00.000Z,51,Fishing,gothenborg,1
57.70706,11.65926,0,10,205,4,FISKE PLATS,DK,47,0,STELLA NOVA,2,156348,9,25,5,0,43,1,2016-12-17T19:11:05.000Z,gothenborg,2016-12-17T00:00:00.000Z,51,Fishing,gothenborg,1
57.70707,11.65929,0,340,206,2,FISKE PLATS,DK,47,0,STELLA NOVA,2,156348,9,25,5,0,43,1,2016-12-17T19:13:06.000Z,gothenborg,2016-12-17T00:00:00.000Z,51,Fishing,gothenborg,1
57.70707,11.65929,0,340,206,4,FISKE PLATS,DK,47,0,STELLA NOVA,2,156348,9,25,5,0,43,1,2016-12-17T19:15:05.000Z,gothenborg,2016-12-17T00:00:00.000Z,51,Fishing,gothenborg,1
57.70707,11.6593,0,29,205,2,FISKE PLATS,DK,47,0,STELLA NOVA,2,156348,9,25,5,0,43,1,2016-12-17T19:17:05.000Z,gothenborg,2016-12-17T00:00:00.000Z,51,Fishing,gothenborg,1
57.70707,11.6593,0,29,205,4,FISKE PLATS,DK,47,0,STELLA NOVA,2,156348,9,25,5,0,43,1,2016-12-17T19:19:04.000Z,gothenborg,2016-12-17T00:00:00.000Z,51,Fishing,gothenborg,1
57.70708,11.65929,0,159,206,2,FISKE PLATS,DK,47,0,STELLA NOVA,2,156348,9,25,5,0,43,1,2016-12-17T19:21:05.000Z,gothenborg,2016-12-17T00:00:00.000Z,51,Fishing,gothenborg,1
57.70708,11.65929,0,159,206,4,FISKE PLATS,DK,47,0,STELLA NOVA,2,156348,9,25,5,0,43,1,2016-12-17T19:23:05.000Z,gothenborg,2016-12-17T00:00:00.000Z,51,Fishing,gothenborg,1
57.70708,11.65929,0,159,206,6,FISKE PLATS,DK,47,0,STELLA NOVA,2,156348,9,25,5,0,43,1,2016-12-17T19:25:05.000Z,gothenborg,2016-12-17T00:00:00.000Z,51,Fishing,gothenborg,1
57.70706,11.65926,0,196,205,4,FISKE PLATS,DK,47,0,STELLA NOVA,2,156348,9,25,5,0,43,1,2016-12-17T19:27:05.000Z,gothenborg,2016-12-17T00:00:00.000Z,51,Fishing,gothenborg,1
57.70707,11.65929,0,254,206,3,FISKE PLATS,DK,47,0,STELLA NOVA,2,156348,9,25,5,0,43,1,2016-12-17T19:29:05.000Z,gothenborg,2016-12-17T00:00:00.000Z,51,Fishing,gothenborg,1
57.70707,11.65929,0,254,206,4,FISKE PLATS,DK,47,0,STELLA NOVA,2,156348,9,25,5,0,43,1,2016-12-17T19:31:05.000Z,gothenborg,2016-12-17T00:00:00.000Z,51,Fishing,gothenborg,1
57.70708,11.6593,0,9,206,3,FISKE PLATS,DK,47,0,STELLA NOVA,2,156348,9,25,5,0,43,1,2016-12-17T19:33:05.000Z,gothenborg,2016-12-17T00:00:00.000Z,51,Fishing,gothenborg,1
57.70708,11.6593,0,9,206,5,FISKE PLATS,DK,47,0,STELLA NOVA,2,156348,9,25,5,0,43,1,2016-12-17T19:35:05.000Z,gothenborg,2016-12-17T00:00:00.000Z,51,Fishing,gothenborg,1
57.70707,11.65928,0,139,206,3,FISKE PLATS,DK,47,0,STELLA NOVA,2,156348,9,25,5,0,43,1,2016-12-17T19:37:05.000Z,gothenborg,2016-12-17T00:00:00.000Z,51,Fishing,gothenborg,1
57.70707,11.65928,0,139,206,5,FISKE PLATS,DK,47,0,STELLA NOVA,2,156348,9,25,5,0,43,1,2016-12-17T19:39:05.000Z,gothenborg,2016-12-17T00:00:00.000Z,51,Fishing,gothenborg,1
57.70706,11.65926,0,307,206,2,FISKE PLATS,DK,47,0,STELLA NOVA,2,156348,9,25,5,0,43,1,2016-12-17T19:41:05.000Z,gothenborg,2016-12-17T00:00:00.000Z,51,Fishing,gothenborg,1
57.70706,11.65926,0,307,206,4,FISKE PLATS,DK,47,0,STELLA NOVA,2,156348,9,25,5,0,43,1,2016-12-17T19:43:05.000Z,gothenborg,2016-12-17T00:00:00.000Z,51,Fishing,gothenborg,1
57.70707,11.65931,0,219,206,3,FISKE PLATS,DK,47,0,STELLA NOVA,2,156348,9,25,5,0,43,1,2016-12-17T19:45:05.000Z,gothenborg,2016-12-17T00:00:00.000Z,51,Fishing,gothenborg,1
57.70706,11.6593,0,0,205,2,FISKE PLATS,DK,47,0,STELLA NOVA,2,156348,9,25,5,0,43,1,2016-12-17T19:47:05.000Z,gothenborg,2016-12-17T00:00:00.000Z,51,Fishing,gothenborg,1
57.70706,11.6593,0,0,205,4,FISKE PLATS,DK,47,0,STELLA NOVA,2,156348,9,25,5,0,43,1,2016-12-17T19:49:05.000Z,gothenborg,2016-12-17T00:00:00.000Z,51,Fishing,gothenborg,1
57.70708,11.65929,0,314,206,3,FISKE PLATS,DK,47,0,STELLA NOVA,2,156348,9,25,5,0,43,1,2016-12-17T19:51:05.000Z,gothenborg,2016-12-17T00:00:00.000Z,51,Fishing,gothenborg,1
57.70707,11.6593,0,315,205,2,FISKE PLATS,DK,47,0,STELLA NOVA,2,156348,9,25,5,0,43,1,2016-12-17T19:53:05.000Z,gothenborg,2016-12-17T00:00:00.000Z,51,Fishing,gothenborg,1
57.70707,11.6593,0,315,205,4,FISKE PLATS,DK,47,0,STELLA NOVA,2,156348,9,25,5,0,43,1,2016-12-17T19:55:05.000Z,gothenborg,2016-12-17T00:00:00.000Z,51,Fishing,gothenborg,1
57.70707,11.6593,0,315,205,4,FISKE PLATS,DK,47,0,STELLA NOVA,2,156348,9,25,5,0,43,1,2016-12-17T19:57:05.000Z,gothenborg,2016-12-17T00:00:00.000Z,51,Fishing,gothenborg,1
57.70707,11.65928,0,358,206,4,FISKE PLATS,DK,47,0,STELLA NOVA,2,156348,9,25,5,0,43,1,2016-12-17T19:59:06.000Z,gothenborg,2016-12-17T00:00:00.000Z,51,Fishing,gothenborg,1
57.70707,11.65928,0,345,206,2,FISKE PLATS,DK,47,0,STELLA NOVA,2,156348,9,25,5,0,43,1,2016-12-17T20:01:05.000Z,gothenborg,2016-12-17T00:00:00.000Z,51,Fishing,gothenborg,1
57.70707,11.65928,0,345,206,4,FISKE PLATS,DK,47,0,STELLA NOVA,2,156348,9,25,5,0,43,1,2016-12-17T20:03:05.000Z,gothenborg,2016-12-17T00:00:00.000Z,51,Fishing,gothenborg,1
57.70708,11.65929,0,323,206,3,FISKE PLATS,DK,47,0,STELLA NOVA,2,156348,9,25,5,0,43,1,2016-12-17T20:05:05.000Z,gothenborg,2016-12-17T00:00:00.000Z,51,Fishing,gothenborg,1
57.70708,11.65929,0,323,206,5,FISKE PLATS,DK,47,0,STELLA NOVA,2,156348,9,25,5,0,43,1,2016-12-17T20:07:05.000Z,gothenborg,2016-12-17T00:00:00.000Z,51,Fishing,gothenborg,1
57.70707,11.65926,0,329,206,4,FISKE PLATS,DK,47,0,STELLA NOVA,2,156348,9,25,5,0,43,1,2016-12-17T20:09:05.000Z,gothenborg,2016-12-17T00:00:00.000Z,51,Fishing,gothenborg,1
57.70705,11.6593,0,276,206,2,FISKE PLATS,DK,47,0,STELLA NOVA,2,156348,9,25,5,0,43,1,2016-12-17T20:11:04.000Z,gothenborg,2016-12-17T00:00:00.000Z,51,Fishing,gothenborg,1
57.70705,11.6593,0,276,206,4,FISKE PLATS,DK,47,0,STELLA NOVA,2,156348,9,25,5,0,43,1,2016-12-17T20:13:06.000Z,gothenborg,2016-12-17T00:00:00.000Z,51,Fishing,gothenborg,1
57.70707,11.65927,0,325,205,3,FISKE PLATS,DK,47,0,STELLA NOVA,2,156348,9,25,5,0,43,1,2016-12-17T20:15:05.000Z,gothenborg,2016-12-17T00:00:00.000Z,51,Fishing,gothenborg,1
57.70707,11.65927,0,325,205,5,FISKE PLATS,DK,47,0,STELLA NOVA,2,156348,9,25,5,0,43,1,2016-12-17T20:17:05.000Z,gothenborg,2016-12-17T00:00:00.000Z,51,Fishing,gothenborg,1
57.70707,11.65925,0,318,206,2,FISKE PLATS,DK,47,0,STELLA NOVA,2,156348,9,25,5,0,43,1,2016-12-17T20:19:06.000Z,gothenborg,2016-12-17T00:00:00.000Z,51,Fishing,gothenborg,1
57.70707,11.65925,0,318,206,4,FISKE PLATS,DK,47,0,STELLA NOVA,2,156348,9,25,5,0,43,1,2016-12-17T20:21:05.000Z,gothenborg,2016-12-17T00:00:00.000Z,51,Fishing,gothenborg,1
57.70707,11.65929,0,288,206,3,FISKE PLATS,DK,47,0,STELLA NOVA,2,156348,9,25,5,0,43,1,2016-12-17T20:23:05.000Z,gothenborg,2016-12-17T00:00:00.000Z,51,Fishing,gothenborg,1
57.70707,11.65929,0,288,206,5,FISKE PLATS,DK,47,0,STELLA NOVA,2,156348,9,25,5,0,43,1,2016-12-17T20:25:05.000Z,gothenborg,2016-12-17T00:00:00.000Z,51,Fishing,gothenborg,1
57.70707,11.65925,0,299,206,3,FISKE PLATS,DK,47,0,STELLA NOVA,2,156348,9,25,5,0,43,1,2016-12-17T20:27:05.000Z,gothenborg,2016-12-17T00:00:00.000Z,51,Fishing,gothenborg,1
57.70707,11.65925,0,299,206,5,FISKE PLATS,DK,47,0,STELLA NOVA,2,156348,9,25,5,0,43,1,2016-12-17T20:29:05.000Z,gothenborg,2016-12-17T00:00:00.000Z,51,Fishing,gothenborg,1
57.70708,11.65926,0,88,206,3,FISKE PLATS,DK,47,0,STELLA NOVA,2,156348,9,25,5,0,43,1,2016-12-17T20:31:05.000Z,gothenborg,2016-12-17T00:00:00.000Z,51,Fishing,gothenborg,1
57.70708,11.65926,0,88,206,5,FISKE PLATS,DK,47,0,STELLA NOVA,2,156348,9,25,5,0,43,1,2016-12-17T20:33:05.000Z,gothenborg,2016-12-17T00:00:00.000Z,51,Fishing,gothenborg,1
57.70707,11.6593,0,267,205,3,FISKE PLATS,DK,47,0,STELLA NOVA,2,156348,9,25,5,0,43,1,2016-12-17T20:35:05.000Z,gothenborg,2016-12-17T00:00:00.000Z,51,Fishing,gothenborg,1
57.70707,11.6593,0,267,205,5,FISKE PLATS,DK,47,0,STELLA NOVA,2,156348,9,25,5,0,43,1,2016-12-17T20:37:05.000Z,gothenborg,2016-12-17T00:00:00.000Z,51,Fishing,gothenborg,1
57.70707,11.65924,0,329,206,3,FISKE PLATS,DK,47,0,STELLA NOVA,2,156348,9,25,5,0,43,1,2016-12-17T20:39:05.000Z,gothenborg,2016-12-17T00:00:00.000Z,51,Fishing,gothenborg,1
57.70707,11.65924,0,329,206,5,FISKE PLATS,DK,47,0,STELLA NOVA,2,156348,9,25,5,0,43,1,2016-12-17T20:41:05.000Z,gothenborg,2016-12-17T00:00:00.000Z,51,Fishing,gothenborg,1
57.70707,11.65927,0,113,205,3,FISKE PLATS,DK,47,0,STELLA NOVA,2,156348,9,25,5,0,43,1,2016-12-17T20:43:05.000Z,gothenborg,2016-12-17T00:00:00.000Z,51,Fishing,gothenborg,1
57.70707,11.65927,0,113,205,5,FISKE PLATS,DK,47,0,STELLA NOVA,2,156348,9,25,5,0,43,1,2016-12-17T20:45:05.000Z,gothenborg,2016-12-17T00:00:00.000Z,51,Fishing,gothenborg,1
57.70707,11.65927,0,113,205,5,FISKE PLATS,DK,47,0,STELLA NOVA,2,156348,9,25,5,0,43,1,2016-12-17T20:47:04.000Z,gothenborg,2016-12-17T00:00:00.000Z,51,Fishing,gothenborg,1
57.70705,11.65928,0,149,205,2,FISKE PLATS,DK,47,0,STELLA NOVA,2,156348,9,25,5,0,43,1,2016-12-17T20:49:05.000Z,gothenborg,2016-12-17T00:00:00.000Z,51,Fishing,gothenborg,1
57.70705,11.65928,0,149,205,4,FISKE PLATS,DK,47,0,STELLA NOVA,2,156348,9,25,5,0,43,1,2016-12-17T20:51:05.000Z,gothenborg,2016-12-17T00:00:00.000Z,51,Fishing,gothenborg,1
57.70705,11.65927,0,171,205,3,FISKE PLATS,DK,47,0,STELLA NOVA,2,156348,9,25,5,0,43,1,2016-12-17T20:53:05.000Z,gothenborg,2016-12-17T00:00:00.000Z,51,Fishing,gothenborg,1
57.70706,11.65929,0,15,205,2,FISKE PLATS,DK,47,0,STELLA NOVA,2,156348,9,25,5,0,43,1,2016-12-17T20:55:05.000Z,gothenborg,2016-12-17T00:00:00.000Z,51,Fishing,gothenborg,1
57.70706,11.65929,0,15,205,4,FISKE PLATS,DK,47,0,STELLA NOVA,2,156348,9,25,5,0,43,1,2016-12-17T20:57:05.000Z,gothenborg,2016-12-17T00:00:00.000Z,51,Fishing,gothenborg,1
57.70707,11.65929,0,352,204,2,FISKE PLATS,DK,47,0,STELLA NOVA,2,156348,9,25,5,0,43,1,2016-12-17T20:59:05.000Z,gothenborg,2016-12-17T00:00:00.000Z,51,Fishing,gothenborg,1
57.70707,11.65929,0,352,204,4,FISKE PLATS,DK,47,0,STELLA NOVA,2,156348,9,25,5,0,43,1,2016-12-17T21:01:05.000Z,gothenborg,2016-12-17T00:00:00.000Z,51,Fishing,gothenborg,1
57.70707,11.65929,0,349,205,2,FISKE PLATS,DK,47,0,STELLA NOVA,2,156348,9,25,5,0,43,1,2016-12-17T21:03:05.000Z,gothenborg,2016-12-17T00:00:00.000Z,51,Fishing,gothenborg,1
57.70707,11.65929,0,349,205,4,FISKE PLATS,DK,47,0,STELLA NOVA,2,156348,9,25,5,0,43,1,2016-12-17T21:05:05.000Z,gothenborg,2016-12-17T00:00:00.000Z,51,Fishing,gothenborg,1
57.70708,11.65928,0,330,205,2,FISKE PLATS,DK,47,0,STELLA NOVA,2,156348,9,25,5,0,43,1,2016-12-17T21:07:05.000Z,gothenborg,2016-12-17T00:00:00.000Z,51,Fishing,gothenborg,1
57.70708,11.65928,0,330,205,4,FISKE PLATS,DK,47,0,STELLA NOVA,2,156348,9,25,5,0,43,1,2016-12-17T21:09:05.000Z,gothenborg,2016-12-17T00:00:00.000Z,51,Fishing,gothenborg,1
57.70707,11.6593,0,17,205,2,FISKE PLATS,DK,47,0,STELLA NOVA,2,156348,9,25,5,0,43,1,2016-12-17T21:11:05.000Z,gothenborg,2016-12-17T00:00:00.000Z,51,Fishing,gothenborg,1
57.70707,11.6593,0,17,205,4,FISKE PLATS,DK,47,0,STELLA NOVA,2,156348,9,25,5,0,43,1,2016-12-17T21:13:05.000Z,gothenborg,2016-12-17T00:00:00.000Z,51,Fishing,gothenborg,1
57.70707,11.6593,0,112,204,3,FISKE PLATS,DK,47,0,STELLA NOVA,2,156348,9,25,5,0,43,1,2016-12-17T21:15:05.000Z,gothenborg,2016-12-17T00:00:00.000Z,51,Fishing,gothenborg,1
57.70707,11.6593,0,112,204,4,FISKE PLATS,DK,47,0,STELLA NOVA,2,156348,9,25,5,0,43,1,2016-12-17T21:17:04.000Z,gothenborg,2016-12-17T00:00:00.000Z,51,Fishing,gothenborg,1
57.70707,11.65926,0,188,204,4,FISKE PLATS,DK,47,0,STELLA NOVA,2,156348,9,25,5,0,43,1,2016-12-17T21:19:05.000Z,gothenborg,2016-12-17T00:00:00.000Z,51,Fishing,gothenborg,1
57.70707,11.65926,0,188,204,6,FISKE PLATS,DK,47,0,STELLA NOVA,2,156348,9,25,5,0,43,1,2016-12-17T21:21:05.000Z,gothenborg,2016-12-17T00:00:00.000Z,51,Fishing,gothenborg,1
57.70706,11.65927,0,201,205,3,FISKE PLATS,DK,47,0,STELLA NOVA,2,156348,9,25,5,0,43,1,2016-12-17T21:23:05.000Z,gothenborg,2016-12-17T00:00:00.000Z,51,Fishing,gothenborg,1
57.70707,11.6593,0,226,205,2,FISKE PLATS,DK,47,0,STELLA NOVA,2,156348,9,25,5,0,43,1,2016-12-17T21:25:05.000Z,gothenborg,2016-12-17T00:00:00.000Z,51,Fishing,gothenborg,1
57.70707,11.6593,0,226,205,4,FISKE PLATS,DK,47,0,STELLA NOVA,2,156348,9,25,5,0,43,1,2016-12-17T21:27:05.000Z,gothenborg,2016-12-17T00:00:00.000Z,51,Fishing,gothenborg,1
57.70706,11.65928,0,194,206,3,FISKE PLATS,DK,47,0,STELLA NOVA,2,156348,9,25,5,0,43,1,2016-12-17T21:29:05.000Z,gothenborg,2016-12-17T00:00:00.000Z,51,Fishing,gothenborg,1
57.70706,11.65928,0,194,206,5,FISKE PLATS,DK,47,0,STELLA NOVA,2,156348,9,25,5,0,43,1,2016-12-17T21:31:05.000Z,gothenborg,2016-12-17T00:00:00.000Z,51,Fishing,gothenborg,1
57.70707,11.65928,0,180,206,3,FISKE PLATS,DK,47,0,STELLA NOVA,2,156348,9,25,5,0,43,1,2016-12-17T21:33:05.000Z,gothenborg,2016-12-17T00:00:00.000Z,51,Fishing,gothenborg,1
57.70707,11.65928,0,180,206,5,FISKE PLATS,DK,47,0,STELLA NOVA,2,156348,9,25,5,0,43,1,2016-12-17T21:35:05.000Z,gothenborg,2016-12-17T00:00:00.000Z,51,Fishing,gothenborg,1
57.70706,11.65928,0,195,205,4,FISKE PLATS,DK,47,0,STELLA NOVA,2,156348,9,25,5,0,43,1,2016-12-17T21:37:05.000Z,gothenborg,2016-12-17T00:00:00.000Z,51,Fishing,gothenborg,1
57.70707,11.65928,0,265,206,2,FISKE PLATS,DK,47,0,STELLA NOVA,2,156348,9,25,5,0,43,1,2016-12-17T21:39:05.000Z,gothenborg,2016-12-17T00:00:00.000Z,51,Fishing,gothenborg,1
57.70707,11.65928,0,265,206,4,FISKE PLATS,DK,47,0,STELLA NOVA,2,156348,9,25,5,0,43,1,2016-12-17T21:41:05.000Z,gothenborg,2016-12-17T00:00:00.000Z,51,Fishing,gothenborg,1
57.70705,11.6593,0,176,206,3,FISKE PLATS,DK,47,0,STELLA NOVA,2,156348,9,25,5,0,43,1,2016-12-17T21:43:04.000Z,gothenborg,2016-12-17T00:00:00.000Z,51,Fishing,gothenborg,1
57.70705,11.65929,0,116,205,2,FISKE PLATS,DK,47,0,STELLA NOVA,2,156348,9,25,5,0,43,1,2016-12-17T21:45:06.000Z,gothenborg,2016-12-17T00:00:00.000Z,51,Fishing,gothenborg,1
57.70705,11.65929,0,116,205,2,FISKE PLATS,DK,47,0,STELLA NOVA,2,156348,9,25,5,0,43,1,2016-12-17T21:47:05.000Z,gothenborg,2016-12-17T00:00:00.000Z,51,Fishing,gothenborg,1
57.70708,11.6593,0,196,206,2,FISKE PLATS,DK,47,0,STELLA NOVA,2,156348,9,25,5,0,43,1,2016-12-17T21:49:05.000Z,gothenborg,2016-12-17T00:00:00.000Z,51,Fishing,gothenborg,1
57.70708,11.6593,0,196,206,4,FISKE PLATS,DK,47,0,STELLA NOVA,2,156348,9,25,5,0,43,1,2016-12-17T21:51:05.000Z,gothenborg,2016-12-17T00:00:00.000Z,51,Fishing,gothenborg,1
57.70708,11.6593,0,223,205,3,FISKE PLATS,DK,47,0,STELLA NOVA,2,156348,9,25,5,0,43,1,2016-12-17T21:53:05.000Z,gothenborg,2016-12-17T00:00:00.000Z,51,Fishing,gothenborg,1
57.70707,11.65928,0,191,206,2,FISKE PLATS,DK,47,0,STELLA NOVA,2,156348,9,25,5,0,43,1,2016-12-17T21:55:05.000Z,gothenborg,2016-12-17T00:00:00.000Z,51,Fishing,gothenborg,1
57.70707,11.65928,0,191,206,4,FISKE PLATS,DK,47,0,STELLA NOVA,2,156348,9,25,5,0,43,1,2016-12-17T21:57:06.000Z,gothenborg,2016-12-17T00:00:00.000Z,51,Fishing,gothenborg,1
57.70704,11.6593,0,234,205,2,FISKE PLATS,DK,47,0,STELLA NOVA,2,156348,9,25,5,0,43,1,2016-12-17T21:59:05.000Z,gothenborg,2016-12-17T00:00:00.000Z,51,Fishing,gothenborg,1
57.70704,11.6593,0,234,205,4,FISKE PLATS,DK,47,0,STELLA NOVA,2,156348,9,25,5,0,43,1,2016-12-17T22:01:05.000Z,gothenborg,2016-12-17T00:00:00.000Z,51,Fishing,gothenborg,1
57.70706,11.6593,0,207,205,3,FISKE PLATS,DK,47,0,STELLA NOVA,2,156348,9,25,5,0,43,1,2016-12-17T22:03:05.000Z,gothenborg,2016-12-17T00:00:00.000Z,51,Fishing,gothenborg,1
57.70707,11.6593,0,207,205,2,FISKE PLATS,DK,47,0,STELLA NOVA,2,156348,9,25,5,0,43,1,2016-12-17T22:05:06.000Z,gothenborg,2016-12-17T00:00:00.000Z,51,Fishing,gothenborg,1
57.70707,11.6593,0,207,205,4,FISKE PLATS,DK,47,0,STELLA NOVA,2,156348,9,25,5,0,43,1,2016-12-17T22:07:05.000Z,gothenborg,2016-12-17T00:00:00.000Z,51,Fishing,gothenborg,1
57.70708,11.65928,0,243,205,2,FISKE PLATS,DK,47,0,STELLA NOVA,2,156348,9,25,5,0,43,1,2016-12-17T22:09:05.000Z,gothenborg,2016-12-17T00:00:00.000Z,51,Fishing,gothenborg,1
57.70708,11.65928,0,243,205,4,FISKE PLATS,DK,47,0,STELLA NOVA,2,156348,9,25,5,0,43,1,2016-12-17T22:11:05.000Z,gothenborg,2016-12-17T00:00:00.000Z,51,Fishing,gothenborg,1
57.70707,11.65932,0,211,206,3,FISKE PLATS,DK,47,0,STELLA NOVA,2,156348,9,25,5,0,43,1,2016-12-17T22:13:05.000Z,gothenborg,2016-12-17T00:00:00.000Z,51,Fishing,gothenborg,1
57.70707,11.65932,0,211,206,5,FISKE PLATS,DK,47,0,STELLA NOVA,2,156348,9,25,5,0,43,1,2016-12-17T22:15:05.000Z,gothenborg,2016-12-17T00:00:00.000Z,51,Fishing,gothenborg,1
57.70707,11.65932,0,211,206,5,FISKE PLATS,DK,47,0,STELLA NOVA,2,156348,9,25,5,0,43,1,2016-12-17T22:17:04.000Z,gothenborg,2016-12-17T00:00:00.000Z,51,Fishing,gothenborg,1
57.70706,11.6593,0,262,205,2,FISKE PLATS,DK,47,0,STELLA NOVA,2,156348,9,25,5,0,43,1,2016-12-17T22:19:05.000Z,gothenborg,2016-12-17T00:00:00.000Z,51,Fishing,gothenborg,1
57.70706,11.6593,0,262,205,4,FISKE PLATS,DK,47,0,STELLA NOVA,2,156348,9,25,5,0,43,1,2016-12-17T22:21:05.000Z,gothenborg,2016-12-17T00:00:00.000Z,51,Fishing,gothenborg,1
57.70707,11.65929,0,226,206,3,FISKE PLATS,DK,47,0,STELLA NOVA,2,156348,9,25,5,0,43,1,2016-12-17T22:23:05.000Z,gothenborg,2016-12-17T00:00:00.000Z,51,Fishing,gothenborg,1
57.70707,11.6593,0,196,205,2,FISKE PLATS,DK,47,0,STELLA NOVA,2,156348,9,25,5,0,43,1,2016-12-17T22:25:05.000Z,gothenborg,2016-12-17T00:00:00.000Z,51,Fishing,gothenborg,1
57.70707,11.6593,0,196,205,4,FISKE PLATS,DK,47,0,STELLA NOVA,2,156348,9,25,5,0,43,1,2016-12-17T22:27:06.000Z,gothenborg,2016-12-17T00:00:00.000Z,51,Fishing,gothenborg,1
57.70707,11.6593,0,196,205,6,FISKE PLATS,DK,47,0,STELLA NOVA,2,156348,9,25,5,0,43,1,2016-12-17T22:29:05.000Z,gothenborg,2016-12-17T00:00:00.000Z,51,Fishing,gothenborg,1
57.70707,11.6593,0,263,206,2,FISKE PLATS,DK,47,0,STELLA NOVA,2,156348,9,25,5,0,43,1,2016-12-17T22:31:05.000Z,gothenborg,2016-12-17T00:00:00.000Z,51,Fishing,gothenborg,1
57.70707,11.65928,0,253,206,2,FISKE PLATS,DK,47,0,STELLA NOVA,2,156348,9,25,5,0,43,1,2016-12-17T22:33:05.000Z,gothenborg,2016-12-17T00:00:00.000Z,51,Fishing,gothenborg,1
57.70707,11.65928,0,253,206,4,FISKE PLATS,DK,47,0,STELLA NOVA,2,156348,9,25,5,0,43,1,2016-12-17T22:35:04.000Z,gothenborg,2016-12-17T00:00:00.000Z,51,Fishing,gothenborg,1
57.70706,11.65928,0,247,205,3,FISKE PLATS,DK,47,0,STELLA NOVA,2,156348,9,25,5,0,43,1,2016-12-17T22:37:05.000Z,gothenborg,2016-12-17T00:00:00.000Z,51,Fishing,gothenborg,1
57.70707,11.65929,0,286,205,2,FISKE PLATS,DK,47,0,STELLA NOVA,2,156348,9,25,5,0,43,1,2016-12-17T22:39:05.000Z,gothenborg,2016-12-17T00:00:00.000Z,51,Fishing,gothenborg,1
57.70707,11.65929,0,286,205,4,FISKE PLATS,DK,47,0,STELLA NOVA,2,156348,9,25,5,0,43,1,2016-12-17T22:41:05.000Z,gothenborg,2016-12-17T00:00:00.000Z,51,Fishing,gothenborg,1
57.70707,11.65929,0,286,205,6,FISKE PLATS,DK,47,0,STELLA NOVA,2,156348,9,25,5,0,43,1,2016-12-17T22:43:05.000Z,gothenborg,2016-12-17T00:00:00.000Z,51,Fishing,gothenborg,1
57.70706,11.6593,0,214,205,4,FISKE PLATS,DK,47,0,STELLA NOVA,2,156348,9,25,5,0,43,1,2016-12-17T22:45:06.000Z,gothenborg,2016-12-17T00:00:00.000Z,51,Fishing,gothenborg,1
57.70706,11.6593,0,214,205,6,FISKE PLATS,DK,47,0,STELLA NOVA,2,156348,9,25,5,0,43,1,2016-12-17T22:47:05.000Z,gothenborg,2016-12-17T00:00:00.000Z,51,Fishing,gothenborg,1
57.70708,11.65929,0,314,205,3,FISKE PLATS,DK,47,0,STELLA NOVA,2,156348,9,25,5,0,43,1,2016-12-17T22:49:05.000Z,gothenborg,2016-12-17T00:00:00.000Z,51,Fishing,gothenborg,1
57.70708,11.65929,0,314,205,5,FISKE PLATS,DK,47,0,STELLA NOVA,2,156348,9,25,5,0,43,1,2016-12-17T22:51:05.000Z,gothenborg,2016-12-17T00:00:00.000Z,51,Fishing,gothenborg,1
57.70708,11.65928,0,271,206,3,FISKE PLATS,DK,47,0,STELLA NOVA,2,156348,9,25,5,0,43,1,2016-12-17T22:53:05.000Z,gothenborg,2016-12-17T00:00:00.000Z,51,Fishing,gothenborg,1
57.70708,11.65928,0,271,206,5,FISKE PLATS,DK,47,0,STELLA NOVA,2,156348,9,25,5,0,43,1,2016-12-17T22:55:05.000Z,gothenborg,2016-12-17T00:00:00.000Z,51,Fishing,gothenborg,1
57.70707,11.6593,0,249,205,3,FISKE PLATS,DK,47,0,STELLA NOVA,2,156348,9,25,5,0,43,1,2016-12-17T22:57:05.000Z,gothenborg,2016-12-17T00:00:00.000Z,51,Fishing,gothenborg,1
57.70707,11.6593,0,249,205,5,FISKE PLATS,DK,47,0,STELLA NOVA,2,156348,9,25,5,0,43,1,2016-12-17T22:59:05.000Z,gothenborg,2016-12-17T00:00:00.000Z,51,Fishing,gothenborg,1
57.70705,11.65928,0,292,205,3,FISKE PLATS,DK,47,0,STELLA NOVA,2,156348,9,25,5,0,43,1,2016-12-17T23:01:05.000Z,gothenborg,2016-12-17T00:00:00.000Z,51,Fishing,gothenborg,1
57.70705,11.65928,0,292,205,5,FISKE PLATS,DK,47,0,STELLA NOVA,2,156348,9,25,5,0,43,1,2016-12-17T23:03:05.000Z,gothenborg,2016-12-17T00:00:00.000Z,51,Fishing,gothenborg,1
57.70708,11.6593,0,326,204,3,FISKE PLATS,DK,47,0,STELLA NOVA,2,156348,9,25,5,0,43,1,2016-12-17T23:05:05.000Z,gothenborg,2016-12-17T00:00:00.000Z,51,Fishing,gothenborg,1
57.70708,11.6593,0,326,204,5,FISKE PLATS,DK,47,0,STELLA NOVA,2,156348,9,25,5,0,43,1,2016-12-17T23:07:05.000Z,gothenborg,2016-12-17T00:00:00.000Z,51,Fishing,gothenborg,1
57.70708,11.65928,0,330,204,3,FISKE PLATS,DK,47,0,STELLA NOVA,2,156348,9,25,5,0,43,1,2016-12-17T23:09:05.000Z,gothenborg,2016-12-17T00:00:00.000Z,51,Fishing,gothenborg,1
57.70711,11.65925,0,10,205,2,FISKE PLATS,DK,47,0,STELLA NOVA,2,156348,9,25,5,0,43,1,2016-12-17T23:11:05.000Z,gothenborg,2016-12-17T00:00:00.000Z,51,Fishing,gothenborg,1
57.70711,11.65925,0,10,205,4,FISKE PLATS,DK,47,0,STELLA NOVA,2,156348,9,25,5,0,43,1,2016-12-17T23:13:05.000Z,gothenborg,2016-12-17T00:00:00.000Z,51,Fishing,gothenborg,1
57.70709,11.65927,0,344,205,3,FISKE PLATS,DK,47,0,STELLA NOVA,2,156348,9,25,5,0,43,1,2016-12-17T23:15:05.000Z,gothenborg,2016-12-17T00:00:00.000Z,51,Fishing,gothenborg,1
57.70707,11.65927,0,204,205,2,FISKE PLATS,DK,47,0,STELLA NOVA,2,156348,9,25,5,0,43,1,2016-12-17T23:17:05.000Z,gothenborg,2016-12-17T00:00:00.000Z,51,Fishing,gothenborg,1
57.70707,11.65927,0,204,205,4,FISKE PLATS,DK,47,0,STELLA NOVA,2,156348,9,25,5,0,43,1,2016-12-17T23:19:05.000Z,gothenborg,2016-12-17T00:00:00.000Z,51,Fishing,gothenborg,1
57.70709,11.65926,0,333,205,3,FISKE PLATS,DK,47,0,STELLA NOVA,2,156348,9,25,5,0,43,1,2016-12-17T23:21:05.000Z,gothenborg,2016-12-17T00:00:00.000Z,51,Fishing,gothenborg,1
57.70709,11.65926,0,333,205,5,FISKE PLATS,DK,47,0,STELLA NOVA,2,156348,9,25,5,0,43,1,2016-12-17T23:23:06.000Z,gothenborg,2016-12-17T00:00:00.000Z,51,Fishing,gothenborg,1
57.70707,11.65928,0,336,205,3,FISKE PLATS,DK,47,0,STELLA NOVA,2,156348,9,25,5,0,43,1,2016-12-17T23:25:05.000Z,gothenborg,2016-12-17T00:00:00.000Z,51,Fishing,gothenborg,1
57.70707,11.65928,0,336,205,5,FISKE PLATS,DK,47,0,STELLA NOVA,2,156348,9,25,5,0,43,1,2016-12-17T23:27:05.000Z,gothenborg,2016-12-17T00:00:00.000Z,51,Fishing,gothenborg,1
57.70709,11.65924,0,338,205,3,FISKE PLATS,DK,47,0,STELLA NOVA,2,156348,9,25,5,0,43,1,2016-12-17T23:29:04.000Z,gothenborg,2016-12-17T00:00:00.000Z,51,Fishing,gothenborg,1
57.70709,11.65924,0,338,205,5,FISKE PLATS,DK,47,0,STELLA NOVA,2,156348,9,25,5,0,43,1,2016-12-17T23:31:05.000Z,gothenborg,2016-12-17T00:00:00.000Z,51,Fishing,gothenborg,1
57.70708,11.65926,0,352,206,3,FISKE PLATS,DK,47,0,STELLA NOVA,2,156348,9,25,5,0,43,1,2016-12-17T23:33:05.000Z,gothenborg,2016-12-17T00:00:00.000Z,51,Fishing,gothenborg,1
57.70708,11.65926,0,352,206,5,FISKE PLATS,DK,47,0,STELLA NOVA,2,156348,9,25,5,0,43,1,2016-12-17T23:35:05.000Z,gothenborg,2016-12-17T00:00:00.000Z,51,Fishing,gothenborg,1
57.70708,11.65927,0,322,206,2,FISKE PLATS,DK,47,0,STELLA NOVA,2,156348,9,25,5,0,43,1,2016-12-17T23:37:05.000Z,gothenborg,2016-12-17T00:00:00.000Z,51,Fishing,gothenborg,1
57.70708,11.65927,0,322,206,4,FISKE PLATS,DK,47,0,STELLA NOVA,2,156348,9,25,5,0,43,1,2016-12-17T23:39:05.000Z,gothenborg,2016-12-17T00:00:00.000Z,51,Fishing,gothenborg,1
57.70707,11.65927,0,326,205,2,FISKE PLATS,DK,47,0,STELLA NOVA,2,156348,9,25,5,0,43,1,2016-12-17T23:41:05.000Z,gothenborg,2016-12-17T00:00:00.000Z,51,Fishing,gothenborg,1
57.70707,11.65927,0,326,205,4,FISKE PLATS,DK,47,0,STELLA NOVA,2,156348,9,25,5,0,43,1,2016-12-17T23:43:06.000Z,gothenborg,2016-12-17T00:00:00.000Z,51,Fishing,gothenborg,1
57.70707,11.65927,0,332,205,2,FISKE PLATS,DK,47,0,STELLA NOVA,2,156348,9,25,5,0,43,1,2016-12-17T23:45:05.000Z,gothenborg,2016-12-17T00:00:00.000Z,51,Fishing,gothenborg,1
57.70707,11.65927,0,332,205,4,FISKE PLATS,DK,47,0,STELLA NOVA,2,156348,9,25,5,0,43,1,2016-12-17T23:47:06.000Z,gothenborg,2016-12-17T00:00:00.000Z,51,Fishing,gothenborg,1
57.70709,11.65926,0,343,205,2,FISKE PLATS,DK,47,0,STELLA NOVA,2,156348,9,25,5,0,43,1,2016-12-17T23:49:05.000Z,gothenborg,2016-12-17T00:00:00.000Z,51,Fishing,gothenborg,1
57.70709,11.65926,0,343,205,4,FISKE PLATS,DK,47,0,STELLA NOVA,2,156348,9,25,5,0,43,1,2016-12-17T23:51:05.000Z,gothenborg,2016-12-17T00:00:00.000Z,51,Fishing,gothenborg,1
57.70708,11.65928,0,341,205,2,FISKE PLATS,DK,47,0,STELLA NOVA,2,156348,9,25,5,0,43,1,2016-12-17T23:53:06.000Z,gothenborg,2016-12-17T00:00:00.000Z,51,Fishing,gothenborg,1
57.70708,11.65928,0,341,205,4,FISKE PLATS,DK,47,0,STELLA NOVA,2,156348,9,25,5,0,43,1,2016-12-17T23:55:05.000Z,gothenborg,2016-12-17T00:00:00.000Z,51,Fishing,gothenborg,1
57.70709,11.65926,0,334,205,2,FISKE PLATS,DK,47,0,STELLA NOVA,2,156348,9,25,5,0,43,1,2016-12-17T23:57:05.000Z,gothenborg,2016-12-17T00:00:00.000Z,51,Fishing,gothenborg,1
57.70709,11.65926,0,334,205,4,FISKE PLATS,DK,47,0,STELLA NOVA,2,156348,9,25,5,0,43,1,2016-12-17T23:59:05.000Z,gothenborg,2016-12-17T00:00:00.000Z,51,Fishing,gothenborg,1
57.70709,11.65926,0,289,206,2,FISKE PLATS,DK,47,0,STELLA NOVA,2,156348,9,25,5,0,43,1,2016-12-18T00:01:10.000Z,gothenborg,2016-12-18T00:00:00.000Z,51,Fishing,gothenborg,1
57.70709,11.65926,0,289,206,3,FISKE PLATS,DK,47,0,STELLA NOVA,2,156348,9,25,5,0,43,1,2016-12-18T00:03:05.000Z,gothenborg,2016-12-18T00:00:00.000Z,51,Fishing,gothenborg,1
57.70709,11.65926,0,289,206,6,FISKE PLATS,DK,47,0,STELLA NOVA,2,156348,9,25,5,0,43,1,2016-12-18T00:05:05.000Z,gothenborg,2016-12-18T00:00:00.000Z,51,Fishing,gothenborg,1
57.70708,11.65929,0,309,205,3,FISKE PLATS,DK,47,0,STELLA NOVA,2,156348,9,25,5,0,43,1,2016-12-18T00:07:05.000Z,gothenborg,2016-12-18T00:00:00.000Z,51,Fishing,gothenborg,1
57.70707,11.65928,0,297,205,2,FISKE PLATS,DK,47,0,STELLA NOVA,2,156348,9,25,5,0,43,1,2016-12-18T00:09:06.000Z,gothenborg,2016-12-18T00:00:00.000Z,51,Fishing,gothenborg,1
57.70707,11.65928,0,297,205,4,FISKE PLATS,DK,47,0,STELLA NOVA,2,156348,9,25,5,0,43,1,2016-12-18T00:11:12.000Z,gothenborg,2016-12-18T00:00:00.000Z,51,Fishing,gothenborg,1
57.70707,11.65929,0,315,205,3,FISKE PLATS,DK,47,0,STELLA NOVA,2,156348,9,25,5,0,43,1,2016-12-18T00:13:05.000Z,gothenborg,2016-12-18T00:00:00.000Z,51,Fishing,gothenborg,1
57.70707,11.65929,0,315,205,5,FISKE PLATS,DK,47,0,STELLA NOVA,2,156348,9,25,5,0,43,1,2016-12-18T00:15:06.000Z,gothenborg,2016-12-18T00:00:00.000Z,51,Fishing,gothenborg,1
57.70708,11.65928,0,195,205,3,FISKE PLATS,DK,47,0,STELLA NOVA,2,156348,9,25,5,0,43,1,2016-12-18T00:17:06.000Z,gothenborg,2016-12-18T00:00:00.000Z,51,Fishing,gothenborg,1
57.70708,11.65928,0,195,205,5,FISKE PLATS,DK,47,0,STELLA NOVA,2,156348,9,25,5,0,43,1,2016-12-18T00:19:06.000Z,gothenborg,2016-12-18T00:00:00.000Z,51,Fishing,gothenborg,1
57.70707,11.65928,0,212,205,3,FISKE PLATS,DK,47,0,STELLA NOVA,2,156348,9,25,5,0,43,1,2016-12-18T00:21:05.000Z,gothenborg,2016-12-18T00:00:00.000Z,51,Fishing,gothenborg,1
57.70707,11.65928,0,212,205,5,FISKE PLATS,DK,47,0,STELLA NOVA,2,156348,9,25,5,0,43,1,2016-12-18T00:23:05.000Z,gothenborg,2016-12-18T00:00:00.000Z,51,Fishing,gothenborg,1
57.70707,11.65928,0,262,205,3,FISKE PLATS,DK,47,0,STELLA NOVA,2,156348,9,25,5,0,43,1,2016-12-18T00:25:06.000Z,gothenborg,2016-12-18T00:00:00.000Z,51,Fishing,gothenborg,1
57.70708,11.65927,0,12,205,2,FISKE PLATS,DK,47,0,STELLA NOVA,2,156348,9,25,5,0,43,1,2016-12-18T00:27:06.000Z,gothenborg,2016-12-18T00:00:00.000Z,51,Fishing,gothenborg,1
57.70708,11.65927,0,12,205,4,FISKE PLATS,DK,47,0,STELLA NOVA,2,156348,9,25,5,0,43,1,2016-12-18T00:29:06.000Z,gothenborg,2016-12-18T00:00:00.000Z,51,Fishing,gothenborg,1
57.70708,11.6593,0,5,205,3,FISKE PLATS,DK,47,0,STELLA NOVA,2,156348,9,25,5,0,43,1,2016-12-18T00:31:06.000Z,gothenborg,2016-12-18T00:00:00.000Z,51,Fishing,gothenborg,1
57.70708,11.6593,0,5,205,3,FISKE PLATS,DK,47,0,STELLA NOVA,2,156348,9,25,5,0,43,1,2016-12-18T00:33:05.000Z,gothenborg,2016-12-18T00:00:00.000Z,51,Fishing,gothenborg,1
57.70707,11.65928,0,4,205,3,FISKE PLATS,DK,47,0,STELLA NOVA,2,156348,9,25,5,0,43,1,2016-12-18T00:35:06.000Z,gothenborg,2016-12-18T00:00:00.000Z,51,Fishing,gothenborg,1
57.70709,11.6593,0,190,205,2,FISKE PLATS,DK,47,0,STELLA NOVA,2,156348,9,25,5,0,43,1,2016-12-18T00:37:05.000Z,gothenborg,2016-12-18T00:00:00.000Z,51,Fishing,gothenborg,1
57.70709,11.6593,0,190,205,4,FISKE PLATS,DK,47,0,STELLA NOVA,2,156348,9,25,5,0,43,1,2016-12-18T00:39:05.000Z,gothenborg,2016-12-18T00:00:00.000Z,51,Fishing,gothenborg,1
57.70707,11.65926,0,257,205,3,FISKE PLATS,DK,47,0,STELLA NOVA,2,156348,9,25,5,0,43,1,2016-12-18T00:41:05.000Z,gothenborg,2016-12-18T00:00:00.000Z,51,Fishing,gothenborg,1
57.70707,11.65926,0,257,205,5,FISKE PLATS,DK,47,0,STELLA NOVA,2,156348,9,25,5,0,43,1,2016-12-18T00:43:05.000Z,gothenborg,2016-12-18T00:00:00.000Z,51,Fishing,gothenborg,1
57.70707,11.65927,0,249,206,3,FISKE PLATS,DK,47,0,STELLA NOVA,2,156348,9,25,5,0,43,1,2016-12-18T00:45:05.000Z,gothenborg,2016-12-18T00:00:00.000Z,51,Fishing,gothenborg,1
57.70707,11.65927,0,249,206,5,FISKE PLATS,DK,47,0,STELLA NOVA,2,156348,9,25,5,0,43,1,2016-12-18T00:47:05.000Z,gothenborg,2016-12-18T00:00:00.000Z,51,Fishing,gothenborg,1
57.70707,11.6593,0,243,206,4,FISKE PLATS,DK,47,0,STELLA NOVA,2,156348,9,25,5,0,43,1,2016-12-18T00:49:05.000Z,gothenborg,2016-12-18T00:00:00.000Z,51,Fishing,gothenborg,1
57.70707,11.65926,0,258,206,2,FISKE PLATS,DK,47,0,STELLA NOVA,2,156348,9,25,5,0,43,1,2016-12-18T00:51:05.000Z,gothenborg,2016-12-18T00:00:00.000Z,51,Fishing,gothenborg,1
57.70707,11.65926,0,258,206,4,FISKE PLATS,DK,47,0,STELLA NOVA,2,156348,9,25,5,0,43,1,2016-12-18T00:53:04.000Z,gothenborg,2016-12-18T00:00:00.000Z,51,Fishing,gothenborg,1
57.70707,11.65928,0,267,206,3,FISKE PLATS,DK,47,0,STELLA NOVA,2,156348,9,25,5,0,43,1,2016-12-18T00:55:05.000Z,gothenborg,2016-12-18T00:00:00.000Z,51,Fishing,gothenborg,1
57.70707,11.65927,0,253,205,2,FISKE PLATS,DK,47,0,STELLA NOVA,2,156348,9,25,5,0,43,1,2016-12-18T00:57:05.000Z,gothenborg,2016-12-18T00:00:00.000Z,51,Fishing,gothenborg,1
57.70707,11.65927,0,253,205,4,FISKE PLATS,DK,47,0,STELLA NOVA,2,156348,9,25,5,0,43,1,2016-12-18T00:59:06.000Z,gothenborg,2016-12-18T00:00:00.000Z,51,Fishing,gothenborg,1
57.70707,11.65929,0,268,205,2,FISKE PLATS,DK,47,0,STELLA NOVA,2,156348,9,25,5,0,43,1,2016-12-18T01:01:05.000Z,gothenborg,2016-12-18T00:00:00.000Z,51,Fishing,gothenborg,1
57.70707,11.65929,0,268,205,4,FISKE PLATS,DK,47,0,STELLA NOVA,2,156348,9,25,5,0,43,1,2016-12-18T01:03:05.000Z,gothenborg,2016-12-18T00:00:00.000Z,51,Fishing,gothenborg,1
57.70707,11.65929,0,268,205,6,FISKE PLATS,DK,47,0,STELLA NOVA,2,156348,9,25,5,0,43,1,2016-12-18T01:05:05.000Z,gothenborg,2016-12-18T00:00:00.000Z,51,Fishing,gothenborg,1
57.70707,11.65928,0,234,205,4,FISKE PLATS,DK,47,0,STELLA NOVA,2,156348,9,25,5,0,43,1,2016-12-18T01:07:05.000Z,gothenborg,2016-12-18T00:00:00.000Z,51,Fishing,gothenborg,1
57.70706,11.65928,0,187,205,3,FISKE PLATS,DK,47,0,STELLA NOVA,2,156348,9,25,5,0,43,1,2016-12-18T01:09:04.000Z,gothenborg,2016-12-18T00:00:00.000Z,51,Fishing,gothenborg,1
57.70706,11.65928,0,187,205,5,FISKE PLATS,DK,47,0,STELLA NOVA,2,156348,9,25,5,0,43,1,2016-12-18T01:11:05.000Z,gothenborg,2016-12-18T00:00:00.000Z,51,Fishing,gothenborg,1
57.70705,11.65932,0,161,205,3,FISKE PLATS,DK,47,0,STELLA NOVA,2,156348,9,25,5,0,43,1,2016-12-18T01:13:05.000Z,gothenborg,2016-12-18T00:00:00.000Z,51,Fishing,gothenborg,1
57.70705,11.65932,0,161,205,5,FISKE PLATS,DK,47,0,STELLA NOVA,2,156348,9,25,5,0,43,1,2016-12-18T01:15:05.000Z,gothenborg,2016-12-18T00:00:00.000Z,51,Fishing,gothenborg,1
57.70705,11.65932,0,161,205,5,FISKE PLATS,DK,47,0,STELLA NOVA,2,156348,9,25,5,0,43,1,2016-12-18T01:17:04.000Z,gothenborg,2016-12-18T00:00:00.000Z,51,Fishing,gothenborg,1
57.70707,11.65928,0,207,206,5,FISKE PLATS,DK,47,0,STELLA NOVA,2,156348,9,25,5,0,43,1,2016-12-18T01:19:05.000Z,gothenborg,2016-12-18T00:00:00.000Z,51,Fishing,gothenborg,1
57.70705,11.65929,0,219,205,3,FISKE PLATS,DK,47,0,STELLA NOVA,2,156348,9,25,5,0,43,1,2016-12-18T01:21:05.000Z,gothenborg,2016-12-18T00:00:00.000Z,51,Fishing,gothenborg,1
57.70707,11.65927,0,257,205,3,FISKE PLATS,DK,47,0,STELLA NOVA,2,156348,9,25,5,0,43,1,2016-12-18T01:25:05.000Z,gothenborg,2016-12-18T00:00:00.000Z,51,Fishing,gothenborg,1
57.70707,11.65927,0,257,205,5,FISKE PLATS,DK,47,0,STELLA NOVA,2,156348,9,25,5,0,43,1,2016-12-18T01:27:05.000Z,gothenborg,2016-12-18T00:00:00.000Z,51,Fishing,gothenborg,1
57.70704,11.65927,0,224,205,3,FISKE PLATS,DK,47,0,STELLA NOVA,2,156348,9,25,5,0,43,1,2016-12-18T01:29:05.000Z,gothenborg,2016-12-18T00:00:00.000Z,51,Fishing,gothenborg,1
57.70704,11.65927,0,224,205,5,FISKE PLATS,DK,47,0,STELLA NOVA,2,156348,9,25,5,0,43,1,2016-12-18T01:31:05.000Z,gothenborg,2016-12-18T00:00:00.000Z,51,Fishing,gothenborg,1
57.70706,11.65928,0,205,205,3,FISKE PLATS,DK,47,0,STELLA NOVA,2,156348,9,25,5,0,43,1,2016-12-18T01:33:05.000Z,gothenborg,2016-12-18T00:00:00.000Z,51,Fishing,gothenborg,1
57.70707,11.65928,0,273,205,2,FISKE PLATS,DK,47,0,STELLA NOVA,2,156348,9,25,5,0,43,1,2016-12-18T01:35:05.000Z,gothenborg,2016-12-18T00:00:00.000Z,51,Fishing,gothenborg,1
57.70707,11.65928,0,273,205,4,FISKE PLATS,DK,47,0,STELLA NOVA,2,156348,9,25,5,0,43,1,2016-12-18T01:37:06.000Z,gothenborg,2016-12-18T00:00:00.000Z,51,Fishing,gothenborg,1
57.70705,11.65924,0,217,205,3,FISKE PLATS,DK,47,0,STELLA NOVA,2,156348,9,25,5,0,43,1,2016-12-18T01:39:06.000Z,gothenborg,2016-12-18T00:00:00.000Z,51,Fishing,gothenborg,1
57.70705,11.65924,0,217,205,3,FISKE PLATS,DK,47,0,STELLA NOVA,2,156348,9,25,5,0,43,1,2016-12-18T01:41:05.000Z,gothenborg,2016-12-18T00:00:00.000Z,51,Fishing,gothenborg,1
57.70706,11.65928,0,349,205,4,FISKE PLATS,DK,47,0,STELLA NOVA,2,156348,9,25,5,0,43,1,2016-12-18T01:43:05.000Z,gothenborg,2016-12-18T00:00:00.000Z,51,Fishing,gothenborg,1
57.70706,11.65928,0,349,205,6,FISKE PLATS,DK,47,0,STELLA NOVA,2,156348,9,25,5,0,43,1,2016-12-18T01:45:05.000Z,gothenborg,2016-12-18T00:00:00.000Z,51,Fishing,gothenborg,1
57.70707,11.65929,0,213,205,4,FISKE PLATS,DK,47,0,STELLA NOVA,2,156348,9,25,5,0,43,1,2016-12-18T01:47:04.000Z,gothenborg,2016-12-18T00:00:00.000Z,51,Fishing,gothenborg,1
57.70707,11.65929,0,213,205,6,FISKE PLATS,DK,47,0,STELLA NOVA,2,156348,9,25,5,0,43,1,2016-12-18T01:49:05.000Z,gothenborg,2016-12-18T00:00:00.000Z,51,Fishing,gothenborg,1
57.70705,11.6593,0,31,204,4,FISKE PLATS,DK,47,0,STELLA NOVA,2,156348,9,25,5,0,43,1,2016-12-18T01:51:16.000Z,gothenborg,2016-12-18T00:00:00.000Z,51,Fishing,gothenborg,1
57.70705,11.6593,0,31,204,4,FISKE PLATS,DK,47,0,STELLA NOVA,2,156348,9,25,5,0,43,1,2016-12-18T01:53:04.000Z,gothenborg,2016-12-18T00:00:00.000Z,51,Fishing,gothenborg,1
57.70706,11.6593,0,344,204,4,FISKE PLATS,DK,47,0,STELLA NOVA,2,156348,9,25,5,0,43,1,2016-12-18T01:55:05.000Z,gothenborg,2016-12-18T00:00:00.000Z,51,Fishing,gothenborg,1
57.70706,11.6593,0,344,204,6,FISKE PLATS,DK,47,0,STELLA NOVA,2,156348,9,25,5,0,43,1,2016-12-18T01:57:05.000Z,gothenborg,2016-12-18T00:00:00.000Z,51,Fishing,gothenborg,1
57.70707,11.65931,0,5,205,3,FISKE PLATS,DK,47,0,STELLA NOVA,2,156348,9,25,5,0,43,1,2016-12-18T01:59:05.000Z,gothenborg,2016-12-18T00:00:00.000Z,51,Fishing,gothenborg,1
57.70707,11.65931,0,5,205,5,FISKE PLATS,DK,47,0,STELLA NOVA,2,156348,9,25,5,0,43,1,2016-12-18T02:01:05.000Z,gothenborg,2016-12-18T00:00:00.000Z,51,Fishing,gothenborg,1
57.70707,11.6593,0,280,204,3,FISKE PLATS,DK,47,0,STELLA NOVA,2,156348,9,25,5,0,43,1,2016-12-18T02:03:05.000Z,gothenborg,2016-12-18T00:00:00.000Z,51,Fishing,gothenborg,1
57.70707,11.6593,0,280,204,5,FISKE PLATS,DK,47,0,STELLA NOVA,2,156348,9,25,5,0,43,1,2016-12-18T02:05:05.000Z,gothenborg,2016-12-18T00:00:00.000Z,51,Fishing,gothenborg,1
57.70706,11.65929,0,266,206,3,FISKE PLATS,DK,47,0,STELLA NOVA,2,156348,9,25,5,0,43,1,2016-12-18T02:07:05.000Z,gothenborg,2016-12-18T00:00:00.000Z,51,Fishing,gothenborg,1
57.70706,11.65929,0,266,206,5,FISKE PLATS,DK,47,0,STELLA NOVA,2,156348,9,25,5,0,43,1,2016-12-18T02:09:05.000Z,gothenborg,2016-12-18T00:00:00.000Z,51,Fishing,gothenborg,1
57.70706,11.6593,0,286,205,3,FISKE PLATS,DK,47,0,STELLA NOVA,2,156348,9,25,5,0,43,1,2016-12-18T02:11:05.000Z,gothenborg,2016-12-18T00:00:00.000Z,51,Fishing,gothenborg,1
57.70706,11.6593,0,286,205,5,FISKE PLATS,DK,47,0,STELLA NOVA,2,156348,9,25,5,0,43,1,2016-12-18T02:13:05.000Z,gothenborg,2016-12-18T00:00:00.000Z,51,Fishing,gothenborg,1
57.70707,11.6593,0,312,205,3,FISKE PLATS,DK,47,0,STELLA NOVA,2,156348,9,25,5,0,43,1,2016-12-18T02:15:05.000Z,gothenborg,2016-12-18T00:00:00.000Z,51,Fishing,gothenborg,1
57.70707,11.6593,0,312,205,5,FISKE PLATS,DK,47,0,STELLA NOVA,2,156348,9,25,5,0,43,1,2016-12-18T02:17:05.000Z,gothenborg,2016-12-18T00:00:00.000Z,51,Fishing,gothenborg,1
57.70707,11.65929,0,306,205,3,FISKE PLATS,DK,47,0,STELLA NOVA,2,156348,9,25,5,0,43,1,2016-12-18T02:19:05.000Z,gothenborg,2016-12-18T00:00:00.000Z,51,Fishing,gothenborg,1
57.70707,11.65927,0,310,206,2,FISKE PLATS,DK,47,0,STELLA NOVA,2,156348,9,25,5,0,43,1,2016-12-18T02:21:05.000Z,gothenborg,2016-12-18T00:00:00.000Z,51,Fishing,gothenborg,1
57.70707,11.65927,0,310,206,4,FISKE PLATS,DK,47,0,STELLA NOVA,2,156348,9,25,5,0,43,1,2016-12-18T02:23:05.000Z,gothenborg,2016-12-18T00:00:00.000Z,51,Fishing,gothenborg,1
57.70706,11.65928,0,191,205,2,FISKE PLATS,DK,47,0,STELLA NOVA,2,156348,9,25,5,0,43,1,2016-12-18T02:25:06.000Z,gothenborg,2016-12-18T00:00:00.000Z,51,Fishing,gothenborg,1
57.70706,11.65928,0,191,205,4,FISKE PLATS,DK,47,0,STELLA NOVA,2,156348,9,25,5,0,43,1,2016-12-18T02:27:05.000Z,gothenborg,2016-12-18T00:00:00.000Z,51,Fishing,gothenborg,1
57.70707,11.65926,0,216,206,3,FISKE PLATS,DK,47,0,STELLA NOVA,2,156348,9,25,5,0,43,1,2016-12-18T02:29:06.000Z,gothenborg,2016-12-18T00:00:00.000Z,51,Fishing,gothenborg,1
57.70707,11.65926,0,216,206,5,FISKE PLATS,DK,47,0,STELLA NOVA,2,156348,9,25,5,0,43,1,2016-12-18T02:31:10.000Z,gothenborg,2016-12-18T00:00:00.000Z,51,Fishing,gothenborg,1
57.70707,11.65926,0,216,206,5,FISKE PLATS,DK,47,0,STELLA NOVA,2,156348,9,25,5,0,43,1,2016-12-18T02:33:05.000Z,gothenborg,2016-12-18T00:00:00.000Z,51,Fishing,gothenborg,1
57.70706,11.65926,0,201,205,2,FISKE PLATS,DK,47,0,STELLA NOVA,2,156348,9,25,5,0,43,1,2016-12-18T02:35:06.000Z,gothenborg,2016-12-18T00:00:00.000Z,51,Fishing,gothenborg,1
57.70706,11.65926,0,201,205,4,FISKE PLATS,DK,47,0,STELLA NOVA,2,156348,9,25,5,0,43,1,2016-12-18T02:37:05.000Z,gothenborg,2016-12-18T00:00:00.000Z,51,Fishing,gothenborg,1
57.70707,11.65928,0,127,205,3,FISKE PLATS,DK,47,0,STELLA NOVA,2,156348,9,25,5,0,43,1,2016-12-18T02:39:05.000Z,gothenborg,2016-12-18T00:00:00.000Z,51,Fishing,gothenborg,1
57.70707,11.65928,0,127,205,5,FISKE PLATS,DK,47,0,STELLA NOVA,2,156348,9,25,5,0,43,1,2016-12-18T02:41:05.000Z,gothenborg,2016-12-18T00:00:00.000Z,51,Fishing,gothenborg,1
57.70707,11.65923,0,339,205,3,FISKE PLATS,DK,47,0,STELLA NOVA,2,156348,9,25,5,0,43,1,2016-12-18T02:43:05.000Z,gothenborg,2016-12-18T00:00:00.000Z,51,Fishing,gothenborg,1
57.70707,11.65923,0,339,205,5,FISKE PLATS,DK,47,0,STELLA NOVA,2,156348,9,25,5,0,43,1,2016-12-18T02:45:06.000Z,gothenborg,2016-12-18T00:00:00.000Z,51,Fishing,gothenborg,1
57.70707,11.65929,0,115,204,3,FISKE PLATS,DK,47,0,STELLA NOVA,2,156348,9,25,5,0,43,1,2016-12-18T02:47:05.000Z,gothenborg,2016-12-18T00:00:00.000Z,51,Fishing,gothenborg,1
57.70707,11.65929,0,115,204,5,FISKE PLATS,DK,47,0,STELLA NOVA,2,156348,9,25,5,0,43,1,2016-12-18T02:49:05.000Z,gothenborg,2016-12-18T00:00:00.000Z,51,Fishing,gothenborg,1
57.70705,11.6593,0,358,205,3,FISKE PLATS,DK,47,0,STELLA NOVA,2,156348,9,25,5,0,43,1,2016-12-18T02:51:05.000Z,gothenborg,2016-12-18T00:00:00.000Z,51,Fishing,gothenborg,1
57.70707,11.65925,0,358,204,2,FISKE PLATS,DK,47,0,STELLA NOVA,2,156348,9,25,5,0,43,1,2016-12-18T02:53:05.000Z,gothenborg,2016-12-18T00:00:00.000Z,51,Fishing,gothenborg,1
57.70707,11.65925,0,358,204,2,FISKE PLATS,DK,47,0,STELLA NOVA,2,156348,9,25,5,0,43,1,2016-12-18T02:55:05.000Z,gothenborg,2016-12-18T00:00:00.000Z,51,Fishing,gothenborg,1
57.70708,11.65928,0,5,205,3,FISKE PLATS,DK,47,0,STELLA NOVA,2,156348,9,25,5,0,43,1,2016-12-18T02:57:05.000Z,gothenborg,2016-12-18T00:00:00.000Z,51,Fishing,gothenborg,1
57.70708,11.65928,0,5,205,5,FISKE PLATS,DK,47,0,STELLA NOVA,2,156348,9,25,5,0,43,1,2016-12-18T02:59:05.000Z,gothenborg,2016-12-18T00:00:00.000Z,51,Fishing,gothenborg,1
57.7071,11.65925,0,265,206,3,FISKE PLATS,DK,47,0,STELLA NOVA,2,156348,9,25,5,0,43,1,2016-12-18T03:01:05.000Z,gothenborg,2016-12-18T00:00:00.000Z,51,Fishing,gothenborg,1
57.7071,11.65925,0,265,206,5,FISKE PLATS,DK,47,0,STELLA NOVA,2,156348,9,25,5,0,43,1,2016-12-18T03:03:05.000Z,gothenborg,2016-12-18T00:00:00.000Z,51,Fishing,gothenborg,1
57.7071,11.65925,0,254,205,3,FISKE PLATS,DK,47,0,STELLA NOVA,2,156348,9,25,5,0,43,1,2016-12-18T03:05:06.000Z,gothenborg,2016-12-18T00:00:00.000Z,51,Fishing,gothenborg,1
57.7071,11.65925,0,254,205,5,FISKE PLATS,DK,47,0,STELLA NOVA,2,156348,9,25,5,0,43,1,2016-12-18T03:07:06.000Z,gothenborg,2016-12-18T00:00:00.000Z,51,Fishing,gothenborg,1
57.70707,11.65926,0,249,205,3,FISKE PLATS,DK,47,0,STELLA NOVA,2,156348,9,25,5,0,43,1,2016-12-18T03:09:05.000Z,gothenborg,2016-12-18T00:00:00.000Z,51,Fishing,gothenborg,1
57.70707,11.65927,0,237,204,2,FISKE PLATS,DK,47,0,STELLA NOVA,2,156348,9,25,5,0,43,1,2016-12-18T03:11:05.000Z,gothenborg,2016-12-18T00:00:00.000Z,51,Fishing,gothenborg,1
57.70707,11.65927,0,237,204,4,FISKE PLATS,DK,47,0,STELLA NOVA,2,156348,9,25,5,0,43,1,2016-12-18T03:13:04.000Z,gothenborg,2016-12-18T00:00:00.000Z,51,Fishing,gothenborg,1
57.70709,11.65926,0,236,205,3,FISKE PLATS,DK,47,0,STELLA NOVA,2,156348,9,25,5,0,43,1,2016-12-18T03:15:06.000Z,gothenborg,2016-12-18T00:00:00.000Z,51,Fishing,gothenborg,1
57.70705,11.65925,0,241,205,2,FISKE PLATS,DK,47,0,STELLA NOVA,2,156348,9,25,5,0,43,1,2016-12-18T03:17:06.000Z,gothenborg,2016-12-18T00:00:00.000Z,51,Fishing,gothenborg,1
57.70705,11.65925,0,241,205,4,FISKE PLATS,DK,47,0,STELLA NOVA,2,156348,9,25,5,0,43,1,2016-12-18T03:19:05.000Z,gothenborg,2016-12-18T00:00:00.000Z,51,Fishing,gothenborg,1
57.70707,11.65929,0,228,204,3,FISKE PLATS,DK,47,0,STELLA NOVA,2,156348,9,25,5,0,43,1,2016-12-18T03:21:05.000Z,gothenborg,2016-12-18T00:00:00.000Z,51,Fishing,gothenborg,1
57.70707,11.65929,0,228,204,4,FISKE PLATS,DK,47,0,STELLA NOVA,2,156348,9,25,5,0,43,1,2016-12-18T03:23:05.000Z,gothenborg,2016-12-18T00:00:00.000Z,51,Fishing,gothenborg,1
57.70705,11.65927,0,214,204,3,FISKE PLATS,DK,47,0,STELLA NOVA,2,156348,9,25,5,0,43,1,2016-12-18T03:25:05.000Z,gothenborg,2016-12-18T00:00:00.000Z,51,Fishing,gothenborg,1
57.70705,11.65927,0,217,205,2,FISKE PLATS,DK,47,0,STELLA NOVA,2,156348,9,25,5,0,43,1,2016-12-18T03:27:06.000Z,gothenborg,2016-12-18T00:00:00.000Z,51,Fishing,gothenborg,1
57.70705,11.65927,0,217,205,4,FISKE PLATS,DK,47,0,STELLA NOVA,2,156348,9,25,5,0,43,1,2016-12-18T03:29:05.000Z,gothenborg,2016-12-18T00:00:00.000Z,51,Fishing,gothenborg,1
57.70705,11.65926,0,246,205,3,FISKE PLATS,DK,47,0,STELLA NOVA,2,156348,9,25,5,0,43,1,2016-12-18T03:31:05.000Z,gothenborg,2016-12-18T00:00:00.000Z,51,Fishing,gothenborg,1
57.70707,11.65928,0,277,204,2,FISKE PLATS,DK,47,0,STELLA NOVA,2,156348,9,25,5,0,43,1,2016-12-18T03:33:05.000Z,gothenborg,2016-12-18T00:00:00.000Z,51,Fishing,gothenborg,1
57.70707,11.65928,0,277,204,4,FISKE PLATS,DK,47,0,STELLA NOVA,2,156348,9,25,5,0,43,1,2016-12-18T03:35:05.000Z,gothenborg,2016-12-18T00:00:00.000Z,51,Fishing,gothenborg,1
57.70706,11.6593,0,280,205,3,FISKE PLATS,DK,47,0,STELLA NOVA,2,156348,9,25,5,0,43,1,2016-12-18T03:37:06.000Z,gothenborg,2016-12-18T00:00:00.000Z,51,Fishing,gothenborg,1
57.70706,11.6593,0,280,205,5,FISKE PLATS,DK,47,0,STELLA NOVA,2,156348,9,25,5,0,43,1,2016-12-18T03:39:06.000Z,gothenborg,2016-12-18T00:00:00.000Z,51,Fishing,gothenborg,1
57.70705,11.65926,0,280,205,2,FISKE PLATS,DK,47,0,STELLA NOVA,2,156348,9,25,5,0,43,1,2016-12-18T03:41:05.000Z,gothenborg,2016-12-18T00:00:00.000Z,51,Fishing,gothenborg,1
57.70705,11.65926,0,280,205,4,FISKE PLATS,DK,47,0,STELLA NOVA,2,156348,9,25,5,0,43,1,2016-12-18T03:43:05.000Z,gothenborg,2016-12-18T00:00:00.000Z,51,Fishing,gothenborg,1
57.70707,11.65928,0,256,205,3,FISKE PLATS,DK,47,0,STELLA NOVA,2,156348,9,25,5,0,43,1,2016-12-18T03:45:05.000Z,gothenborg,2016-12-18T00:00:00.000Z,51,Fishing,gothenborg,1
57.70707,11.65928,0,256,205,5,FISKE PLATS,DK,47,0,STELLA NOVA,2,156348,9,25,5,0,43,1,2016-12-18T03:47:05.000Z,gothenborg,2016-12-18T00:00:00.000Z,51,Fishing,gothenborg,1
57.70707,11.65929,0,272,204,3,FISKE PLATS,DK,47,0,STELLA NOVA,2,156348,9,25,5,0,43,1,2016-12-18T03:49:05.000Z,gothenborg,2016-12-18T00:00:00.000Z,51,Fishing,gothenborg,1
57.70707,11.6593,0,297,205,2,FISKE PLATS,DK,47,0,STELLA NOVA,2,156348,9,25,5,0,43,1,2016-12-18T03:51:05.000Z,gothenborg,2016-12-18T00:00:00.000Z,51,Fishing,gothenborg,1
57.70707,11.6593,0,297,205,4,FISKE PLATS,DK,47,0,STELLA NOVA,2,156348,9,25,5,0,43,1,2016-12-18T03:53:05.000Z,gothenborg,2016-12-18T00:00:00.000Z,51,Fishing,gothenborg,1
57.70706,11.65926,0,290,205,2,FISKE PLATS,DK,47,0,STELLA NOVA,2,156348,9,25,5,0,43,1,2016-12-18T03:55:05.000Z,gothenborg,2016-12-18T00:00:00.000Z,51,Fishing,gothenborg,1
57.70706,11.65926,0,290,205,4,FISKE PLATS,DK,47,0,STELLA NOVA,2,156348,9,25,5,0,43,1,2016-12-18T03:57:06.000Z,gothenborg,2016-12-18T00:00:00.000Z,51,Fishing,gothenborg,1
57.70707,11.65928,0,257,205,2,FISKE PLATS,DK,47,0,STELLA NOVA,2,156348,9,25,5,0,43,1,2016-12-18T03:59:05.000Z,gothenborg,2016-12-18T00:00:00.000Z,51,Fishing,gothenborg,1
57.70707,11.65928,0,257,205,4,FISKE PLATS,DK,47,0,STELLA NOVA,2,156348,9,25,5,0,43,1,2016-12-18T04:01:05.000Z,gothenborg,2016-12-18T00:00:00.000Z,51,Fishing,gothenborg,1
57.70707,11.65927,0,204,206,2,FISKE PLATS,DK,47,0,STELLA NOVA,2,156348,9,25,5,0,43,1,2016-12-18T04:03:08.000Z,gothenborg,2016-12-18T00:00:00.000Z,51,Fishing,gothenborg,1
57.70707,11.65927,0,204,206,4,FISKE PLATS,DK,47,0,STELLA NOVA,2,156348,9,25,5,0,43,1,2016-12-18T04:05:05.000Z,gothenborg,2016-12-18T00:00:00.000Z,51,Fishing,gothenborg,1
57.70707,11.6593,0,298,206,2,FISKE PLATS,DK,47,0,STELLA NOVA,2,156348,9,25,5,0,43,1,2016-12-18T04:07:05.000Z,gothenborg,2016-12-18T00:00:00.000Z,51,Fishing,gothenborg,1
57.70707,11.6593,0,298,206,4,FISKE PLATS,DK,47,0,STELLA NOVA,2,156348,9,25,5,0,43,1,2016-12-18T04:09:05.000Z,gothenborg,2016-12-18T00:00:00.000Z,51,Fishing,gothenborg,1
57.70706,11.6593,0,291,205,2,FISKE PLATS,DK,47,0,STELLA NOVA,2,156348,9,25,5,0,43,1,2016-12-18T04:11:05.000Z,gothenborg,2016-12-18T00:00:00.000Z,51,Fishing,gothenborg,1
57.70706,11.6593,0,291,205,4,FISKE PLATS,DK,47,0,STELLA NOVA,2,156348,9,25,5,0,43,1,2016-12-18T04:13:05.000Z,gothenborg,2016-12-18T00:00:00.000Z,51,Fishing,gothenborg,1
57.70707,11.65929,0,269,205,2,FISKE PLATS,DK,47,0,STELLA NOVA,2,156348,9,25,5,0,43,1,2016-12-18T04:15:05.000Z,gothenborg,2016-12-18T00:00:00.000Z,51,Fishing,gothenborg,1
57.70707,11.65929,0,269,205,4,FISKE PLATS,DK,47,0,STELLA NOVA,2,156348,9,25,5,0,43,1,2016-12-18T04:17:04.000Z,gothenborg,2016-12-18T00:00:00.000Z,51,Fishing,gothenborg,1
57.70707,11.65927,0,58,206,2,FISKE PLATS,DK,47,0,STELLA NOVA,2,156348,9,25,5,0,43,1,2016-12-18T04:19:05.000Z,gothenborg,2016-12-18T00:00:00.000Z,51,Fishing,gothenborg,1
57.70707,11.65927,0,58,206,4,FISKE PLATS,DK,47,0,STELLA NOVA,2,156348,9,25,5,0,43,1,2016-12-18T04:21:05.000Z,gothenborg,2016-12-18T00:00:00.000Z,51,Fishing,gothenborg,1
57.70707,11.65927,0,58,206,6,FISKE PLATS,DK,47,0,STELLA NOVA,2,156348,9,25,5,0,43,1,2016-12-18T04:23:07.000Z,gothenborg,2016-12-18T00:00:00.000Z,51,Fishing,gothenborg,1
57.70707,11.65928,0,239,205,3,FISKE PLATS,DK,47,0,STELLA NOVA,2,156348,9,25,5,0,43,1,2016-12-18T04:25:05.000Z,gothenborg,2016-12-18T00:00:00.000Z,51,Fishing,gothenborg,1
57.70707,11.65928,0,239,205,5,FISKE PLATS,DK,47,0,STELLA NOVA,2,156348,9,25,5,0,43,1,2016-12-18T04:27:06.000Z,gothenborg,2016-12-18T00:00:00.000Z,51,Fishing,gothenborg,1
57.70705,11.65926,0,292,205,3,FISKE PLATS,DK,47,0,STELLA NOVA,2,156348,9,25,5,0,43,1,2016-12-18T04:29:07.000Z,gothenborg,2016-12-18T00:00:00.000Z,51,Fishing,gothenborg,1
57.70705,11.65926,0,292,205,5,FISKE PLATS,DK,47,0,STELLA NOVA,2,156348,9,25,5,0,43,1,2016-12-18T04:31:04.000Z,gothenborg,2016-12-18T00:00:00.000Z,51,Fishing,gothenborg,1
57.70707,11.65927,0,297,206,3,FISKE PLATS,DK,47,0,STELLA NOVA,2,156348,9,25,5,0,43,1,2016-12-18T04:33:05.000Z,gothenborg,2016-12-18T00:00:00.000Z,51,Fishing,gothenborg,1
57.70707,11.65927,0,297,206,5,FISKE PLATS,DK,47,0,STELLA NOVA,2,156348,9,25,5,0,43,1,2016-12-18T04:35:05.000Z,gothenborg,2016-12-18T00:00:00.000Z,51,Fishing,gothenborg,1
57.70707,11.65926,0,332,206,3,FISKE PLATS,DK,47,0,STELLA NOVA,2,156348,9,25,5,0,43,1,2016-12-18T04:37:05.000Z,gothenborg,2016-12-18T00:00:00.000Z,51,Fishing,gothenborg,1
57.70707,11.65926,0,332,206,5,FISKE PLATS,DK,47,0,STELLA NOVA,2,156348,9,25,5,0,43,1,2016-12-18T04:39:05.000Z,gothenborg,2016-12-18T00:00:00.000Z,51,Fishing,gothenborg,1
57.70706,11.65929,0,351,205,3,FISKE PLATS,DK,47,0,STELLA NOVA,2,156348,9,25,5,0,43,1,2016-12-18T04:41:05.000Z,gothenborg,2016-12-18T00:00:00.000Z,51,Fishing,gothenborg,1
57.70706,11.65929,0,347,206,2,FISKE PLATS,DK,47,0,STELLA NOVA,2,156348,9,25,5,0,43,1,2016-12-18T04:43:05.000Z,gothenborg,2016-12-18T00:00:00.000Z,51,Fishing,gothenborg,1
57.70706,11.65929,0,347,206,4,FISKE PLATS,DK,47,0,STELLA NOVA,2,156348,9,25,5,0,43,1,2016-12-18T04:45:05.000Z,gothenborg,2016-12-18T00:00:00.000Z,51,Fishing,gothenborg,1
57.70705,11.65929,0,339,206,3,FISKE PLATS,DK,47,0,STELLA NOVA,2,156348,9,25,5,0,43,1,2016-12-18T04:47:05.000Z,gothenborg,2016-12-18T00:00:00.000Z,51,Fishing,gothenborg,1
57.70705,11.65929,0,339,206,5,FISKE PLATS,DK,47,0,STELLA NOVA,2,156348,9,25,5,0,43,1,2016-12-18T04:49:05.000Z,gothenborg,2016-12-18T00:00:00.000Z,51,Fishing,gothenborg,1
57.70705,11.65929,0,316,206,3,FISKE PLATS,DK,47,0,STELLA NOVA,2,156348,9,25,5,0,43,1,2016-12-18T04:51:05.000Z,gothenborg,2016-12-18T00:00:00.000Z,51,Fishing,gothenborg,1
57.70707,11.65929,0,289,205,2,FISKE PLATS,DK,47,0,STELLA NOVA,2,156348,9,25,5,0,43,1,2016-12-18T04:53:05.000Z,gothenborg,2016-12-18T00:00:00.000Z,51,Fishing,gothenborg,1
57.70707,11.65929,0,289,205,4,FISKE PLATS,DK,47,0,STELLA NOVA,2,156348,9,25,5,0,43,1,2016-12-18T04:55:06.000Z,gothenborg,2016-12-18T00:00:00.000Z,51,Fishing,gothenborg,1
57.70705,11.65925,0,308,206,2,FISKE PLATS,DK,47,0,STELLA NOVA,2,156348,9,25,5,0,43,1,2016-12-18T04:57:05.000Z,gothenborg,2016-12-18T00:00:00.000Z,51,Fishing,gothenborg,1
57.70705,11.65925,0,308,206,4,FISKE PLATS,DK,47,0,STELLA NOVA,2,156348,9,25,5,0,43,1,2016-12-18T04:59:05.000Z,gothenborg,2016-12-18T00:00:00.000Z,51,Fishing,gothenborg,1
57.70706,11.6593,0,292,205,3,FISKE PLATS,DK,47,0,STELLA NOVA,2,156348,9,25,5,0,43,1,2016-12-18T05:01:05.000Z,gothenborg,2016-12-18T00:00:00.000Z,51,Fishing,gothenborg,1
57.70706,11.65932,0,330,206,2,FISKE PLATS,DK,47,0,STELLA NOVA,2,156348,9,25,5,0,43,1,2016-12-18T05:03:05.000Z,gothenborg,2016-12-18T00:00:00.000Z,51,Fishing,gothenborg,1
57.70706,11.65932,0,330,206,4,FISKE PLATS,DK,47,0,STELLA NOVA,2,156348,9,25,5,0,43,1,2016-12-18T05:05:05.000Z,gothenborg,2016-12-18T00:00:00.000Z,51,Fishing,gothenborg,1
57.70705,11.65925,0,5,206,2,FISKE PLATS,DK,47,0,STELLA NOVA,2,156348,9,25,5,0,43,1,2016-12-18T05:07:05.000Z,gothenborg,2016-12-18T00:00:00.000Z,51,Fishing,gothenborg,1
57.70705,11.65925,0,5,206,4,FISKE PLATS,DK,47,0,STELLA NOVA,2,156348,9,25,5,0,43,1,2016-12-18T05:09:05.000Z,gothenborg,2016-12-18T00:00:00.000Z,51,Fishing,gothenborg,1
57.70705,11.65925,0,5,206,6,FISKE PLATS,DK,47,0,STELLA NOVA,2,156348,9,25,5,0,43,1,2016-12-18T05:11:05.000Z,gothenborg,2016-12-18T00:00:00.000Z,51,Fishing,gothenborg,1
57.70706,11.65928,0,12,206,4,FISKE PLATS,DK,47,0,STELLA NOVA,2,156348,9,25,5,0,43,1,2016-12-18T05:13:05.000Z,gothenborg,2016-12-18T00:00:00.000Z,51,Fishing,gothenborg,1
57.70707,11.65928,0,0,205,3,FISKE PLATS,DK,47,0,STELLA NOVA,2,156348,9,25,5,0,43,1,2016-12-18T05:15:06.000Z,gothenborg,2016-12-18T00:00:00.000Z,51,Fishing,gothenborg,1
57.70707,11.65928,0,0,205,5,FISKE PLATS,DK,47,0,STELLA NOVA,2,156348,9,25,5,0,43,1,2016-12-18T05:17:05.000Z,gothenborg,2016-12-18T00:00:00.000Z,51,Fishing,gothenborg,1
57.70706,11.65926,0,70,205,3,FISKE PLATS,DK,47,0,STELLA NOVA,2,156348,9,25,5,0,43,1,2016-12-18T05:19:05.000Z,gothenborg,2016-12-18T00:00:00.000Z,51,Fishing,gothenborg,1
57.70707,11.65928,0,244,205,2,FISKE PLATS,DK,47,0,STELLA NOVA,2,156348,9,25,5,0,43,1,2016-12-18T05:21:05.000Z,gothenborg,2016-12-18T00:00:00.000Z,51,Fishing,gothenborg,1
57.70707,11.65928,0,244,205,4,FISKE PLATS,DK,47,0,STELLA NOVA,2,156348,9,25,5,0,43,1,2016-12-18T05:23:06.000Z,gothenborg,2016-12-18T00:00:00.000Z,51,Fishing,gothenborg,1
57.70707,11.65928,0,252,205,3,FISKE PLATS,DK,47,0,STELLA NOVA,2,156348,9,25,5,0,43,1,2016-12-18T05:25:05.000Z,gothenborg,2016-12-18T00:00:00.000Z,51,Fishing,gothenborg,1
57.70706,11.65927,0,292,206,2,FISKE PLATS,DK,47,0,STELLA NOVA,2,156348,9,25,5,0,43,1,2016-12-18T05:27:05.000Z,gothenborg,2016-12-18T00:00:00.000Z,51,Fishing,gothenborg,1
57.70706,11.65927,0,292,206,4,FISKE PLATS,DK,47,0,STELLA NOVA,2,156348,9,25,5,0,43,1,2016-12-18T05:29:05.000Z,gothenborg,2016-12-18T00:00:00.000Z,51,Fishing,gothenborg,1
57.70705,11.65928,0,84,206,1,FISKE PLATS,DK,47,0,STELLA NOVA,2,156348,9,25,5,0,43,1,2016-12-18T05:31:05.000Z,gothenborg,2016-12-18T00:00:00.000Z,51,Fishing,gothenborg,1
57.70705,11.65928,0,84,206,4,FISKE PLATS,DK,47,0,STELLA NOVA,2,156348,9,25,5,0,43,1,2016-12-18T05:33:05.000Z,gothenborg,2016-12-18T00:00:00.000Z,51,Fishing,gothenborg,1
57.70704,11.65929,0,139,205,2,FISKE PLATS,DK,47,0,STELLA NOVA,2,156348,9,25,5,0,43,1,2016-12-18T05:35:05.000Z,gothenborg,2016-12-18T00:00:00.000Z,51,Fishing,gothenborg,1
57.70704,11.65929,0,139,205,4,FISKE PLATS,DK,47,0,STELLA NOVA,2,156348,9,25,5,0,43,1,2016-12-18T05:37:06.000Z,gothenborg,2016-12-18T00:00:00.000Z,51,Fishing,gothenborg,1
57.70705,11.65927,0,311,206,3,FISKE PLATS,DK,47,0,STELLA NOVA,2,156348,9,25,5,0,43,1,2016-12-18T05:39:05.000Z,gothenborg,2016-12-18T00:00:00.000Z,51,Fishing,gothenborg,1
57.70705,11.65927,0,311,206,5,FISKE PLATS,DK,47,0,STELLA NOVA,2,156348,9,25,5,0,43,1,2016-12-18T05:41:05.000Z,gothenborg,2016-12-18T00:00:00.000Z,51,Fishing,gothenborg,1
57.70706,11.6593,0,310,205,3,FISKE PLATS,DK,47,0,STELLA NOVA,2,156348,9,25,5,0,43,1,2016-12-18T05:43:05.000Z,gothenborg,2016-12-18T00:00:00.000Z,51,Fishing,gothenborg,1
57.70706,11.6593,0,310,205,5,FISKE PLATS,DK,47,0,STELLA NOVA,2,156348,9,25,5,0,43,1,2016-12-18T05:45:05.000Z,gothenborg,2016-12-18T00:00:00.000Z,51,Fishing,gothenborg,1
57.70706,11.65928,0,288,205,3,FISKE PLATS,DK,47,0,STELLA NOVA,2,156348,9,25,5,0,43,1,2016-12-18T05:47:05.000Z,gothenborg,2016-12-18T00:00:00.000Z,51,Fishing,gothenborg,1
57.70706,11.65928,0,288,205,3,FISKE PLATS,DK,47,0,STELLA NOVA,2,156348,9,25,5,0,43,1,2016-12-18T05:49:04.000Z,gothenborg,2016-12-18T00:00:00.000Z,51,Fishing,gothenborg,1
57.70707,11.65925,0,301,205,3,FISKE PLATS,DK,47,0,STELLA NOVA,2,156348,9,25,5,0,43,1,2016-12-18T05:51:05.000Z,gothenborg,2016-12-18T00:00:00.000Z,51,Fishing,gothenborg,1
57.70707,11.65925,0,301,205,5,FISKE PLATS,DK,47,0,STELLA NOVA,2,156348,9,25,5,0,43,1,2016-12-18T05:53:05.000Z,gothenborg,2016-12-18T00:00:00.000Z,51,Fishing,gothenborg,1
57.70707,11.6593,0,258,205,3,FISKE PLATS,DK,47,0,STELLA NOVA,2,156348,9,25,5,0,43,1,2016-12-18T05:55:05.000Z,gothenborg,2016-12-18T00:00:00.000Z,51,Fishing,gothenborg,1
57.70706,11.65929,0,287,206,2,FISKE PLATS,DK,47,0,STELLA NOVA,2,156348,9,25,5,0,43,1,2016-12-18T05:57:05.000Z,gothenborg,2016-12-18T00:00:00.000Z,51,Fishing,gothenborg,1
57.70706,11.65929,0,287,206,4,FISKE PLATS,DK,47,0,STELLA NOVA,2,156348,9,25,5,0,43,1,2016-12-18T05:59:05.000Z,gothenborg,2016-12-18T00:00:00.000Z,51,Fishing,gothenborg,1
57.70705,11.65928,0,295,205,2,FISKE PLATS,DK,47,0,STELLA NOVA,2,156348,9,25,5,0,43,1,2016-12-18T06:01:06.000Z,gothenborg,2016-12-18T00:00:00.000Z,51,Fishing,gothenborg,1
57.70705,11.65928,0,295,205,4,FISKE PLATS,DK,47,0,STELLA NOVA,2,156348,9,25,5,0,43,1,2016-12-18T06:03:06.000Z,gothenborg,2016-12-18T00:00:00.000Z,51,Fishing,gothenborg,1
57.70705,11.65928,0,310,205,2,FISKE PLATS,DK,47,0,STELLA NOVA,2,156348,9,25,5,0,43,1,2016-12-18T06:05:06.000Z,gothenborg,2016-12-18T00:00:00.000Z,51,Fishing,gothenborg,1
57.70705,11.65928,0,310,205,4,FISKE PLATS,DK,47,0,STELLA NOVA,2,156348,9,25,5,0,43,1,2016-12-18T06:07:06.000Z,gothenborg,2016-12-18T00:00:00.000Z,51,Fishing,gothenborg,1
57.70707,11.65928,0,333,205,2,FISKE PLATS,DK,47,0,STELLA NOVA,2,156348,9,25,5,0,43,1,2016-12-18T06:09:05.000Z,gothenborg,2016-12-18T00:00:00.000Z,51,Fishing,gothenborg,1
57.70707,11.65928,0,333,205,4,FISKE PLATS,DK,47,0,STELLA NOVA,2,156348,9,25,5,0,43,1,2016-12-18T06:11:06.000Z,gothenborg,2016-12-18T00:00:00.000Z,51,Fishing,gothenborg,1
57.70707,11.65928,0,333,205,6,FISKE PLATS,DK,47,0,STELLA NOVA,2,156348,9,25,5,0,43,1,2016-12-18T06:13:07.000Z,gothenborg,2016-12-18T00:00:00.000Z,51,Fishing,gothenborg,1
57.70708,11.65928,0,298,205,3,FISKE PLATS,DK,47,0,STELLA NOVA,2,156348,9,25,5,0,43,1,2016-12-18T06:15:05.000Z,gothenborg,2016-12-18T00:00:00.000Z,51,Fishing,gothenborg,1
57.70708,11.65928,0,298,205,5,FISKE PLATS,DK,47,0,STELLA NOVA,2,156348,9,25,5,0,43,1,2016-12-18T06:17:05.000Z,gothenborg,2016-12-18T00:00:00.000Z,51,Fishing,gothenborg,1
57.70707,11.65929,0,283,204,3,FISKE PLATS,DK,47,0,STELLA NOVA,2,156348,9,25,5,0,43,1,2016-12-18T06:19:06.000Z,gothenborg,2016-12-18T00:00:00.000Z,51,Fishing,gothenborg,1
57.70707,11.65929,0,283,204,5,FISKE PLATS,DK,47,0,STELLA NOVA,2,156348,9,25,5,0,43,1,2016-12-18T06:21:05.000Z,gothenborg,2016-12-18T00:00:00.000Z,51,Fishing,gothenborg,1
57.70707,11.65927,0,219,205,2,FISKE PLATS,DK,47,0,STELLA NOVA,2,156348,9,25,5,0,43,1,2016-12-18T06:23:05.000Z,gothenborg,2016-12-18T00:00:00.000Z,51,Fishing,gothenborg,1
57.70707,11.65927,0,219,205,5,FISKE PLATS,DK,47,0,STELLA NOVA,2,156348,9,25,5,0,43,1,2016-12-18T06:25:06.000Z,gothenborg,2016-12-18T00:00:00.000Z,51,Fishing,gothenborg,1
57.70709,11.65928,0,217,205,3,FISKE PLATS,DK,47,0,STELLA NOVA,2,156348,9,25,5,0,43,1,2016-12-18T06:27:06.000Z,gothenborg,2016-12-18T00:00:00.000Z,51,Fishing,gothenborg,1
57.70707,11.65928,0,244,205,2,FISKE PLATS,DK,47,0,STELLA NOVA,2,156348,9,25,5,0,43,1,2016-12-18T06:29:06.000Z,gothenborg,2016-12-18T00:00:00.000Z,51,Fishing,gothenborg,1
57.70707,11.65928,0,244,205,4,FISKE PLATS,DK,47,0,STELLA NOVA,2,156348,9,25,5,0,43,1,2016-12-18T06:31:06.000Z,gothenborg,2016-12-18T00:00:00.000Z,51,Fishing,gothenborg,1
57.70708,11.6593,0,230,205,3,FISKE PLATS,DK,47,0,STELLA NOVA,2,156348,9,25,5,0,43,1,2016-12-18T06:33:05.000Z,gothenborg,2016-12-18T00:00:00.000Z,51,Fishing,gothenborg,1
57.70706,11.65928,0,234,205,2,FISKE PLATS,DK,47,0,STELLA NOVA,2,156348,9,25,5,0,43,1,2016-12-18T06:35:05.000Z,gothenborg,2016-12-18T00:00:00.000Z,51,Fishing,gothenborg,1
57.70706,11.65928,0,234,205,4,FISKE PLATS,DK,47,0,STELLA NOVA,2,156348,9,25,5,0,43,1,2016-12-18T06:37:04.000Z,gothenborg,2016-12-18T00:00:00.000Z,51,Fishing,gothenborg,1
57.70705,11.65925,0,258,205,3,FISKE PLATS,DK,47,0,STELLA NOVA,2,156348,9,25,5,0,43,1,2016-12-18T06:39:04.000Z,gothenborg,2016-12-18T00:00:00.000Z,51,Fishing,gothenborg,1
57.70705,11.65925,0,258,205,5,FISKE PLATS,DK,47,0,STELLA NOVA,2,156348,9,25,5,0,43,1,2016-12-18T06:41:05.000Z,gothenborg,2016-12-18T00:00:00.000Z,51,Fishing,gothenborg,1
57.70705,11.65926,0,267,204,3,FISKE PLATS,DK,47,0,STELLA NOVA,2,156348,9,25,5,0,43,1,2016-12-18T06:43:05.000Z,gothenborg,2016-12-18T00:00:00.000Z,51,Fishing,gothenborg,1
57.70705,11.65926,0,267,204,3,FISKE PLATS,DK,47,0,STELLA NOVA,2,156348,9,25,5,0,43,1,2016-12-18T06:45:05.000Z,gothenborg,2016-12-18T00:00:00.000Z,51,Fishing,gothenborg,1
57.70705,11.65926,0,235,205,4,FISKE PLATS,DK,47,0,STELLA NOVA,2,156348,9,25,5,0,43,1,2016-12-18T06:47:05.000Z,gothenborg,2016-12-18T00:00:00.000Z,51,Fishing,gothenborg,1
57.70707,11.65928,0,244,205,2,FISKE PLATS,DK,47,0,STELLA NOVA,2,156348,9,25,5,0,43,1,2016-12-18T06:49:05.000Z,gothenborg,2016-12-18T00:00:00.000Z,51,Fishing,gothenborg,1
57.70707,11.65928,0,244,205,4,FISKE PLATS,DK,47,0,STELLA NOVA,2,156348,9,25,5,0,43,1,2016-12-18T06:51:05.000Z,gothenborg,2016-12-18T00:00:00.000Z,51,Fishing,gothenborg,1
57.70705,11.6593,0,233,205,2,FISKE PLATS,DK,47,0,STELLA NOVA,2,156348,9,25,5,0,43,1,2016-12-18T06:53:05.000Z,gothenborg,2016-12-18T00:00:00.000Z,51,Fishing,gothenborg,1
57.70705,11.6593,0,233,205,2,FISKE PLATS,DK,47,0,STELLA NOVA,2,156348,9,25,5,0,43,1,2016-12-18T06:55:05.000Z,gothenborg,2016-12-18T00:00:00.000Z,51,Fishing,gothenborg,1
57.70708,11.6593,0,233,205,1,FISKE PLATS,DK,47,0,STELLA NOVA,2,156348,9,25,5,0,43,1,2016-12-18T06:57:04.000Z,gothenborg,2016-12-18T00:00:00.000Z,51,Fishing,gothenborg,1
57.70708,11.6593,0,233,205,3,FISKE PLATS,DK,47,0,STELLA NOVA,2,156348,9,25,5,0,43,1,2016-12-18T06:59:05.000Z,gothenborg,2016-12-18T00:00:00.000Z,51,Fishing,gothenborg,1
57.70707,11.65929,0,295,205,1,FISKE PLATS,DK,47,0,STELLA NOVA,2,156348,9,25,5,0,43,1,2016-12-18T07:01:04.000Z,gothenborg,2016-12-18T00:00:00.000Z,51,Fishing,gothenborg,1
57.70707,11.65929,0,295,205,3,FISKE PLATS,DK,47,0,STELLA NOVA,2,156348,9,25,5,0,43,1,2016-12-18T07:03:05.000Z,gothenborg,2016-12-18T00:00:00.000Z,51,Fishing,gothenborg,1
57.70707,11.65928,0,287,205,1,FISKE PLATS,DK,47,0,STELLA NOVA,2,156348,9,25,5,0,43,1,2016-12-18T07:05:06.000Z,gothenborg,2016-12-18T00:00:00.000Z,51,Fishing,gothenborg,1
57.70707,11.65928,0,287,205,3,FISKE PLATS,DK,47,0,STELLA NOVA,2,156348,9,25,5,0,43,1,2016-12-18T07:07:06.000Z,gothenborg,2016-12-18T00:00:00.000Z,51,Fishing,gothenborg,1
57.70707,11.65928,0,287,205,5,FISKE PLATS,DK,47,0,STELLA NOVA,2,156348,9,25,5,0,43,1,2016-12-18T07:09:05.000Z,gothenborg,2016-12-18T00:00:00.000Z,51,Fishing,gothenborg,1
57.70705,11.65925,0,243,205,3,FISKE PLATS,DK,47,0,STELLA NOVA,2,156348,9,25,5,0,43,1,2016-12-18T07:11:05.000Z,gothenborg,2016-12-18T00:00:00.000Z,51,Fishing,gothenborg,1
57.70706,11.65927,0,310,205,2,FISKE PLATS,DK,47,0,STELLA NOVA,2,156348,9,25,5,0,43,1,2016-12-18T07:13:05.000Z,gothenborg,2016-12-18T00:00:00.000Z,51,Fishing,gothenborg,1
57.70706,11.65927,0,310,205,4,FISKE PLATS,DK,47,0,STELLA NOVA,2,156348,9,25,5,0,43,1,2016-12-18T07:15:05.000Z,gothenborg,2016-12-18T00:00:00.000Z,51,Fishing,gothenborg,1
57.70707,11.65929,0,265,205,2,FISKE PLATS,DK,47,0,STELLA NOVA,2,156348,9,25,5,0,43,1,2016-12-18T07:17:05.000Z,gothenborg,2016-12-18T00:00:00.000Z,51,Fishing,gothenborg,1
57.70707,11.65929,0,265,205,4,FISKE PLATS,DK,47,0,STELLA NOVA,2,156348,9,25,5,0,43,1,2016-12-18T07:19:05.000Z,gothenborg,2016-12-18T00:00:00.000Z,51,Fishing,gothenborg,1
57.70707,11.65924,0,265,205,2,FISKE PLATS,DK,47,0,STELLA NOVA,2,156348,9,25,5,0,43,1,2016-12-18T07:21:05.000Z,gothenborg,2016-12-18T00:00:00.000Z,51,Fishing,gothenborg,1
57.70707,11.65924,0,265,205,4,FISKE PLATS,DK,47,0,STELLA NOVA,2,156348,9,25,5,0,43,1,2016-12-18T07:23:05.000Z,gothenborg,2016-12-18T00:00:00.000Z,51,Fishing,gothenborg,1
57.70704,11.65923,0,252,206,2,FISKE PLATS,DK,47,0,STELLA NOVA,2,156348,9,25,5,0,43,1,2016-12-18T07:25:06.000Z,gothenborg,2016-12-18T00:00:00.000Z,51,Fishing,gothenborg,1
57.70704,11.65923,0,252,206,4,FISKE PLATS,DK,47,0,STELLA NOVA,2,156348,9,25,5,0,43,1,2016-12-18T07:27:05.000Z,gothenborg,2016-12-18T00:00:00.000Z,51,Fishing,gothenborg,1
57.70705,11.65925,0,255,206,3,FISKE PLATS,DK,47,0,STELLA NOVA,2,156348,9,25,5,0,43,1,2016-12-18T07:29:05.000Z,gothenborg,2016-12-18T00:00:00.000Z,51,Fishing,gothenborg,1
57.70708,11.65929,0,252,206,2,FISKE PLATS,DK,47,0,STELLA NOVA,2,156348,9,25,5,0,43,1,2016-12-18T07:31:04.000Z,gothenborg,2016-12-18T00:00:00.000Z,51,Fishing,gothenborg,1
57.70708,11.65929,0,252,206,4,FISKE PLATS,DK,47,0,STELLA NOVA,2,156348,9,25,5,0,43,1,2016-12-18T07:33:05.000Z,gothenborg,2016-12-18T00:00:00.000Z,51,Fishing,gothenborg,1
57.70708,11.65929,0,252,206,5,FISKE PLATS,DK,47,0,STELLA NOVA,2,156348,9,25,5,0,43,1,2016-12-18T07:35:05.000Z,gothenborg,2016-12-18T00:00:00.000Z,51,Fishing,gothenborg,1
57.70707,11.65926,0,262,206,4,FISKE PLATS,DK,47,0,STELLA NOVA,2,156348,9,25,5,0,43,1,2016-12-18T07:37:04.000Z,gothenborg,2016-12-18T00:00:00.000Z,51,Fishing,gothenborg,1
57.70706,11.65927,0,256,206,2,FISKE PLATS,DK,47,0,STELLA NOVA,2,156348,9,25,5,0,43,1,2016-12-18T07:39:05.000Z,gothenborg,2016-12-18T00:00:00.000Z,51,Fishing,gothenborg,1
57.70706,11.65927,0,256,206,4,FISKE PLATS,DK,47,0,STELLA NOVA,2,156348,9,25,5,0,43,1,2016-12-18T07:41:05.000Z,gothenborg,2016-12-18T00:00:00.000Z,51,Fishing,gothenborg,1
57.70707,11.65928,0,218,206,1,FISKE PLATS,DK,47,0,STELLA NOVA,2,156348,9,25,5,0,43,1,2016-12-18T07:43:05.000Z,gothenborg,2016-12-18T00:00:00.000Z,51,Fishing,gothenborg,1
57.70707,11.65928,0,218,206,4,FISKE PLATS,DK,47,0,STELLA NOVA,2,156348,9,25,5,0,43,1,2016-12-18T07:45:04.000Z,gothenborg,2016-12-18T00:00:00.000Z,51,Fishing,gothenborg,1
57.70705,11.65927,0,317,205,2,FISKE PLATS,DK,47,0,STELLA NOVA,2,156348,9,25,5,0,43,1,2016-12-18T07:47:07.000Z,gothenborg,2016-12-18T00:00:00.000Z,51,Fishing,gothenborg,1
57.70705,11.65927,0,317,205,4,FISKE PLATS,DK,47,0,STELLA NOVA,2,156348,9,25,5,0,43,1,2016-12-18T07:49:06.000Z,gothenborg,2016-12-18T00:00:00.000Z,51,Fishing,gothenborg,1
57.70707,11.65924,0,319,206,2,FISKE PLATS,DK,47,0,STELLA NOVA,2,156348,9,25,5,0,43,1,2016-12-18T07:51:05.000Z,gothenborg,2016-12-18T00:00:00.000Z,51,Fishing,gothenborg,1
57.70707,11.65924,0,319,206,4,FISKE PLATS,DK,47,0,STELLA NOVA,2,156348,9,25,5,0,43,1,2016-12-18T07:53:04.000Z,gothenborg,2016-12-18T00:00:00.000Z,51,Fishing,gothenborg,1
57.70705,11.65927,0,303,206,2,FISKE PLATS,DK,47,0,STELLA NOVA,2,156348,9,25,5,0,43,1,2016-12-18T07:55:05.000Z,gothenborg,2016-12-18T00:00:00.000Z,51,Fishing,gothenborg,1
57.70705,11.65927,0,303,206,4,FISKE PLATS,DK,47,0,STELLA NOVA,2,156348,9,25,5,0,43,1,2016-12-18T07:57:05.000Z,gothenborg,2016-12-18T00:00:00.000Z,51,Fishing,gothenborg,1
57.70706,11.65926,0,298,205,2,FISKE PLATS,DK,47,0,STELLA NOVA,2,156348,9,25,5,0,43,1,2016-12-18T08:01:05.000Z,gothenborg,2016-12-18T00:00:00.000Z,51,Fishing,gothenborg,1
57.70706,11.65926,0,298,205,4,FISKE PLATS,DK,47,0,STELLA NOVA,2,156348,9,25,5,0,43,1,2016-12-18T08:03:05.000Z,gothenborg,2016-12-18T00:00:00.000Z,51,Fishing,gothenborg,1
57.70707,11.65928,0,251,205,2,FISKE PLATS,DK,47,0,STELLA NOVA,2,156348,9,25,5,0,43,1,2016-12-18T08:05:05.000Z,gothenborg,2016-12-18T00:00:00.000Z,51,Fishing,gothenborg,1
57.70707,11.65929,0,296,206,2,FISKE PLATS,DK,47,0,STELLA NOVA,2,156348,9,25,5,0,43,1,2016-12-18T08:07:05.000Z,gothenborg,2016-12-18T00:00:00.000Z,51,Fishing,gothenborg,1
57.70707,11.65929,0,296,206,4,FISKE PLATS,DK,47,0,STELLA NOVA,2,156348,9,25,5,0,43,1,2016-12-18T08:09:05.000Z,gothenborg,2016-12-18T00:00:00.000Z,51,Fishing,gothenborg,1
57.70707,11.65924,0,248,206,2,FISKE PLATS,DK,47,0,STELLA NOVA,2,156348,9,25,5,0,43,1,2016-12-18T08:11:05.000Z,gothenborg,2016-12-18T00:00:00.000Z,51,Fishing,gothenborg,1
57.70707,11.65924,0,248,206,4,FISKE PLATS,DK,47,0,STELLA NOVA,2,156348,9,25,5,0,43,1,2016-12-18T08:13:05.000Z,gothenborg,2016-12-18T00:00:00.000Z,51,Fishing,gothenborg,1
57.70707,11.65924,0,248,206,4,FISKE PLATS,DK,47,0,STELLA NOVA,2,156348,9,25,5,0,43,1,2016-12-18T08:15:04.000Z,gothenborg,2016-12-18T00:00:00.000Z,51,Fishing,gothenborg,1
57.70705,11.65928,0,280,205,4,FISKE PLATS,DK,47,0,STELLA NOVA,2,156348,9,25,5,0,43,1,2016-12-18T08:17:05.000Z,gothenborg,2016-12-18T00:00:00.000Z,51,Fishing,gothenborg,1
57.70705,11.65926,0,297,205,3,FISKE PLATS,DK,47,0,STELLA NOVA,2,156348,9,25,5,0,43,1,2016-12-18T08:19:05.000Z,gothenborg,2016-12-18T00:00:00.000Z,51,Fishing,gothenborg,1
57.70705,11.65924,0,256,206,2,FISKE PLATS,DK,47,0,STELLA NOVA,2,156348,9,25,5,0,43,1,2016-12-18T08:21:05.000Z,gothenborg,2016-12-18T00:00:00.000Z,51,Fishing,gothenborg,1
57.70705,11.65924,0,256,206,4,FISKE PLATS,DK,47,0,STELLA NOVA,2,156348,9,25,5,0,43,1,2016-12-18T08:23:05.000Z,gothenborg,2016-12-18T00:00:00.000Z,51,Fishing,gothenborg,1
57.70705,11.65926,0,296,206,2,FISKE PLATS,DK,47,0,STELLA NOVA,2,156348,9,25,5,0,43,1,2016-12-18T08:25:05.000Z,gothenborg,2016-12-18T00:00:00.000Z,51,Fishing,gothenborg,1
57.70705,11.65926,0,296,206,4,FISKE PLATS,DK,47,0,STELLA NOVA,2,156348,9,25,5,0,43,1,2016-12-18T08:27:05.000Z,gothenborg,2016-12-18T00:00:00.000Z,51,Fishing,gothenborg,1
57.70706,11.65928,0,325,205,3,FISKE PLATS,DK,47,0,STELLA NOVA,2,156348,9,25,5,0,43,1,2016-12-18T08:29:05.000Z,gothenborg,2016-12-18T00:00:00.000Z,51,Fishing,gothenborg,1
57.70706,11.65928,0,325,205,4,FISKE PLATS,DK,47,0,STELLA NOVA,2,156348,9,25,5,0,43,1,2016-12-18T08:31:05.000Z,gothenborg,2016-12-18T00:00:00.000Z,51,Fishing,gothenborg,1
57.70707,11.65926,0,306,205,3,FISKE PLATS,DK,47,0,STELLA NOVA,2,156348,9,25,5,0,43,1,2016-12-18T08:33:05.000Z,gothenborg,2016-12-18T00:00:00.000Z,51,Fishing,gothenborg,1
57.70707,11.65926,0,306,205,4,FISKE PLATS,DK,47,0,STELLA NOVA,2,156348,9,25,5,0,43,1,2016-12-18T08:35:05.000Z,gothenborg,2016-12-18T00:00:00.000Z,51,Fishing,gothenborg,1
57.70704,11.65928,0,328,206,4,FISKE PLATS,DK,47,0,STELLA NOVA,2,156348,9,25,5,0,43,1,2016-12-18T08:37:05.000Z,gothenborg,2016-12-18T00:00:00.000Z,51,Fishing,gothenborg,1
57.70707,11.65925,0,292,206,2,FISKE PLATS,DK,47,0,STELLA NOVA,2,156348,9,25,5,0,43,1,2016-12-18T08:39:05.000Z,gothenborg,2016-12-18T00:00:00.000Z,51,Fishing,gothenborg,1
57.70707,11.65925,0,292,206,4,FISKE PLATS,DK,47,0,STELLA NOVA,2,156348,9,25,5,0,43,1,2016-12-18T08:41:06.000Z,gothenborg,2016-12-18T00:00:00.000Z,51,Fishing,gothenborg,1
57.70707,11.65924,0,298,206,3,FISKE PLATS,DK,47,0,STELLA NOVA,2,156348,9,25,5,0,43,1,2016-12-18T08:43:05.000Z,gothenborg,2016-12-18T00:00:00.000Z,51,Fishing,gothenborg,1
57.70707,11.65924,0,298,206,3,FISKE PLATS,DK,47,0,STELLA NOVA,2,156348,9,25,5,0,43,1,2016-12-18T08:45:05.000Z,gothenborg,2016-12-18T00:00:00.000Z,51,Fishing,gothenborg,1
57.70707,11.65926,0,12,204,4,FISKE PLATS,DK,47,0,STELLA NOVA,2,156348,9,25,5,0,43,1,2016-12-18T08:47:05.000Z,gothenborg,2016-12-18T00:00:00.000Z,51,Fishing,gothenborg,1
57.70705,11.65928,0,11,205,3,FISKE PLATS,DK,47,0,STELLA NOVA,2,156348,9,25,5,0,43,1,2016-12-18T08:49:06.000Z,gothenborg,2016-12-18T00:00:00.000Z,51,Fishing,gothenborg,1
57.70705,11.65928,0,11,205,5,FISKE PLATS,DK,47,0,STELLA NOVA,2,156348,9,25,5,0,43,1,2016-12-18T08:51:05.000Z,gothenborg,2016-12-18T00:00:00.000Z,51,Fishing,gothenborg,1
57.70706,11.65929,0,15,205,3,FISKE PLATS,DK,47,0,STELLA NOVA,2,156348,9,25,5,0,43,1,2016-12-18T08:53:05.000Z,gothenborg,2016-12-18T00:00:00.000Z,51,Fishing,gothenborg,1
57.70708,11.65929,0,344,205,2,FISKE PLATS,DK,47,0,STELLA NOVA,2,156348,9,25,5,0,43,1,2016-12-18T08:55:06.000Z,gothenborg,2016-12-18T00:00:00.000Z,51,Fishing,gothenborg,1
57.70708,11.65929,0,344,205,4,FISKE PLATS,DK,47,0,STELLA NOVA,2,156348,9,25,5,0,43,1,2016-12-18T08:57:06.000Z,gothenborg,2016-12-18T00:00:00.000Z,51,Fishing,gothenborg,1
57.70708,11.65926,0,14,205,3,FISKE PLATS,DK,47,0,STELLA NOVA,2,156348,9,25,5,0,43,1,2016-12-18T08:59:05.000Z,gothenborg,2016-12-18T00:00:00.000Z,51,Fishing,gothenborg,1
57.70708,11.65926,0,14,205,5,FISKE PLATS,DK,47,0,STELLA NOVA,2,156348,9,25,5,0,43,1,2016-12-18T09:01:06.000Z,gothenborg,2016-12-18T00:00:00.000Z,51,Fishing,gothenborg,1
57.70707,11.65929,0,243,204,3,FISKE PLATS,DK,47,0,STELLA NOVA,2,156348,9,25,5,0,43,1,2016-12-18T09:03:05.000Z,gothenborg,2016-12-18T00:00:00.000Z,51,Fishing,gothenborg,1
57.70707,11.65929,0,26,205,2,FISKE PLATS,DK,47,0,STELLA NOVA,2,156348,9,25,5,0,43,1,2016-12-18T09:05:05.000Z,gothenborg,2016-12-18T00:00:00.000Z,51,Fishing,gothenborg,1
57.70707,11.65929,0,26,205,4,FISKE PLATS,DK,47,0,STELLA NOVA,2,156348,9,25,5,0,43,1,2016-12-18T09:07:05.000Z,gothenborg,2016-12-18T00:00:00.000Z,51,Fishing,gothenborg,1
57.70706,11.65929,0,312,205,2,FISKE PLATS,DK,47,0,STELLA NOVA,2,156348,9,25,5,0,43,1,2016-12-18T09:09:05.000Z,gothenborg,2016-12-18T00:00:00.000Z,51,Fishing,gothenborg,1
57.70706,11.65929,0,312,205,4,FISKE PLATS,DK,47,0,STELLA NOVA,2,156348,9,25,5,0,43,1,2016-12-18T09:11:05.000Z,gothenborg,2016-12-18T00:00:00.000Z,51,Fishing,gothenborg,1
57.70707,11.6593,0,328,205,3,FISKE PLATS,DK,47,0,STELLA NOVA,2,156348,9,25,5,0,43,1,2016-12-18T09:13:04.000Z,gothenborg,2016-12-18T00:00:00.000Z,51,Fishing,gothenborg,1
57.70705,11.65928,0,246,204,2,FISKE PLATS,DK,47,0,STELLA NOVA,2,156348,9,25,5,0,43,1,2016-12-18T09:15:05.000Z,gothenborg,2016-12-18T00:00:00.000Z,51,Fishing,gothenborg,1
57.70705,11.65928,0,246,204,4,FISKE PLATS,DK,47,0,STELLA NOVA,2,156348,9,25,5,0,43,1,2016-12-18T09:17:05.000Z,gothenborg,2016-12-18T00:00:00.000Z,51,Fishing,gothenborg,1
57.70707,11.65931,0,258,205,3,FISKE PLATS,DK,47,0,STELLA NOVA,2,156348,9,25,5,0,43,1,2016-12-18T09:19:06.000Z,gothenborg,2016-12-18T00:00:00.000Z,51,Fishing,gothenborg,1
57.70707,11.65931,0,258,205,5,FISKE PLATS,DK,47,0,STELLA NOVA,2,156348,9,25,5,0,43,1,2016-12-18T09:21:05.000Z,gothenborg,2016-12-18T00:00:00.000Z,51,Fishing,gothenborg,1
57.70707,11.65928,0,248,204,3,FISKE PLATS,DK,47,0,STELLA NOVA,2,156348,9,25,5,0,43,1,2016-12-18T09:23:05.000Z,gothenborg,2016-12-18T00:00:00.000Z,51,Fishing,gothenborg,1
57.70707,11.65928,0,248,204,5,FISKE PLATS,DK,47,0,STELLA NOVA,2,156348,9,25,5,0,43,1,2016-12-18T09:25:06.000Z,gothenborg,2016-12-18T00:00:00.000Z,51,Fishing,gothenborg,1
57.70706,11.65929,0,253,205,3,FISKE PLATS,DK,47,0,STELLA NOVA,2,156348,9,25,5,0,43,1,2016-12-18T09:27:05.000Z,gothenborg,2016-12-18T00:00:00.000Z,51,Fishing,gothenborg,1
57.70707,11.65924,0,269,205,2,FISKE PLATS,DK,47,0,STELLA NOVA,2,156348,9,25,5,0,43,1,2016-12-18T09:29:06.000Z,gothenborg,2016-12-18T00:00:00.000Z,51,Fishing,gothenborg,1
57.70707,11.65924,0,269,205,4,FISKE PLATS,DK,47,0,STELLA NOVA,2,156348,9,25,5,0,43,1,2016-12-18T09:31:04.000Z,gothenborg,2016-12-18T00:00:00.000Z,51,Fishing,gothenborg,1
57.70706,11.65927,0,269,205,3,FISKE PLATS,DK,47,0,STELLA NOVA,2,156348,9,25,5,0,43,1,2016-12-18T09:33:05.000Z,gothenborg,2016-12-18T00:00:00.000Z,51,Fishing,gothenborg,1
57.70706,11.65927,0,269,205,5,FISKE PLATS,DK,47,0,STELLA NOVA,2,156348,9,25,5,0,43,1,2016-12-18T09:35:05.000Z,gothenborg,2016-12-18T00:00:00.000Z,51,Fishing,gothenborg,1
57.70707,11.65929,0,272,205,3,FISKE PLATS,DK,47,0,STELLA NOVA,2,156348,9,25,5,0,43,1,2016-12-18T09:37:05.000Z,gothenborg,2016-12-18T00:00:00.000Z,51,Fishing,gothenborg,1
57.70707,11.65929,0,272,205,5,FISKE PLATS,DK,47,0,STELLA NOVA,2,156348,9,25,5,0,43,1,2016-12-18T09:39:05.000Z,gothenborg,2016-12-18T00:00:00.000Z,51,Fishing,gothenborg,1
57.70707,11.65927,0,271,205,3,FISKE PLATS,DK,47,0,STELLA NOVA,2,156348,9,25,5,0,43,1,2016-12-18T09:41:05.000Z,gothenborg,2016-12-18T00:00:00.000Z,51,Fishing,gothenborg,1
57.70707,11.65927,0,271,205,5,FISKE PLATS,DK,47,0,STELLA NOVA,2,156348,9,25,5,0,43,1,2016-12-18T09:43:05.000Z,gothenborg,2016-12-18T00:00:00.000Z,51,Fishing,gothenborg,1
57.70707,11.65927,0,271,205,5,FISKE PLATS,DK,47,0,STELLA NOVA,2,156348,9,25,5,0,43,1,2016-12-18T09:45:06.000Z,gothenborg,2016-12-18T00:00:00.000Z,51,Fishing,gothenborg,1
57.70706,11.65927,0,253,205,5,FISKE PLATS,DK,47,0,STELLA NOVA,2,156348,9,25,5,0,43,1,2016-12-18T09:47:05.000Z,gothenborg,2016-12-18T00:00:00.000Z,51,Fishing,gothenborg,1
57.70705,11.65929,0,260,205,2,FISKE PLATS,DK,47,0,STELLA NOVA,2,156348,9,25,5,0,43,1,2016-12-18T09:49:05.000Z,gothenborg,2016-12-18T00:00:00.000Z,51,Fishing,gothenborg,1
57.70705,11.65929,0,260,205,4,FISKE PLATS,DK,47,0,STELLA NOVA,2,156348,9,25,5,0,43,1,2016-12-18T09:51:05.000Z,gothenborg,2016-12-18T00:00:00.000Z,51,Fishing,gothenborg,1
57.70707,11.65928,0,278,205,2,FISKE PLATS,DK,47,0,STELLA NOVA,2,156348,9,25,5,0,43,1,2016-12-18T09:53:05.000Z,gothenborg,2016-12-18T00:00:00.000Z,51,Fishing,gothenborg,1
57.70707,11.65928,0,278,205,4,FISKE PLATS,DK,47,0,STELLA NOVA,2,156348,9,25,5,0,43,1,2016-12-18T09:55:05.000Z,gothenborg,2016-12-18T00:00:00.000Z,51,Fishing,gothenborg,1
57.70707,11.65928,0,278,205,4,FISKE PLATS,DK,47,0,STELLA NOVA,2,156348,9,25,5,0,43,1,2016-12-18T09:57:05.000Z,gothenborg,2016-12-18T00:00:00.000Z,51,Fishing,gothenborg,1
57.70707,11.65926,0,256,205,4,FISKE PLATS,DK,47,0,STELLA NOVA,2,156348,9,25,5,0,43,1,2016-12-18T09:59:05.000Z,gothenborg,2016-12-18T00:00:00.000Z,51,Fishing,gothenborg,1
57.70705,11.65925,0,265,205,2,FISKE PLATS,DK,47,0,STELLA NOVA,2,156348,9,25,5,0,43,1,2016-12-18T10:01:05.000Z,gothenborg,2016-12-18T00:00:00.000Z,51,Fishing,gothenborg,1
57.70705,11.65925,0,265,205,4,FISKE PLATS,DK,47,0,STELLA NOVA,2,156348,9,25,5,0,43,1,2016-12-18T10:03:05.000Z,gothenborg,2016-12-18T00:00:00.000Z,51,Fishing,gothenborg,1
57.70707,11.6593,0,270,205,3,FISKE PLATS,DK,47,0,STELLA NOVA,2,156348,9,25,5,0,43,1,2016-12-18T10:05:05.000Z,gothenborg,2016-12-18T00:00:00.000Z,51,Fishing,gothenborg,1
57.70706,11.65929,0,268,205,1,FISKE PLATS,DK,47,0,STELLA NOVA,2,156348,9,25,5,0,43,1,2016-12-18T10:07:05.000Z,gothenborg,2016-12-18T00:00:00.000Z,51,Fishing,gothenborg,1
57.70706,11.65929,0,268,205,3,FISKE PLATS,DK,47,0,STELLA NOVA,2,156348,9,25,5,0,43,1,2016-12-18T10:09:05.000Z,gothenborg,2016-12-18T00:00:00.000Z,51,Fishing,gothenborg,1
57.70707,11.65929,0,271,205,2,FISKE PLATS,DK,47,0,STELLA NOVA,2,156348,9,25,5,0,43,1,2016-12-18T10:11:06.000Z,gothenborg,2016-12-18T00:00:00.000Z,51,Fishing,gothenborg,1
57.70706,11.65931,0,262,205,1,FISKE PLATS,DK,47,0,STELLA NOVA,2,156348,9,25,5,0,43,1,2016-12-18T10:13:05.000Z,gothenborg,2016-12-18T00:00:00.000Z,51,Fishing,gothenborg,1
57.70706,11.65931,0,262,205,2,FISKE PLATS,DK,47,0,STELLA NOVA,2,156348,9,25,5,0,43,1,2016-12-18T10:15:05.000Z,gothenborg,2016-12-18T00:00:00.000Z,51,Fishing,gothenborg,1
57.70707,11.6593,0,269,205,2,FISKE PLATS,DK,47,0,STELLA NOVA,2,156348,9,25,5,0,43,1,2016-12-18T10:17:05.000Z,gothenborg,2016-12-18T00:00:00.000Z,51,Fishing,gothenborg,1
57.70707,11.6593,0,269,205,4,FISKE PLATS,DK,47,0,STELLA NOVA,2,156348,9,25,5,0,43,1,2016-12-18T10:19:05.000Z,gothenborg,2016-12-18T00:00:00.000Z,51,Fishing,gothenborg,1
57.70705,11.6593,0,278,205,3,FISKE PLATS,DK,47,0,STELLA NOVA,2,156348,9,25,5,0,43,1,2016-12-18T10:21:05.000Z,gothenborg,2016-12-18T00:00:00.000Z,51,Fishing,gothenborg,1
57.70706,11.65929,0,250,206,2,FISKE PLATS,DK,47,0,STELLA NOVA,2,156348,9,25,5,0,43,1,2016-12-18T10:27:05.000Z,gothenborg,2016-12-18T00:00:00.000Z,51,Fishing,gothenborg,1
57.70706,11.65929,0,250,206,4,FISKE PLATS,DK,47,0,STELLA NOVA,2,156348,9,25,5,0,43,1,2016-12-18T10:29:06.000Z,gothenborg,2016-12-18T00:00:00.000Z,51,Fishing,gothenborg,1
57.70707,11.65928,0,296,206,3,FISKE PLATS,DK,47,0,STELLA NOVA,2,156348,9,25,5,0,43,1,2016-12-18T10:31:06.000Z,gothenborg,2016-12-18T00:00:00.000Z,51,Fishing,gothenborg,1
57.70705,11.6593,0,259,205,2,FISKE PLATS,DK,47,0,STELLA NOVA,2,156348,9,25,5,0,43,1,2016-12-18T10:33:05.000Z,gothenborg,2016-12-18T00:00:00.000Z,51,Fishing,gothenborg,1
57.70705,11.6593,0,259,205,4,FISKE PLATS,DK,47,0,STELLA NOVA,2,156348,9,25,5,0,43,1,2016-12-18T10:35:05.000Z,gothenborg,2016-12-18T00:00:00.000Z,51,Fishing,gothenborg,1
57.70706,11.65928,0,259,205,3,FISKE PLATS,DK,47,0,STELLA NOVA,2,156348,9,25,5,0,43,1,2016-12-18T10:37:05.000Z,gothenborg,2016-12-18T00:00:00.000Z,51,Fishing,gothenborg,1
57.70706,11.65928,0,283,205,4,FISKE PLATS,DK,47,0,STELLA NOVA,2,156348,9,25,5,0,43,1,2016-12-18T10:41:06.000Z,gothenborg,2016-12-18T00:00:00.000Z,51,Fishing,gothenborg,1
57.70707,11.6593,0,291,205,2,FISKE PLATS,DK,47,0,STELLA NOVA,2,156348,9,25,5,0,43,1,2016-12-18T10:43:05.000Z,gothenborg,2016-12-18T00:00:00.000Z,51,Fishing,gothenborg,1
57.70707,11.6593,0,291,205,5,FISKE PLATS,DK,47,0,STELLA NOVA,2,156348,9,25,5,0,43,1,2016-12-18T10:45:06.000Z,gothenborg,2016-12-18T00:00:00.000Z,51,Fishing,gothenborg,1
57.70707,11.6593,0,283,204,3,FISKE PLATS,DK,47,0,STELLA NOVA,2,156348,9,25,5,0,43,1,2016-12-18T10:47:05.000Z,gothenborg,2016-12-18T00:00:00.000Z,51,Fishing,gothenborg,1
57.70707,11.6593,0,283,204,5,FISKE PLATS,DK,47,0,STELLA NOVA,2,156348,9,25,5,0,43,1,2016-12-18T10:49:05.000Z,gothenborg,2016-12-18T00:00:00.000Z,51,Fishing,gothenborg,1
57.70707,11.65931,0,246,204,3,FISKE PLATS,DK,47,0,STELLA NOVA,2,156348,9,25,5,0,43,1,2016-12-18T10:51:05.000Z,gothenborg,2016-12-18T00:00:00.000Z,51,Fishing,gothenborg,1
57.70707,11.65931,0,246,204,5,FISKE PLATS,DK,47,0,STELLA NOVA,2,156348,9,25,5,0,43,1,2016-12-18T10:53:05.000Z,gothenborg,2016-12-18T00:00:00.000Z,51,Fishing,gothenborg,1
57.70707,11.65929,0,244,205,3,FISKE PLATS,DK,47,0,STELLA NOVA,2,156348,9,25,5,0,43,1,2016-12-18T10:55:05.000Z,gothenborg,2016-12-18T00:00:00.000Z,51,Fishing,gothenborg,1
57.70707,11.65929,0,244,205,3,FISKE PLATS,DK,47,0,STELLA NOVA,2,156348,9,25,5,0,43,1,2016-12-18T10:57:04.000Z,gothenborg,2016-12-18T00:00:00.000Z,51,Fishing,gothenborg,1
57.70707,11.65929,0,244,205,5,FISKE PLATS,DK,47,0,STELLA NOVA,2,156348,9,25,5,0,43,1,2016-12-18T10:59:05.000Z,gothenborg,2016-12-18T00:00:00.000Z,51,Fishing,gothenborg,1
57.70706,11.65927,0,238,205,2,FISKE PLATS,DK,47,0,STELLA NOVA,2,156348,9,25,5,0,43,1,2016-12-18T11:01:05.000Z,gothenborg,2016-12-18T00:00:00.000Z,51,Fishing,gothenborg,1
57.70706,11.65927,0,238,205,2,FISKE PLATS,DK,47,0,STELLA NOVA,2,156348,9,25,5,0,43,1,2016-12-18T11:03:05.000Z,gothenborg,2016-12-18T00:00:00.000Z,51,Fishing,gothenborg,1
57.70704,11.6593,0,245,205,3,FISKE PLATS,DK,47,0,STELLA NOVA,2,156348,9,25,5,0,43,1,2016-12-18T11:05:05.000Z,gothenborg,2016-12-18T00:00:00.000Z,51,Fishing,gothenborg,1
57.70704,11.65929,0,207,205,2,FISKE PLATS,DK,47,0,STELLA NOVA,2,156348,9,25,5,0,43,1,2016-12-18T11:07:05.000Z,gothenborg,2016-12-18T00:00:00.000Z,51,Fishing,gothenborg,1
57.70704,11.65929,0,207,205,4,FISKE PLATS,DK,47,0,STELLA NOVA,2,156348,9,25,5,0,43,1,2016-12-18T11:09:05.000Z,gothenborg,2016-12-18T00:00:00.000Z,51,Fishing,gothenborg,1
57.70707,11.6593,0,227,204,3,FISKE PLATS,DK,47,0,STELLA NOVA,2,156348,9,25,5,0,43,1,2016-12-18T11:11:08.000Z,gothenborg,2016-12-18T00:00:00.000Z,51,Fishing,gothenborg,1
57.70705,11.65929,0,302,204,2,FISKE PLATS,DK,47,0,STELLA NOVA,2,156348,9,25,5,0,43,1,2016-12-18T11:13:05.000Z,gothenborg,2016-12-18T00:00:00.000Z,51,Fishing,gothenborg,1
57.70705,11.65929,0,302,204,3,FISKE PLATS,DK,47,0,STELLA NOVA,2,156348,9,25,5,0,43,1,2016-12-18T11:15:06.000Z,gothenborg,2016-12-18T00:00:00.000Z,51,Fishing,gothenborg,1
57.70705,11.65931,0,319,206,3,FISKE PLATS,DK,47,0,STELLA NOVA,2,156348,9,25,5,0,43,1,2016-12-18T11:17:05.000Z,gothenborg,2016-12-18T00:00:00.000Z,51,Fishing,gothenborg,1
57.70705,11.6593,0,311,205,2,FISKE PLATS,DK,47,0,STELLA NOVA,2,156348,9,25,5,0,43,1,2016-12-18T11:19:05.000Z,gothenborg,2016-12-18T00:00:00.000Z,51,Fishing,gothenborg,1
57.70705,11.6593,0,311,205,4,FISKE PLATS,DK,47,0,STELLA NOVA,2,156348,9,25,5,0,43,1,2016-12-18T11:21:05.000Z,gothenborg,2016-12-18T00:00:00.000Z,51,Fishing,gothenborg,1
57.70706,11.65926,0,301,205,3,FISKE PLATS,DK,47,0,STELLA NOVA,2,156348,9,25,5,0,43,1,2016-12-18T11:23:05.000Z,gothenborg,2016-12-18T00:00:00.000Z,51,Fishing,gothenborg,1
57.70707,11.6593,0,308,205,2,FISKE PLATS,DK,47,0,STELLA NOVA,2,156348,9,25,5,0,43,1,2016-12-18T11:25:06.000Z,gothenborg,2016-12-18T00:00:00.000Z,51,Fishing,gothenborg,1
57.70707,11.6593,0,308,205,4,FISKE PLATS,DK,47,0,STELLA NOVA,2,156348,9,25,5,0,43,1,2016-12-18T11:27:06.000Z,gothenborg,2016-12-18T00:00:00.000Z,51,Fishing,gothenborg,1
57.70707,11.6593,0,312,205,2,FISKE PLATS,DK,47,0,STELLA NOVA,2,156348,9,25,5,0,43,1,2016-12-18T11:29:05.000Z,gothenborg,2016-12-18T00:00:00.000Z,51,Fishing,gothenborg,1
57.70707,11.6593,0,312,205,4,FISKE PLATS,DK,47,0,STELLA NOVA,2,156348,9,25,5,0,43,1,2016-12-18T11:31:05.000Z,gothenborg,2016-12-18T00:00:00.000Z,51,Fishing,gothenborg,1
57.70705,11.65929,0,306,206,3,FISKE PLATS,DK,47,0,STELLA NOVA,2,156348,9,25,5,0,43,1,2016-12-18T11:33:05.000Z,gothenborg,2016-12-18T00:00:00.000Z,51,Fishing,gothenborg,1
57.70705,11.65929,0,306,206,5,FISKE PLATS,DK,47,0,STELLA NOVA,2,156348,9,25,5,0,43,1,2016-12-18T11:35:05.000Z,gothenborg,2016-12-18T00:00:00.000Z,51,Fishing,gothenborg,1
57.70708,11.6593,0,320,205,3,FISKE PLATS,DK,47,0,STELLA NOVA,2,156348,9,25,5,0,43,1,2016-12-18T11:37:05.000Z,gothenborg,2016-12-18T00:00:00.000Z,51,Fishing,gothenborg,1
57.70708,11.6593,0,320,205,4,FISKE PLATS,DK,47,0,STELLA NOVA,2,156348,9,25,5,0,43,1,2016-12-18T11:39:05.000Z,gothenborg,2016-12-18T00:00:00.000Z,51,Fishing,gothenborg,1
57.70705,11.65933,0,323,205,4,FISKE PLATS,DK,47,0,STELLA NOVA,2,156348,9,25,5,0,43,1,2016-12-18T11:41:06.000Z,gothenborg,2016-12-18T00:00:00.000Z,51,Fishing,gothenborg,1
57.70704,11.6593,0,330,205,2,FISKE PLATS,DK,47,0,STELLA NOVA,2,156348,9,25,5,0,43,1,2016-12-18T11:43:05.000Z,gothenborg,2016-12-18T00:00:00.000Z,51,Fishing,gothenborg,1
57.70705,11.6593,0,342,205,1,FISKE PLATS,DK,47,0,STELLA NOVA,2,156348,9,25,5,0,43,1,2016-12-18T11:45:05.000Z,gothenborg,2016-12-18T00:00:00.000Z,51,Fishing,gothenborg,1
57.70705,11.6593,0,342,205,3,FISKE PLATS,DK,47,0,STELLA NOVA,2,156348,9,25,5,0,43,1,2016-12-18T11:47:06.000Z,gothenborg,2016-12-18T00:00:00.000Z,51,Fishing,gothenborg,1
57.70705,11.6593,0,342,205,4,FISKE PLATS,DK,47,0,STELLA NOVA,2,156348,9,25,5,0,43,1,2016-12-18T11:49:04.000Z,gothenborg,2016-12-18T00:00:00.000Z,51,Fishing,gothenborg,1
57.70707,11.6593,0,328,205,4,FISKE PLATS,DK,47,0,STELLA NOVA,2,156348,9,25,5,0,43,1,2016-12-18T11:51:05.000Z,gothenborg,2016-12-18T00:00:00.000Z,51,Fishing,gothenborg,1
57.70707,11.6593,0,328,205,5,FISKE PLATS,DK,47,0,STELLA NOVA,2,156348,9,25,5,0,43,1,2016-12-18T11:53:04.000Z,gothenborg,2016-12-18T00:00:00.000Z,51,Fishing,gothenborg,1
57.70705,11.65929,0,352,206,2,FISKE PLATS,DK,47,0,STELLA NOVA,2,156348,9,25,5,0,43,1,2016-12-18T11:55:05.000Z,gothenborg,2016-12-18T00:00:00.000Z,51,Fishing,gothenborg,1
57.70707,11.6593,0,211,205,2,FISKE PLATS,DK,47,0,STELLA NOVA,2,156348,9,25,5,0,43,1,2016-12-18T11:57:05.000Z,gothenborg,2016-12-18T00:00:00.000Z,51,Fishing,gothenborg,1
57.70707,11.6593,0,211,205,4,FISKE PLATS,DK,47,0,STELLA NOVA,2,156348,9,25,5,0,43,1,2016-12-18T11:59:05.000Z,gothenborg,2016-12-18T00:00:00.000Z,51,Fishing,gothenborg,1
57.70707,11.65929,0,159,205,2,FISKE PLATS,DK,47,0,STELLA NOVA,2,156348,9,25,5,0,43,1,2016-12-18T12:01:06.000Z,gothenborg,2016-12-18T00:00:00.000Z,51,Fishing,gothenborg,1
57.70707,11.65929,0,159,205,2,FISKE PLATS,DK,47,0,STELLA NOVA,2,156348,9,25,5,0,43,1,2016-12-18T12:03:05.000Z,gothenborg,2016-12-18T00:00:00.000Z,51,Fishing,gothenborg,1
57.70705,11.6593,0,33,206,2,FISKE PLATS,DK,47,0,STELLA NOVA,2,156348,9,25,5,0,43,1,2016-12-18T12:05:05.000Z,gothenborg,2016-12-18T00:00:00.000Z,51,Fishing,gothenborg,1
57.70705,11.6593,0,33,206,4,FISKE PLATS,DK,47,0,STELLA NOVA,2,156348,9,25,5,0,43,1,2016-12-18T12:07:06.000Z,gothenborg,2016-12-18T00:00:00.000Z,51,Fishing,gothenborg,1
57.70705,11.6593,0,33,206,4,FISKE PLATS,DK,47,0,STELLA NOVA,2,156348,9,25,5,0,43,1,2016-12-18T12:09:05.000Z,gothenborg,2016-12-18T00:00:00.000Z,51,Fishing,gothenborg,1
57.70705,11.6593,0,205,205,4,FISKE PLATS,DK,47,0,STELLA NOVA,2,156348,9,25,5,0,43,1,2016-12-18T12:11:06.000Z,gothenborg,2016-12-18T00:00:00.000Z,51,Fishing,gothenborg,1
57.70707,11.65927,0,234,205,3,FISKE PLATS,DK,47,0,STELLA NOVA,2,156348,9,25,5,0,43,1,2016-12-18T12:13:06.000Z,gothenborg,2016-12-18T00:00:00.000Z,51,Fishing,gothenborg,1
57.70705,11.65928,0,238,205,2,FISKE PLATS,DK,47,0,STELLA NOVA,2,156348,9,25,5,0,43,1,2016-12-18T12:15:05.000Z,gothenborg,2016-12-18T00:00:00.000Z,51,Fishing,gothenborg,1
57.70705,11.65928,0,238,205,4,FISKE PLATS,DK,47,0,STELLA NOVA,2,156348,9,25,5,0,43,1,2016-12-18T12:17:06.000Z,gothenborg,2016-12-18T00:00:00.000Z,51,Fishing,gothenborg,1
57.70705,11.65928,0,204,205,3,FISKE PLATS,DK,47,0,STELLA NOVA,2,156348,9,25,5,0,43,1,2016-12-18T12:19:06.000Z,gothenborg,2016-12-18T00:00:00.000Z,51,Fishing,gothenborg,1
57.70705,11.65928,0,204,205,5,FISKE PLATS,DK,47,0,STELLA NOVA,2,156348,9,25,5,0,43,1,2016-12-18T12:21:05.000Z,gothenborg,2016-12-18T00:00:00.000Z,51,Fishing,gothenborg,1
57.70705,11.65928,0,219,205,3,FISKE PLATS,DK,47,0,STELLA NOVA,2,156348,9,25,5,0,43,1,2016-12-18T12:23:05.000Z,gothenborg,2016-12-18T00:00:00.000Z,51,Fishing,gothenborg,1
57.70705,11.65928,0,219,205,5,FISKE PLATS,DK,47,0,STELLA NOVA,2,156348,9,25,5,0,43,1,2016-12-18T12:25:06.000Z,gothenborg,2016-12-18T00:00:00.000Z,51,Fishing,gothenborg,1
57.70705,11.65928,0,219,205,5,FISKE PLATS,DK,47,0,STELLA NOVA,2,156348,9,25,5,0,43,1,2016-12-18T12:27:05.000Z,gothenborg,2016-12-18T00:00:00.000Z,51,Fishing,gothenborg,1
57.70705,11.65928,0,357,205,2,FISKE PLATS,DK,47,0,STELLA NOVA,2,156348,9,25,5,0,43,1,2016-12-18T12:29:06.000Z,gothenborg,2016-12-18T00:00:00.000Z,51,Fishing,gothenborg,1
57.70705,11.65928,0,357,205,4,FISKE PLATS,DK,47,0,STELLA NOVA,2,156348,9,25,5,0,43,1,2016-12-18T12:31:06.000Z,gothenborg,2016-12-18T00:00:00.000Z,51,Fishing,gothenborg,1
57.70705,11.65928,0,357,205,4,FISKE PLATS,DK,47,0,STELLA NOVA,2,156348,9,25,5,0,43,1,2016-12-18T12:33:05.000Z,gothenborg,2016-12-18T00:00:00.000Z,51,Fishing,gothenborg,1
57.70707,11.65928,0,323,205,3,FISKE PLATS,DK,47,0,STELLA NOVA,2,156348,9,25,5,0,43,1,2016-12-18T12:35:06.000Z,gothenborg,2016-12-18T00:00:00.000Z,51,Fishing,gothenborg,1
57.70705,11.65931,0,312,205,2,FISKE PLATS,DK,47,0,STELLA NOVA,2,156348,9,25,5,0,43,1,2016-12-18T12:37:05.000Z,gothenborg,2016-12-18T00:00:00.000Z,51,Fishing,gothenborg,1
57.70705,11.65931,0,312,205,4,FISKE PLATS,DK,47,0,STELLA NOVA,2,156348,9,25,5,0,43,1,2016-12-18T12:39:06.000Z,gothenborg,2016-12-18T00:00:00.000Z,51,Fishing,gothenborg,1
57.70707,11.6593,0,322,205,2,FISKE PLATS,DK,47,0,STELLA NOVA,2,156348,9,25,5,0,43,1,2016-12-18T12:41:06.000Z,gothenborg,2016-12-18T00:00:00.000Z,51,Fishing,gothenborg,1
57.70707,11.6593,0,322,205,4,FISKE PLATS,DK,47,0,STELLA NOVA,2,156348,9,25,5,0,43,1,2016-12-18T12:43:05.000Z,gothenborg,2016-12-18T00:00:00.000Z,51,Fishing,gothenborg,1
57.70705,11.65931,0,129,204,2,FISKE PLATS,DK,47,0,STELLA NOVA,2,156348,9,25,5,0,43,1,2016-12-18T12:45:05.000Z,gothenborg,2016-12-18T00:00:00.000Z,51,Fishing,gothenborg,1
57.70705,11.65931,0,129,204,4,FISKE PLATS,DK,47,0,STELLA NOVA,2,156348,9,25,5,0,43,1,2016-12-18T12:47:05.000Z,gothenborg,2016-12-18T00:00:00.000Z,51,Fishing,gothenborg,1
57.70705,11.6593,0,98,205,2,FISKE PLATS,DK,47,0,STELLA NOVA,2,156348,9,25,5,0,43,1,2016-12-18T12:49:05.000Z,gothenborg,2016-12-18T00:00:00.000Z,51,Fishing,gothenborg,1
57.70705,11.65931,0,310,205,1,FISKE PLATS,DK,47,0,STELLA NOVA,2,156348,9,25,5,0,43,1,2016-12-18T12:51:05.000Z,gothenborg,2016-12-18T00:00:00.000Z,51,Fishing,gothenborg,1
57.70705,11.65931,0,310,205,3,FISKE PLATS,DK,47,0,STELLA NOVA,2,156348,9,25,5,0,43,1,2016-12-18T12:53:05.000Z,gothenborg,2016-12-18T00:00:00.000Z,51,Fishing,gothenborg,1
57.70707,11.65931,0,327,205,2,FISKE PLATS,DK,47,0,STELLA NOVA,2,156348,9,25,5,0,43,1,2016-12-18T12:55:05.000Z,gothenborg,2016-12-18T00:00:00.000Z,51,Fishing,gothenborg,1
57.70707,11.65931,0,327,205,4,FISKE PLATS,DK,47,0,STELLA NOVA,2,156348,9,25,5,0,43,1,2016-12-18T12:57:05.000Z,gothenborg,2016-12-18T00:00:00.000Z,51,Fishing,gothenborg,1
57.70704,11.65931,0,301,205,2,FISKE PLATS,DK,47,0,STELLA NOVA,2,156348,9,25,5,0,43,1,2016-12-18T12:59:05.000Z,gothenborg,2016-12-18T00:00:00.000Z,51,Fishing,gothenborg,1
57.70704,11.65931,0,301,205,4,FISKE PLATS,DK,47,0,STELLA NOVA,2,156348,9,25,5,0,43,1,2016-12-18T13:01:05.000Z,gothenborg,2016-12-18T00:00:00.000Z,51,Fishing,gothenborg,1
57.70705,11.65929,0,243,205,2,FISKE PLATS,DK,47,0,STELLA NOVA,2,156348,9,25,5,0,43,1,2016-12-18T13:03:05.000Z,gothenborg,2016-12-18T00:00:00.000Z,51,Fishing,gothenborg,1
57.70705,11.65929,0,243,205,4,FISKE PLATS,DK,47,0,STELLA NOVA,2,156348,9,25,5,0,43,1,2016-12-18T13:05:06.000Z,gothenborg,2016-12-18T00:00:00.000Z,51,Fishing,gothenborg,1
57.70705,11.6593,0,252,205,2,FISKE PLATS,DK,47,0,STELLA NOVA,2,156348,9,25,5,0,43,1,2016-12-18T13:07:05.000Z,gothenborg,2016-12-18T00:00:00.000Z,51,Fishing,gothenborg,1
57.70705,11.6593,0,252,205,4,FISKE PLATS,DK,47,0,STELLA NOVA,2,156348,9,25,5,0,43,1,2016-12-18T13:09:06.000Z,gothenborg,2016-12-18T00:00:00.000Z,51,Fishing,gothenborg,1
57.70708,11.6593,0,263,205,2,FISKE PLATS,DK,47,0,STELLA NOVA,2,156348,9,25,5,0,43,1,2016-12-18T13:11:04.000Z,gothenborg,2016-12-18T00:00:00.000Z,51,Fishing,gothenborg,1
57.70708,11.6593,0,263,205,4,FISKE PLATS,DK,47,0,STELLA NOVA,2,156348,9,25,5,0,43,1,2016-12-18T13:13:05.000Z,gothenborg,2016-12-18T00:00:00.000Z,51,Fishing,gothenborg,1
57.70708,11.6593,0,263,205,5,FISKE PLATS,DK,47,0,STELLA NOVA,2,156348,9,25,5,0,43,1,2016-12-18T13:15:05.000Z,gothenborg,2016-12-18T00:00:00.000Z,51,Fishing,gothenborg,1
57.70705,11.6593,0,265,205,4,FISKE PLATS,DK,47,0,STELLA NOVA,2,156348,9,25,5,0,43,1,2016-12-18T13:17:05.000Z,gothenborg,2016-12-18T00:00:00.000Z,51,Fishing,gothenborg,1
57.70705,11.65929,0,298,205,3,FISKE PLATS,DK,47,0,STELLA NOVA,2,156348,9,25,5,0,43,1,2016-12-18T13:19:05.000Z,gothenborg,2016-12-18T00:00:00.000Z,51,Fishing,gothenborg,1
57.70705,11.65929,0,298,205,5,FISKE PLATS,DK,47,0,STELLA NOVA,2,156348,9,25,5,0,43,1,2016-12-18T13:21:05.000Z,gothenborg,2016-12-18T00:00:00.000Z,51,Fishing,gothenborg,1
57.70706,11.65928,0,321,205,2,FISKE PLATS,DK,47,0,STELLA NOVA,2,156348,9,25,5,0,43,1,2016-12-18T13:23:05.000Z,gothenborg,2016-12-18T00:00:00.000Z,51,Fishing,gothenborg,1
57.70705,11.6593,0,238,204,2,FISKE PLATS,DK,47,0,STELLA NOVA,2,156348,9,25,5,0,43,1,2016-12-18T13:25:05.000Z,gothenborg,2016-12-18T00:00:00.000Z,51,Fishing,gothenborg,1
57.70705,11.6593,0,238,204,3,FISKE PLATS,DK,47,0,STELLA NOVA,2,156348,9,25,5,0,43,1,2016-12-18T13:27:05.000Z,gothenborg,2016-12-18T00:00:00.000Z,51,Fishing,gothenborg,1
57.70704,11.65929,0,251,204,3,FISKE PLATS,DK,47,0,STELLA NOVA,2,156348,9,25,5,0,43,1,2016-12-18T13:29:05.000Z,gothenborg,2016-12-18T00:00:00.000Z,51,Fishing,gothenborg,1
57.70704,11.65929,0,251,204,5,FISKE PLATS,DK,47,0,STELLA NOVA,2,156348,9,25,5,0,43,1,2016-12-18T13:31:05.000Z,gothenborg,2016-12-18T00:00:00.000Z,51,Fishing,gothenborg,1
57.70705,11.65932,0,241,204,2,FISKE PLATS,DK,47,0,STELLA NOVA,2,156348,9,25,5,0,43,1,2016-12-18T13:33:06.000Z,gothenborg,2016-12-18T00:00:00.000Z,51,Fishing,gothenborg,1
57.70705,11.65932,0,241,204,4,FISKE PLATS,DK,47,0,STELLA NOVA,2,156348,9,25,5,0,43,1,2016-12-18T13:35:05.000Z,gothenborg,2016-12-18T00:00:00.000Z,51,Fishing,gothenborg,1
57.70705,11.6593,0,241,205,2,FISKE PLATS,DK,47,0,STELLA NOVA,2,156348,9,25,5,0,43,1,2016-12-18T13:37:05.000Z,gothenborg,2016-12-18T00:00:00.000Z,51,Fishing,gothenborg,1
57.70705,11.6593,0,241,205,4,FISKE PLATS,DK,47,0,STELLA NOVA,2,156348,9,25,5,0,43,1,2016-12-18T13:39:05.000Z,gothenborg,2016-12-18T00:00:00.000Z,51,Fishing,gothenborg,1
57.70706,11.6593,0,206,205,2,FISKE PLATS,DK,47,0,STELLA NOVA,2,156348,9,25,5,0,43,1,2016-12-18T13:41:06.000Z,gothenborg,2016-12-18T00:00:00.000Z,51,Fishing,gothenborg,1
57.70706,11.6593,0,206,205,4,FISKE PLATS,DK,47,0,STELLA NOVA,2,156348,9,25,5,0,43,1,2016-12-18T13:43:05.000Z,gothenborg,2016-12-18T00:00:00.000Z,51,Fishing,gothenborg,1
57.70705,11.65931,0,236,205,2,FISKE PLATS,DK,47,0,STELLA NOVA,2,156348,9,25,5,0,43,1,2016-12-18T13:45:10.000Z,gothenborg,2016-12-18T00:00:00.000Z,51,Fishing,gothenborg,1
57.70705,11.65931,0,236,205,4,FISKE PLATS,DK,47,0,STELLA NOVA,2,156348,9,25,5,0,43,1,2016-12-18T13:47:05.000Z,gothenborg,2016-12-18T00:00:00.000Z,51,Fishing,gothenborg,1
57.70707,11.65926,0,237,206,2,FISKE PLATS,DK,47,0,STELLA NOVA,2,156348,9,25,5,0,43,1,2016-12-18T13:49:05.000Z,gothenborg,2016-12-18T00:00:00.000Z,51,Fishing,gothenborg,1
57.70707,11.65926,0,237,206,2,FISKE PLATS,DK,47,0,STELLA NOVA,2,156348,9,25,5,0,43,1,2016-12-18T13:51:05.000Z,gothenborg,2016-12-18T00:00:00.000Z,51,Fishing,gothenborg,1
57.70705,11.6593,0,284,206,2,FISKE PLATS,DK,47,0,STELLA NOVA,2,156348,9,25,5,0,43,1,2016-12-18T13:53:06.000Z,gothenborg,2016-12-18T00:00:00.000Z,51,Fishing,gothenborg,1
57.70705,11.6593,0,284,206,4,FISKE PLATS,DK,47,0,STELLA NOVA,2,156348,9,25,5,0,43,1,2016-12-18T13:55:05.000Z,gothenborg,2016-12-18T00:00:00.000Z,51,Fishing,gothenborg,1
57.70706,11.65932,0,5,205,2,FISKE PLATS,DK,47,0,STELLA NOVA,2,156348,9,25,5,0,43,1,2016-12-18T13:57:05.000Z,gothenborg,2016-12-18T00:00:00.000Z,51,Fishing,gothenborg,1
57.70706,11.65932,0,5,205,4,FISKE PLATS,DK,47,0,STELLA NOVA,2,156348,9,25,5,0,43,1,2016-12-18T13:59:05.000Z,gothenborg,2016-12-18T00:00:00.000Z,51,Fishing,gothenborg,1
57.70705,11.65928,0,6,206,2,FISKE PLATS,DK,47,0,STELLA NOVA,2,156348,9,25,5,0,43,1,2016-12-18T14:01:05.000Z,gothenborg,2016-12-18T00:00:00.000Z,51,Fishing,gothenborg,1
57.70705,11.65928,0,6,206,4,FISKE PLATS,DK,47,0,STELLA NOVA,2,156348,9,25,5,0,43,1,2016-12-18T14:03:05.000Z,gothenborg,2016-12-18T00:00:00.000Z,51,Fishing,gothenborg,1
57.70705,11.65931,0,123,206,3,FISKE PLATS,DK,47,0,STELLA NOVA,2,156348,9,25,5,0,43,1,2016-12-18T14:05:06.000Z,gothenborg,2016-12-18T00:00:00.000Z,51,Fishing,gothenborg,1
57.70707,11.6593,0,188,206,1,FISKE PLATS,DK,47,0,STELLA NOVA,2,156348,9,25,5,0,43,1,2016-12-18T14:07:06.000Z,gothenborg,2016-12-18T00:00:00.000Z,51,Fishing,gothenborg,1
57.70707,11.6593,0,188,206,4,FISKE PLATS,DK,47,0,STELLA NOVA,2,156348,9,25,5,0,43,1,2016-12-18T14:09:05.000Z,gothenborg,2016-12-18T00:00:00.000Z,51,Fishing,gothenborg,1
57.70705,11.65929,0,225,205,3,FISKE PLATS,DK,47,0,STELLA NOVA,2,156348,9,25,5,0,43,1,2016-12-18T14:11:05.000Z,gothenborg,2016-12-18T00:00:00.000Z,51,Fishing,gothenborg,1
57.70705,11.65929,0,225,205,5,FISKE PLATS,DK,47,0,STELLA NOVA,2,156348,9,25,5,0,43,1,2016-12-18T14:13:05.000Z,gothenborg,2016-12-18T00:00:00.000Z,51,Fishing,gothenborg,1
57.70707,11.6593,0,220,206,3,FISKE PLATS,DK,47,0,STELLA NOVA,2,156348,9,25,5,0,43,1,2016-12-18T14:15:05.000Z,gothenborg,2016-12-18T00:00:00.000Z,51,Fishing,gothenborg,1
57.70707,11.6593,0,220,206,5,FISKE PLATS,DK,47,0,STELLA NOVA,2,156348,9,25,5,0,43,1,2016-12-18T14:17:06.000Z,gothenborg,2016-12-18T00:00:00.000Z,51,Fishing,gothenborg,1
57.70707,11.65924,0,300,205,3,FISKE PLATS,DK,47,0,STELLA NOVA,2,156348,9,25,5,0,43,1,2016-12-18T14:19:05.000Z,gothenborg,2016-12-18T00:00:00.000Z,51,Fishing,gothenborg,1
57.70707,11.65924,0,300,205,5,FISKE PLATS,DK,47,0,STELLA NOVA,2,156348,9,25,5,0,43,1,2016-12-18T14:21:06.000Z,gothenborg,2016-12-18T00:00:00.000Z,51,Fishing,gothenborg,1
57.70705,11.65927,0,353,204,2,FISKE PLATS,DK,47,0,STELLA NOVA,2,156348,9,25,5,0,43,1,2016-12-18T14:23:05.000Z,gothenborg,2016-12-18T00:00:00.000Z,51,Fishing,gothenborg,1
57.70705,11.65927,0,353,204,4,FISKE PLATS,DK,47,0,STELLA NOVA,2,156348,9,25,5,0,43,1,2016-12-18T14:25:05.000Z,gothenborg,2016-12-18T00:00:00.000Z,51,Fishing,gothenborg,1
57.70706,11.65928,0,198,205,3,FISKE PLATS,DK,47,0,STELLA NOVA,2,156348,9,25,5,0,43,1,2016-12-18T14:27:05.000Z,gothenborg,2016-12-18T00:00:00.000Z,51,Fishing,gothenborg,1
57.70706,11.65928,0,198,205,5,FISKE PLATS,DK,47,0,STELLA NOVA,2,156348,9,25,5,0,43,1,2016-12-18T14:29:05.000Z,gothenborg,2016-12-18T00:00:00.000Z,51,Fishing,gothenborg,1
57.70705,11.65938,0,241,205,3,FISKE PLATS,DK,47,0,STELLA NOVA,2,156348,9,25,5,0,43,1,2016-12-18T14:31:06.000Z,gothenborg,2016-12-18T00:00:00.000Z,51,Fishing,gothenborg,1
57.70705,11.65938,0,241,205,4,FISKE PLATS,DK,47,0,STELLA NOVA,2,156348,9,25,5,0,43,1,2016-12-18T14:33:05.000Z,gothenborg,2016-12-18T00:00:00.000Z,51,Fishing,gothenborg,1
57.70706,11.6593,0,223,205,4,FISKE PLATS,DK,47,0,STELLA NOVA,2,156348,9,25,5,0,43,1,2016-12-18T14:35:05.000Z,gothenborg,2016-12-18T00:00:00.000Z,51,Fishing,gothenborg,1
57.70705,11.65926,0,342,205,3,FISKE PLATS,DK,47,0,STELLA NOVA,2,156348,9,25,5,0,43,1,2016-12-18T14:37:05.000Z,gothenborg,2016-12-18T00:00:00.000Z,51,Fishing,gothenborg,1
57.70707,11.65928,0,326,206,1,FISKE PLATS,DK,47,0,STELLA NOVA,2,156348,9,25,5,0,43,1,2016-12-18T14:39:06.000Z,gothenborg,2016-12-18T00:00:00.000Z,51,Fishing,gothenborg,1
57.70707,11.65928,0,326,206,1,FISKE PLATS,DK,47,0,STELLA NOVA,2,156348,9,25,5,0,43,1,2016-12-18T14:41:05.000Z,gothenborg,2016-12-18T00:00:00.000Z,51,Fishing,gothenborg,1
57.70706,11.65928,0,313,206,1,FISKE PLATS,DK,47,0,STELLA NOVA,2,156348,9,25,5,0,43,1,2016-12-18T14:43:05.000Z,gothenborg,2016-12-18T00:00:00.000Z,51,Fishing,gothenborg,1
57.70706,11.65928,0,313,206,3,FISKE PLATS,DK,47,0,STELLA NOVA,2,156348,9,25,5,0,43,1,2016-12-18T14:45:05.000Z,gothenborg,2016-12-18T00:00:00.000Z,51,Fishing,gothenborg,1
57.70706,11.65928,0,313,206,5,FISKE PLATS,DK,47,0,STELLA NOVA,2,156348,9,25,5,0,43,1,2016-12-18T14:47:06.000Z,gothenborg,2016-12-18T00:00:00.000Z,51,Fishing,gothenborg,1
57.70704,11.65926,0,319,206,3,FISKE PLATS,DK,47,0,STELLA NOVA,2,156348,9,25,5,0,43,1,2016-12-18T14:49:05.000Z,gothenborg,2016-12-18T00:00:00.000Z,51,Fishing,gothenborg,1
57.70704,11.65926,0,319,206,5,FISKE PLATS,DK,47,0,STELLA NOVA,2,156348,9,25,5,0,43,1,2016-12-18T14:51:05.000Z,gothenborg,2016-12-18T00:00:00.000Z,51,Fishing,gothenborg,1
57.70704,11.6593,0,304,206,2,FISKE PLATS,DK,47,0,STELLA NOVA,2,156348,9,25,5,0,43,1,2016-12-18T14:53:05.000Z,gothenborg,2016-12-18T00:00:00.000Z,51,Fishing,gothenborg,1
57.70704,11.6593,0,304,206,5,FISKE PLATS,DK,47,0,STELLA NOVA,2,156348,9,25,5,0,43,1,2016-12-18T14:55:05.000Z,gothenborg,2016-12-18T00:00:00.000Z,51,Fishing,gothenborg,1
57.70705,11.65927,0,342,207,3,FISKE PLATS,DK,47,0,STELLA NOVA,2,156348,9,25,5,0,43,1,2016-12-18T14:57:05.000Z,gothenborg,2016-12-18T00:00:00.000Z,51,Fishing,gothenborg,1
57.70705,11.65927,0,342,207,5,FISKE PLATS,DK,47,0,STELLA NOVA,2,156348,9,25,5,0,43,1,2016-12-18T14:59:05.000Z,gothenborg,2016-12-18T00:00:00.000Z,51,Fishing,gothenborg,1
57.70707,11.65931,0,317,206,3,FISKE PLATS,DK,47,0,STELLA NOVA,2,156348,9,25,5,0,43,1,2016-12-18T15:01:05.000Z,gothenborg,2016-12-18T00:00:00.000Z,51,Fishing,gothenborg,1
57.70707,11.65931,0,317,206,5,FISKE PLATS,DK,47,0,STELLA NOVA,2,156348,9,25,5,0,43,1,2016-12-18T15:03:06.000Z,gothenborg,2016-12-18T00:00:00.000Z,51,Fishing,gothenborg,1
57.70707,11.65929,0,292,206,3,FISKE PLATS,DK,47,0,STELLA NOVA,2,156348,9,25,5,0,43,1,2016-12-18T15:05:05.000Z,gothenborg,2016-12-18T00:00:00.000Z,51,Fishing,gothenborg,1
57.70707,11.65929,0,292,206,5,FISKE PLATS,DK,47,0,STELLA NOVA,2,156348,9,25,5,0,43,1,2016-12-18T15:07:06.000Z,gothenborg,2016-12-18T00:00:00.000Z,51,Fishing,gothenborg,1
57.70707,11.6593,0,110,205,3,FISKE PLATS,DK,47,0,STELLA NOVA,2,156348,9,25,5,0,43,1,2016-12-18T15:09:05.000Z,gothenborg,2016-12-18T00:00:00.000Z,51,Fishing,gothenborg,1
57.70705,11.65926,0,189,205,2,FISKE PLATS,DK,47,0,STELLA NOVA,2,156348,9,25,5,0,43,1,2016-12-18T15:11:05.000Z,gothenborg,2016-12-18T00:00:00.000Z,51,Fishing,gothenborg,1
57.70705,11.65926,0,189,205,4,FISKE PLATS,DK,47,0,STELLA NOVA,2,156348,9,25,5,0,43,1,2016-12-18T15:13:04.000Z,gothenborg,2016-12-18T00:00:00.000Z,51,Fishing,gothenborg,1
57.70705,11.65929,0,355,205,2,FISKE PLATS,DK,47,0,STELLA NOVA,2,156348,9,25,5,0,43,1,2016-12-18T15:15:05.000Z,gothenborg,2016-12-18T00:00:00.000Z,51,Fishing,gothenborg,1
57.70705,11.65929,0,355,205,4,FISKE PLATS,DK,47,0,STELLA NOVA,2,156348,9,25,5,0,43,1,2016-12-18T15:17:05.000Z,gothenborg,2016-12-18T00:00:00.000Z,51,Fishing,gothenborg,1
57.70706,11.65928,0,342,205,2,FISKE PLATS,DK,47,0,STELLA NOVA,2,156348,9,25,5,0,43,1,2016-12-18T15:19:05.000Z,gothenborg,2016-12-18T00:00:00.000Z,51,Fishing,gothenborg,1
57.70706,11.65928,0,342,205,4,FISKE PLATS,DK,47,0,STELLA NOVA,2,156348,9,25,5,0,43,1,2016-12-18T15:21:05.000Z,gothenborg,2016-12-18T00:00:00.000Z,51,Fishing,gothenborg,1
57.70706,11.65928,0,342,205,5,FISKE PLATS,DK,47,0,STELLA NOVA,2,156348,9,25,5,0,43,1,2016-12-18T15:23:05.000Z,gothenborg,2016-12-18T00:00:00.000Z,51,Fishing,gothenborg,1
57.70707,11.65931,0,10,204,3,FISKE PLATS,DK,47,0,STELLA NOVA,2,156348,9,25,5,0,43,1,2016-12-18T15:25:04.000Z,gothenborg,2016-12-18T00:00:00.000Z,51,Fishing,gothenborg,1
57.70707,11.65929,0,4,205,1,FISKE PLATS,DK,47,0,STELLA NOVA,2,156348,9,25,5,0,43,1,2016-12-18T15:27:06.000Z,gothenborg,2016-12-18T00:00:00.000Z,51,Fishing,gothenborg,1
57.70707,11.65929,0,4,205,3,FISKE PLATS,DK,47,0,STELLA NOVA,2,156348,9,25,5,0,43,1,2016-12-18T15:29:05.000Z,gothenborg,2016-12-18T00:00:00.000Z,51,Fishing,gothenborg,1
57.70706,11.65931,0,355,205,2,FISKE PLATS,DK,47,0,STELLA NOVA,2,156348,9,25,5,0,43,1,2016-12-18T15:31:08.000Z,gothenborg,2016-12-18T00:00:00.000Z,51,Fishing,gothenborg,1
57.70706,11.65931,0,355,205,4,FISKE PLATS,DK,47,0,STELLA NOVA,2,156348,9,25,5,0,43,1,2016-12-18T15:33:06.000Z,gothenborg,2016-12-18T00:00:00.000Z,51,Fishing,gothenborg,1
57.70705,11.65932,0,260,204,2,FISKE PLATS,DK,47,0,STELLA NOVA,2,156348,9,25,5,0,43,1,2016-12-18T15:35:05.000Z,gothenborg,2016-12-18T00:00:00.000Z,51,Fishing,gothenborg,1
57.70705,11.65932,0,260,204,4,FISKE PLATS,DK,47,0,STELLA NOVA,2,156348,9,25,5,0,43,1,2016-12-18T15:37:06.000Z,gothenborg,2016-12-18T00:00:00.000Z,51,Fishing,gothenborg,1
57.70705,11.65927,0,270,204,2,FISKE PLATS,DK,47,0,STELLA NOVA,2,156348,9,25,5,0,43,1,2016-12-18T15:39:05.000Z,gothenborg,2016-12-18T00:00:00.000Z,51,Fishing,gothenborg,1
57.70705,11.65927,0,270,204,4,FISKE PLATS,DK,47,0,STELLA NOVA,2,156348,9,25,5,0,43,1,2016-12-18T15:41:05.000Z,gothenborg,2016-12-18T00:00:00.000Z,51,Fishing,gothenborg,1
57.70705,11.65929,0,299,204,3,FISKE PLATS,DK,47,0,STELLA NOVA,2,156348,9,25,5,0,43,1,2016-12-18T15:43:05.000Z,gothenborg,2016-12-18T00:00:00.000Z,51,Fishing,gothenborg,1
57.70705,11.65929,0,299,204,3,FISKE PLATS,DK,47,0,STELLA NOVA,2,156348,9,25,5,0,43,1,2016-12-18T15:45:06.000Z,gothenborg,2016-12-18T00:00:00.000Z,51,Fishing,gothenborg,1
57.70705,11.65928,0,249,204,3,FISKE PLATS,DK,47,0,STELLA NOVA,2,156348,9,25,5,0,43,1,2016-12-18T15:47:06.000Z,gothenborg,2016-12-18T00:00:00.000Z,51,Fishing,gothenborg,1
57.70706,11.65929,0,325,204,2,FISKE PLATS,DK,47,0,STELLA NOVA,2,156348,9,25,5,0,43,1,2016-12-18T15:49:05.000Z,gothenborg,2016-12-18T00:00:00.000Z,51,Fishing,gothenborg,1
57.70706,11.65929,0,325,204,4,FISKE PLATS,DK,47,0,STELLA NOVA,2,156348,9,25,5,0,43,1,2016-12-18T15:51:05.000Z,gothenborg,2016-12-18T00:00:00.000Z,51,Fishing,gothenborg,1
57.70705,11.65928,0,261,205,3,FISKE PLATS,DK,47,0,STELLA NOVA,2,156348,9,25,5,0,43,1,2016-12-18T15:53:05.000Z,gothenborg,2016-12-18T00:00:00.000Z,51,Fishing,gothenborg,1
57.70705,11.65928,0,261,205,5,FISKE PLATS,DK,47,0,STELLA NOVA,2,156348,9,25,5,0,43,1,2016-12-18T15:55:06.000Z,gothenborg,2016-12-18T00:00:00.000Z,51,Fishing,gothenborg,1
57.70706,11.65928,0,317,205,3,FISKE PLATS,DK,47,0,STELLA NOVA,2,156348,9,25,5,0,43,1,2016-12-18T15:57:06.000Z,gothenborg,2016-12-18T00:00:00.000Z,51,Fishing,gothenborg,1
57.70706,11.65928,0,317,205,5,FISKE PLATS,DK,47,0,STELLA NOVA,2,156348,9,25,5,0,43,1,2016-12-18T15:59:05.000Z,gothenborg,2016-12-18T00:00:00.000Z,51,Fishing,gothenborg,1
57.70706,11.65929,0,308,205,2,FISKE PLATS,DK,47,0,STELLA NOVA,2,156348,9,25,5,0,43,1,2016-12-18T16:01:04.000Z,gothenborg,2016-12-18T00:00:00.000Z,51,Fishing,gothenborg,1
57.70706,11.65929,0,308,205,4,FISKE PLATS,DK,47,0,STELLA NOVA,2,156348,9,25,5,0,43,1,2016-12-18T16:03:05.000Z,gothenborg,2016-12-18T00:00:00.000Z,51,Fishing,gothenborg,1
57.70706,11.6593,0,300,205,2,FISKE PLATS,DK,47,0,STELLA NOVA,2,156348,9,25,5,0,43,1,2016-12-18T16:05:06.000Z,gothenborg,2016-12-18T00:00:00.000Z,51,Fishing,gothenborg,1
57.70706,11.6593,0,300,205,4,FISKE PLATS,DK,47,0,STELLA NOVA,2,156348,9,25,5,0,43,1,2016-12-18T16:07:06.000Z,gothenborg,2016-12-18T00:00:00.000Z,51,Fishing,gothenborg,1
57.70707,11.65928,0,332,206,2,FISKE PLATS,DK,47,0,STELLA NOVA,2,156348,9,25,5,0,43,1,2016-12-18T16:09:06.000Z,gothenborg,2016-12-18T00:00:00.000Z,51,Fishing,gothenborg,1
57.70707,11.65928,0,332,206,4,FISKE PLATS,DK,47,0,STELLA NOVA,2,156348,9,25,5,0,43,1,2016-12-18T16:11:06.000Z,gothenborg,2016-12-18T00:00:00.000Z,51,Fishing,gothenborg,1
57.70705,11.65926,0,278,206,2,FISKE PLATS,DK,47,0,STELLA NOVA,2,156348,9,25,5,0,43,1,2016-12-18T16:13:06.000Z,gothenborg,2016-12-18T00:00:00.000Z,51,Fishing,gothenborg,1
57.70705,11.65926,0,278,206,4,FISKE PLATS,DK,47,0,STELLA NOVA,2,156348,9,25,5,0,43,1,2016-12-18T16:15:05.000Z,gothenborg,2016-12-18T00:00:00.000Z,51,Fishing,gothenborg,1
57.70705,11.65929,0,286,206,3,FISKE PLATS,DK,47,0,STELLA NOVA,2,156348,9,25,5,0,43,1,2016-12-18T16:17:05.000Z,gothenborg,2016-12-18T00:00:00.000Z,51,Fishing,gothenborg,1
57.70705,11.65928,0,227,205,2,FISKE PLATS,DK,47,0,STELLA NOVA,2,156348,9,25,5,0,43,1,2016-12-18T16:19:05.000Z,gothenborg,2016-12-18T00:00:00.000Z,51,Fishing,gothenborg,1
57.70705,11.65928,0,227,205,4,FISKE PLATS,DK,47,0,STELLA NOVA,2,156348,9,25,5,0,43,1,2016-12-18T16:21:05.000Z,gothenborg,2016-12-18T00:00:00.000Z,51,Fishing,gothenborg,1
57.70704,11.65929,0,244,205,3,FISKE PLATS,DK,47,0,STELLA NOVA,2,156348,9,25,5,0,43,1,2016-12-18T16:23:05.000Z,gothenborg,2016-12-18T00:00:00.000Z,51,Fishing,gothenborg,1
57.70704,11.65929,0,244,205,5,FISKE PLATS,DK,47,0,STELLA NOVA,2,156348,9,25,5,0,43,1,2016-12-18T16:25:05.000Z,gothenborg,2016-12-18T00:00:00.000Z,51,Fishing,gothenborg,1
57.70705,11.6593,0,190,206,3,FISKE PLATS,DK,47,0,STELLA NOVA,2,156348,9,25,5,0,43,1,2016-12-18T16:27:05.000Z,gothenborg,2016-12-18T00:00:00.000Z,51,Fishing,gothenborg,1
57.70706,11.6593,0,224,205,2,FISKE PLATS,DK,47,0,STELLA NOVA,2,156348,9,25,5,0,43,1,2016-12-18T16:29:05.000Z,gothenborg,2016-12-18T00:00:00.000Z,51,Fishing,gothenborg,1
57.70706,11.6593,0,224,205,4,FISKE PLATS,DK,47,0,STELLA NOVA,2,156348,9,25,5,0,43,1,2016-12-18T16:31:05.000Z,gothenborg,2016-12-18T00:00:00.000Z,51,Fishing,gothenborg,1
57.70707,11.65928,0,256,206,3,FISKE PLATS,DK,47,0,STELLA NOVA,2,156348,9,25,5,0,43,1,2016-12-18T16:33:04.000Z,gothenborg,2016-12-18T00:00:00.000Z,51,Fishing,gothenborg,1
57.70707,11.65928,0,256,206,3,FISKE PLATS,DK,47,0,STELLA NOVA,2,156348,9,25,5,0,43,1,2016-12-18T16:35:06.000Z,gothenborg,2016-12-18T00:00:00.000Z,51,Fishing,gothenborg,1
57.70705,11.65928,0,270,206,4,FISKE PLATS,DK,47,0,STELLA NOVA,2,156348,9,25,5,0,43,1,2016-12-18T16:37:05.000Z,gothenborg,2016-12-18T00:00:00.000Z,51,Fishing,gothenborg,1
57.70708,11.65929,0,259,206,2,FISKE PLATS,DK,47,0,STELLA NOVA,2,156348,9,25,5,0,43,1,2016-12-18T16:39:05.000Z,gothenborg,2016-12-18T00:00:00.000Z,51,Fishing,gothenborg,1
57.70708,11.65929,0,259,206,4,FISKE PLATS,DK,47,0,STELLA NOVA,2,156348,9,25,5,0,43,1,2016-12-18T16:41:05.000Z,gothenborg,2016-12-18T00:00:00.000Z,51,Fishing,gothenborg,1
57.70707,11.65931,0,301,206,3,FISKE PLATS,DK,47,0,STELLA NOVA,2,156348,9,25,5,0,43,1,2016-12-18T16:43:06.000Z,gothenborg,2016-12-18T00:00:00.000Z,51,Fishing,gothenborg,1
57.70707,11.6593,0,258,206,2,FISKE PLATS,DK,47,0,STELLA NOVA,2,156348,9,25,5,0,43,1,2016-12-18T16:45:06.000Z,gothenborg,2016-12-18T00:00:00.000Z,51,Fishing,gothenborg,1
57.70707,11.6593,0,258,206,4,FISKE PLATS,DK,47,0,STELLA NOVA,2,156348,9,25,5,0,43,1,2016-12-18T16:47:06.000Z,gothenborg,2016-12-18T00:00:00.000Z,51,Fishing,gothenborg,1
57.70706,11.6593,0,245,206,3,FISKE PLATS,DK,47,0,STELLA NOVA,2,156348,9,25,5,0,43,1,2016-12-18T16:49:05.000Z,gothenborg,2016-12-18T00:00:00.000Z,51,Fishing,gothenborg,1
57.70706,11.65927,0,318,205,2,FISKE PLATS,DK,47,0,STELLA NOVA,2,156348,9,25,5,0,43,1,2016-12-18T16:51:05.000Z,gothenborg,2016-12-18T00:00:00.000Z,51,Fishing,gothenborg,1
57.70706,11.65927,0,318,205,4,FISKE PLATS,DK,47,0,STELLA NOVA,2,156348,9,25,5,0,43,1,2016-12-18T16:53:06.000Z,gothenborg,2016-12-18T00:00:00.000Z,51,Fishing,gothenborg,1
57.70706,11.6593,0,290,205,3,FISKE PLATS,DK,47,0,STELLA NOVA,2,156348,9,25,5,0,43,1,2016-12-18T16:55:05.000Z,gothenborg,2016-12-18T00:00:00.000Z,51,Fishing,gothenborg,1
57.70706,11.6593,0,290,205,3,FISKE PLATS,DK,47,0,STELLA NOVA,2,156348,9,25,5,0,43,1,2016-12-18T16:57:05.000Z,gothenborg,2016-12-18T00:00:00.000Z,51,Fishing,gothenborg,1
57.70706,11.65929,0,323,205,3,FISKE PLATS,DK,47,0,STELLA NOVA,2,156348,9,25,5,0,43,1,2016-12-18T16:59:05.000Z,gothenborg,2016-12-18T00:00:00.000Z,51,Fishing,gothenborg,1
57.70706,11.65929,0,323,205,5,FISKE PLATS,DK,47,0,STELLA NOVA,2,156348,9,25,5,0,43,1,2016-12-18T17:01:05.000Z,gothenborg,2016-12-18T00:00:00.000Z,51,Fishing,gothenborg,1
57.70705,11.65931,0,310,205,3,FISKE PLATS,DK,47,0,STELLA NOVA,2,156348,9,25,5,0,43,1,2016-12-18T17:03:06.000Z,gothenborg,2016-12-18T00:00:00.000Z,51,Fishing,gothenborg,1
57.70705,11.65931,0,310,205,3,FISKE PLATS,DK,47,0,STELLA NOVA,2,156348,9,25,5,0,43,1,2016-12-18T17:05:06.000Z,gothenborg,2016-12-18T00:00:00.000Z,51,Fishing,gothenborg,1
57.70705,11.65928,0,332,205,3,FISKE PLATS,DK,47,0,STELLA NOVA,2,156348,9,25,5,0,43,1,2016-12-18T17:07:05.000Z,gothenborg,2016-12-18T00:00:00.000Z,51,Fishing,gothenborg,1
57.70705,11.65928,0,332,205,5,FISKE PLATS,DK,47,0,STELLA NOVA,2,156348,9,25,5,0,43,1,2016-12-18T17:09:05.000Z,gothenborg,2016-12-18T00:00:00.000Z,51,Fishing,gothenborg,1
57.70705,11.65932,0,321,205,3,FISKE PLATS,DK,47,0,STELLA NOVA,2,156348,9,25,5,0,43,1,2016-12-18T17:11:07.000Z,gothenborg,2016-12-18T00:00:00.000Z,51,Fishing,gothenborg,1
57.70705,11.65932,0,321,205,5,FISKE PLATS,DK,47,0,STELLA NOVA,2,156348,9,25,5,0,43,1,2016-12-18T17:13:07.000Z,gothenborg,2016-12-18T00:00:00.000Z,51,Fishing,gothenborg,1
57.70707,11.65926,0,312,205,3,FISKE PLATS,DK,47,0,STELLA NOVA,2,156348,9,25,5,0,43,1,2016-12-18T17:15:05.000Z,gothenborg,2016-12-18T00:00:00.000Z,51,Fishing,gothenborg,1
57.70707,11.65929,0,325,205,2,FISKE PLATS,DK,47,0,STELLA NOVA,2,156348,9,25,5,0,43,1,2016-12-18T17:17:05.000Z,gothenborg,2016-12-18T00:00:00.000Z,51,Fishing,gothenborg,1
57.70707,11.65929,0,325,205,4,FISKE PLATS,DK,47,0,STELLA NOVA,2,156348,9,25,5,0,43,1,2016-12-18T17:19:05.000Z,gothenborg,2016-12-18T00:00:00.000Z,51,Fishing,gothenborg,1
57.70707,11.65928,0,285,205,3,FISKE PLATS,DK,47,0,STELLA NOVA,2,156348,9,25,5,0,43,1,2016-12-18T17:21:05.000Z,gothenborg,2016-12-18T00:00:00.000Z,51,Fishing,gothenborg,1
57.70707,11.6593,0,296,205,2,FISKE PLATS,DK,47,0,STELLA NOVA,2,156348,9,25,5,0,43,1,2016-12-18T17:23:06.000Z,gothenborg,2016-12-18T00:00:00.000Z,51,Fishing,gothenborg,1
57.70707,11.6593,0,296,205,4,FISKE PLATS,DK,47,0,STELLA NOVA,2,156348,9,25,5,0,43,1,2016-12-18T17:25:05.000Z,gothenborg,2016-12-18T00:00:00.000Z,51,Fishing,gothenborg,1
57.70705,11.65929,0,307,205,2,FISKE PLATS,DK,47,0,STELLA NOVA,2,156348,9,25,5,0,43,1,2016-12-18T17:27:05.000Z,gothenborg,2016-12-18T00:00:00.000Z,51,Fishing,gothenborg,1
57.70705,11.65929,0,307,205,4,FISKE PLATS,DK,47,0,STELLA NOVA,2,156348,9,25,5,0,43,1,2016-12-18T17:29:05.000Z,gothenborg,2016-12-18T00:00:00.000Z,51,Fishing,gothenborg,1
57.70705,11.65929,0,321,205,1,FISKE PLATS,DK,47,0,STELLA NOVA,2,156348,9,25,5,0,43,1,2016-12-18T17:31:05.000Z,gothenborg,2016-12-18T00:00:00.000Z,51,Fishing,gothenborg,1
57.70705,11.65929,0,321,205,3,FISKE PLATS,DK,47,0,STELLA NOVA,2,156348,9,25,5,0,43,1,2016-12-18T17:33:05.000Z,gothenborg,2016-12-18T00:00:00.000Z,51,Fishing,gothenborg,1
57.70706,11.65929,0,271,206,2,FISKE PLATS,DK,47,0,STELLA NOVA,2,156348,9,25,5,0,43,1,2016-12-18T17:35:05.000Z,gothenborg,2016-12-18T00:00:00.000Z,51,Fishing,gothenborg,1
57.70706,11.65929,0,271,206,4,FISKE PLATS,DK,47,0,STELLA NOVA,2,156348,9,25,5,0,43,1,2016-12-18T17:37:06.000Z,gothenborg,2016-12-18T00:00:00.000Z,51,Fishing,gothenborg,1
57.70708,11.65929,0,332,206,2,FISKE PLATS,DK,47,0,STELLA NOVA,2,156348,9,25,5,0,43,1,2016-12-18T17:39:05.000Z,gothenborg,2016-12-18T00:00:00.000Z,51,Fishing,gothenborg,1
57.70708,11.65929,0,332,206,4,FISKE PLATS,DK,47,0,STELLA NOVA,2,156348,9,25,5,0,43,1,2016-12-18T17:41:06.000Z,gothenborg,2016-12-18T00:00:00.000Z,51,Fishing,gothenborg,1
57.70708,11.65929,0,332,206,5,FISKE PLATS,DK,47,0,STELLA NOVA,2,156348,9,25,5,0,43,1,2016-12-18T17:43:05.000Z,gothenborg,2016-12-18T00:00:00.000Z,51,Fishing,gothenborg,1
57.70708,11.65933,0,316,205,4,FISKE PLATS,DK,47,0,STELLA NOVA,2,156348,9,25,5,0,43,1,2016-12-18T17:45:05.000Z,gothenborg,2016-12-18T00:00:00.000Z,51,Fishing,gothenborg,1
57.70707,11.6593,0,13,205,2,FISKE PLATS,DK,47,0,STELLA NOVA,2,156348,9,25,5,0,43,1,2016-12-18T17:47:05.000Z,gothenborg,2016-12-18T00:00:00.000Z,51,Fishing,gothenborg,1
57.70707,11.6593,0,13,205,4,FISKE PLATS,DK,47,0,STELLA NOVA,2,156348,9,25,5,0,43,1,2016-12-18T17:49:05.000Z,gothenborg,2016-12-18T00:00:00.000Z,51,Fishing,gothenborg,1
57.70707,11.65929,0,298,205,2,FISKE PLATS,DK,47,0,STELLA NOVA,2,156348,9,25,5,0,43,1,2016-12-18T17:51:05.000Z,gothenborg,2016-12-18T00:00:00.000Z,51,Fishing,gothenborg,1
57.70707,11.65929,0,298,205,4,FISKE PLATS,DK,47,0,STELLA NOVA,2,156348,9,25,5,0,43,1,2016-12-18T17:53:05.000Z,gothenborg,2016-12-18T00:00:00.000Z,51,Fishing,gothenborg,1
57.70707,11.65929,0,298,205,4,FISKE PLATS,DK,47,0,STELLA NOVA,2,156348,9,25,5,0,43,1,2016-12-18T17:55:05.000Z,gothenborg,2016-12-18T00:00:00.000Z,51,Fishing,gothenborg,1
57.70705,11.65927,0,12,205,4,FISKE PLATS,DK,47,0,STELLA NOVA,2,156348,9,25,5,0,43,1,2016-12-18T17:57:07.000Z,gothenborg,2016-12-18T00:00:00.000Z,51,Fishing,gothenborg,1
57.70705,11.65928,0,355,205,2,FISKE PLATS,DK,47,0,STELLA NOVA,2,156348,9,25,5,0,43,1,2016-12-18T17:59:05.000Z,gothenborg,2016-12-18T00:00:00.000Z,51,Fishing,gothenborg,1
57.70705,11.65928,0,355,205,4,FISKE PLATS,DK,47,0,STELLA NOVA,2,156348,9,25,5,0,43,1,2016-12-18T18:01:05.000Z,gothenborg,2016-12-18T00:00:00.000Z,51,Fishing,gothenborg,1
57.70705,11.65928,0,355,205,4,FISKE PLATS,DK,47,0,STELLA NOVA,2,156348,9,25,5,0,43,1,2016-12-18T18:03:04.000Z,gothenborg,2016-12-18T00:00:00.000Z,51,Fishing,gothenborg,1
57.70705,11.65929,0,358,205,4,FISKE PLATS,DK,47,0,STELLA NOVA,2,156348,9,25,5,0,43,1,2016-12-18T18:05:05.000Z,gothenborg,2016-12-18T00:00:00.000Z,51,Fishing,gothenborg,1
57.70708,11.65927,0,354,205,2,FISKE PLATS,DK,47,0,STELLA NOVA,2,156348,9,25,5,0,43,1,2016-12-18T18:07:07.000Z,gothenborg,2016-12-18T00:00:00.000Z,51,Fishing,gothenborg,1
57.70708,11.65927,0,354,205,4,FISKE PLATS,DK,47,0,STELLA NOVA,2,156348,9,25,5,0,43,1,2016-12-18T18:09:05.000Z,gothenborg,2016-12-18T00:00:00.000Z,51,Fishing,gothenborg,1
57.70705,11.65929,0,300,205,2,FISKE PLATS,DK,47,0,STELLA NOVA,2,156348,9,25,5,0,43,1,2016-12-18T18:11:06.000Z,gothenborg,2016-12-18T00:00:00.000Z,51,Fishing,gothenborg,1
57.70705,11.65929,0,300,205,4,FISKE PLATS,DK,47,0,STELLA NOVA,2,156348,9,25,5,0,43,0,2016-12-18T18:13:05.000Z,gothenborg,2016-12-18T00:00:00.000Z,51,Fishing,gothenborg,1
57.70706,11.6593,0,8,205,4,FISKE PLATS,DK,47,0,STELLA NOVA,2,156348,9,25,5,0,43,1,2016-12-18T18:17:06.000Z,gothenborg,2016-12-18T00:00:00.000Z,51,Fishing,gothenborg,1
57.70706,11.65927,0,2,204,3,FISKE PLATS,DK,47,0,STELLA NOVA,2,156348,9,25,5,0,43,1,2016-12-18T18:19:05.000Z,gothenborg,2016-12-18T00:00:00.000Z,51,Fishing,gothenborg,1
57.70707,11.6593,0,265,205,2,FISKE PLATS,DK,47,0,STELLA NOVA,2,156348,9,25,5,0,43,1,2016-12-18T18:21:06.000Z,gothenborg,2016-12-18T00:00:00.000Z,51,Fishing,gothenborg,1
57.70707,11.6593,0,265,205,3,FISKE PLATS,DK,47,0,STELLA NOVA,2,156348,9,25,5,0,43,1,2016-12-18T18:23:05.000Z,gothenborg,2016-12-18T00:00:00.000Z,51,Fishing,gothenborg,1
57.70707,11.6593,0,265,205,4,FISKE PLATS,DK,47,0,STELLA NOVA,2,156348,9,25,5,0,43,1,2016-12-18T18:25:05.000Z,gothenborg,2016-12-18T00:00:00.000Z,51,Fishing,gothenborg,1
57.70707,11.65931,0,25,205,2,FISKE PLATS,DK,47,0,STELLA NOVA,2,156348,9,25,5,0,43,1,2016-12-18T18:27:06.000Z,gothenborg,2016-12-18T00:00:00.000Z,51,Fishing,gothenborg,1
57.70707,11.65931,0,25,205,4,FISKE PLATS,DK,47,0,STELLA NOVA,2,156348,9,25,5,0,43,1,2016-12-18T18:29:06.000Z,gothenborg,2016-12-18T00:00:00.000Z,51,Fishing,gothenborg,1
57.70705,11.65926,0,257,205,2,FISKE PLATS,DK,47,0,STELLA NOVA,2,156348,9,25,5,0,43,1,2016-12-18T18:31:06.000Z,gothenborg,2016-12-18T00:00:00.000Z,51,Fishing,gothenborg,1
57.70705,11.65926,0,257,205,4,FISKE PLATS,DK,47,0,STELLA NOVA,2,156348,9,25,5,0,43,1,2016-12-18T18:33:06.000Z,gothenborg,2016-12-18T00:00:00.000Z,51,Fishing,gothenborg,1
57.70707,11.65925,0,282,205,3,FISKE PLATS,DK,47,0,STELLA NOVA,2,156348,9,25,5,0,43,1,2016-12-18T18:35:06.000Z,gothenborg,2016-12-18T00:00:00.000Z,51,Fishing,gothenborg,1
57.70707,11.65925,0,282,205,5,FISKE PLATS,DK,47,0,STELLA NOVA,2,156348,9,25,5,0,43,1,2016-12-18T18:37:06.000Z,gothenborg,2016-12-18T00:00:00.000Z,51,Fishing,gothenborg,1
57.70707,11.6593,0,277,205,2,FISKE PLATS,DK,47,0,STELLA NOVA,2,156348,9,25,5,0,43,1,2016-12-18T18:39:04.000Z,gothenborg,2016-12-18T00:00:00.000Z,51,Fishing,gothenborg,1
57.70707,11.6593,0,277,205,4,FISKE PLATS,DK,47,0,STELLA NOVA,2,156348,9,25,5,0,43,1,2016-12-18T18:41:05.000Z,gothenborg,2016-12-18T00:00:00.000Z,51,Fishing,gothenborg,1
57.70707,11.6593,0,277,205,5,FISKE PLATS,DK,47,0,STELLA NOVA,2,156348,9,25,5,0,43,1,2016-12-18T18:43:05.000Z,gothenborg,2016-12-18T00:00:00.000Z,51,Fishing,gothenborg,1
57.70705,11.65929,0,23,206,4,FISKE PLATS,DK,47,0,STELLA NOVA,2,156348,9,25,5,0,43,1,2016-12-18T18:45:05.000Z,gothenborg,2016-12-18T00:00:00.000Z,51,Fishing,gothenborg,1
57.70705,11.6593,0,337,206,2,FISKE PLATS,DK,47,0,STELLA NOVA,2,156348,9,25,5,0,43,1,2016-12-18T18:47:05.000Z,gothenborg,2016-12-18T00:00:00.000Z,51,Fishing,gothenborg,1
57.70705,11.6593,0,337,206,5,FISKE PLATS,DK,47,0,STELLA NOVA,2,156348,9,25,5,0,43,1,2016-12-18T18:49:05.000Z,gothenborg,2016-12-18T00:00:00.000Z,51,Fishing,gothenborg,1
57.70705,11.65925,0,359,206,3,FISKE PLATS,DK,47,0,STELLA NOVA,2,156348,9,25,5,0,43,1,2016-12-18T18:51:05.000Z,gothenborg,2016-12-18T00:00:00.000Z,51,Fishing,gothenborg,1
57.70705,11.65925,0,359,206,5,FISKE PLATS,DK,47,0,STELLA NOVA,2,156348,9,25,5,0,43,1,2016-12-18T18:53:05.000Z,gothenborg,2016-12-18T00:00:00.000Z,51,Fishing,gothenborg,1
57.70707,11.65927,0,201,206,3,FISKE PLATS,DK,47,0,STELLA NOVA,2,156348,9,25,5,0,43,1,2016-12-18T18:55:05.000Z,gothenborg,2016-12-18T00:00:00.000Z,51,Fishing,gothenborg,1
57.70705,11.65928,0,262,206,2,FISKE PLATS,DK,47,0,STELLA NOVA,2,156348,9,25,5,0,43,1,2016-12-18T18:57:06.000Z,gothenborg,2016-12-18T00:00:00.000Z,51,Fishing,gothenborg,1
57.70705,11.65928,0,262,206,4,FISKE PLATS,DK,47,0,STELLA NOVA,2,156348,9,25,5,0,43,1,2016-12-18T18:59:05.000Z,gothenborg,2016-12-18T00:00:00.000Z,51,Fishing,gothenborg,1
57.70706,11.65928,0,180,206,3,FISKE PLATS,DK,47,0,STELLA NOVA,2,156348,9,25,5,0,43,1,2016-12-18T19:01:05.000Z,gothenborg,2016-12-18T00:00:00.000Z,51,Fishing,gothenborg,1
57.70706,11.65928,0,180,206,5,FISKE PLATS,DK,47,0,STELLA NOVA,2,156348,9,25,5,0,43,1,2016-12-18T19:03:05.000Z,gothenborg,2016-12-18T00:00:00.000Z,51,Fishing,gothenborg,1
57.70707,11.65929,0,14,206,3,FISKE PLATS,DK,47,0,STELLA NOVA,2,156348,9,25,5,0,43,1,2016-12-18T19:05:05.000Z,gothenborg,2016-12-18T00:00:00.000Z,51,Fishing,gothenborg,1
57.70707,11.65929,0,14,206,5,FISKE PLATS,DK,47,0,STELLA NOVA,2,156348,9,25,5,0,43,1,2016-12-18T19:07:05.000Z,gothenborg,2016-12-18T00:00:00.000Z,51,Fishing,gothenborg,1
57.70706,11.65927,0,30,206,3,FISKE PLATS,DK,47,0,STELLA NOVA,2,156348,9,25,5,0,43,1,2016-12-18T19:09:05.000Z,gothenborg,2016-12-18T00:00:00.000Z,51,Fishing,gothenborg,1
57.70706,11.65927,0,30,206,5,FISKE PLATS,DK,47,0,STELLA NOVA,2,156348,9,25,5,0,43,1,2016-12-18T19:11:05.000Z,gothenborg,2016-12-18T00:00:00.000Z,51,Fishing,gothenborg,1
57.70706,11.65929,0,18,206,2,FISKE PLATS,DK,47,0,STELLA NOVA,2,156348,9,25,5,0,43,1,2016-12-18T19:13:05.000Z,gothenborg,2016-12-18T00:00:00.000Z,51,Fishing,gothenborg,1
57.70706,11.65929,0,18,206,4,FISKE PLATS,DK,47,0,STELLA NOVA,2,156348,9,25,5,0,43,1,2016-12-18T19:15:06.000Z,gothenborg,2016-12-18T00:00:00.000Z,51,Fishing,gothenborg,1
57.70706,11.65929,0,18,206,4,FISKE PLATS,DK,47,0,STELLA NOVA,2,156348,9,25,5,0,43,1,2016-12-18T19:17:05.000Z,gothenborg,2016-12-18T00:00:00.000Z,51,Fishing,gothenborg,1
57.70706,11.65928,0,223,205,5,FISKE PLATS,DK,47,0,STELLA NOVA,2,156348,9,25,5,0,43,1,2016-12-18T19:19:05.000Z,gothenborg,2016-12-18T00:00:00.000Z,51,Fishing,gothenborg,1
57.70705,11.65929,0,243,205,3,FISKE PLATS,DK,47,0,STELLA NOVA,2,156348,9,25,5,0,43,1,2016-12-18T19:21:05.000Z,gothenborg,2016-12-18T00:00:00.000Z,51,Fishing,gothenborg,1
57.70705,11.65929,0,243,205,4,FISKE PLATS,DK,47,0,STELLA NOVA,2,156348,9,25,5,0,43,1,2016-12-18T19:23:05.000Z,gothenborg,2016-12-18T00:00:00.000Z,51,Fishing,gothenborg,1
57.70707,11.65929,0,242,206,4,FISKE PLATS,DK,47,0,STELLA NOVA,2,156348,9,25,5,0,43,1,2016-12-18T19:25:05.000Z,gothenborg,2016-12-18T00:00:00.000Z,51,Fishing,gothenborg,1
57.70704,11.65926,0,110,206,3,FISKE PLATS,DK,47,0,STELLA NOVA,2,156348,9,25,5,0,43,1,2016-12-18T19:27:07.000Z,gothenborg,2016-12-18T00:00:00.000Z,51,Fishing,gothenborg,1
57.70704,11.65926,0,110,206,5,FISKE PLATS,DK,47,0,STELLA NOVA,2,156348,9,25,5,0,43,1,2016-12-18T19:29:05.000Z,gothenborg,2016-12-18T00:00:00.000Z,51,Fishing,gothenborg,1
57.70707,11.65929,0,267,206,2,FISKE PLATS,DK,47,0,STELLA NOVA,2,156348,9,25,5,0,43,1,2016-12-18T19:31:05.000Z,gothenborg,2016-12-18T00:00:00.000Z,51,Fishing,gothenborg,1
57.70707,11.65929,0,267,206,5,FISKE PLATS,DK,47,0,STELLA NOVA,2,156348,9,25,5,0,43,1,2016-12-18T19:33:05.000Z,gothenborg,2016-12-18T00:00:00.000Z,51,Fishing,gothenborg,1
57.70707,11.65929,0,267,206,5,FISKE PLATS,DK,47,0,STELLA NOVA,2,156348,9,25,5,0,43,1,2016-12-18T19:35:05.000Z,gothenborg,2016-12-18T00:00:00.000Z,51,Fishing,gothenborg,1
57.70706,11.65927,0,238,206,5,FISKE PLATS,DK,47,0,STELLA NOVA,2,156348,9,25,5,0,43,1,2016-12-18T19:37:05.000Z,gothenborg,2016-12-18T00:00:00.000Z,51,Fishing,gothenborg,1
57.70705,11.65927,0,80,206,3,FISKE PLATS,DK,47,0,STELLA NOVA,2,156348,9,25,5,0,43,1,2016-12-18T19:39:06.000Z,gothenborg,2016-12-18T00:00:00.000Z,51,Fishing,gothenborg,1
57.70705,11.65927,0,80,206,5,FISKE PLATS,DK,47,0,STELLA NOVA,2,156348,9,25,5,0,43,1,2016-12-18T19:41:05.000Z,gothenborg,2016-12-18T00:00:00.000Z,51,Fishing,gothenborg,1
57.70705,11.65928,0,344,205,2,FISKE PLATS,DK,47,0,STELLA NOVA,2,156348,9,25,5,0,43,1,2016-12-18T19:43:05.000Z,gothenborg,2016-12-18T00:00:00.000Z,51,Fishing,gothenborg,1
57.70705,11.65928,0,344,205,4,FISKE PLATS,DK,47,0,STELLA NOVA,2,156348,9,25,5,0,43,1,2016-12-18T19:45:06.000Z,gothenborg,2016-12-18T00:00:00.000Z,51,Fishing,gothenborg,1
57.70708,11.6593,0,268,205,2,FISKE PLATS,DK,47,0,STELLA NOVA,2,156348,9,25,5,0,43,1,2016-12-18T19:47:05.000Z,gothenborg,2016-12-18T00:00:00.000Z,51,Fishing,gothenborg,1
57.70708,11.6593,0,268,205,4,FISKE PLATS,DK,47,0,STELLA NOVA,2,156348,9,25,5,0,43,1,2016-12-18T19:49:05.000Z,gothenborg,2016-12-18T00:00:00.000Z,51,Fishing,gothenborg,1
57.70705,11.65926,0,276,206,2,FISKE PLATS,DK,47,0,STELLA NOVA,2,156348,9,25,5,0,43,1,2016-12-18T19:51:05.000Z,gothenborg,2016-12-18T00:00:00.000Z,51,Fishing,gothenborg,1
57.70705,11.65926,0,276,206,4,FISKE PLATS,DK,47,0,STELLA NOVA,2,156348,9,25,5,0,43,1,2016-12-18T19:53:05.000Z,gothenborg,2016-12-18T00:00:00.000Z,51,Fishing,gothenborg,1
57.70708,11.6593,0,345,206,2,FISKE PLATS,DK,47,0,STELLA NOVA,2,156348,9,25,5,0,43,1,2016-12-18T19:55:06.000Z,gothenborg,2016-12-18T00:00:00.000Z,51,Fishing,gothenborg,1
57.70708,11.6593,0,345,206,4,FISKE PLATS,DK,47,0,STELLA NOVA,2,156348,9,25,5,0,43,1,2016-12-18T19:57:05.000Z,gothenborg,2016-12-18T00:00:00.000Z,51,Fishing,gothenborg,1
57.70708,11.65928,0,283,206,3,FISKE PLATS,DK,47,0,STELLA NOVA,2,156348,9,25,5,0,43,1,2016-12-18T19:59:05.000Z,gothenborg,2016-12-18T00:00:00.000Z,51,Fishing,gothenborg,1
57.70707,11.65925,0,339,206,2,FISKE PLATS,DK,47,0,STELLA NOVA,2,156348,9,25,5,0,43,1,2016-12-18T20:01:05.000Z,gothenborg,2016-12-18T00:00:00.000Z,51,Fishing,gothenborg,1
57.70707,11.65925,0,339,206,4,FISKE PLATS,DK,47,0,STELLA NOVA,2,156348,9,25,5,0,43,1,2016-12-18T20:03:05.000Z,gothenborg,2016-12-18T00:00:00.000Z,51,Fishing,gothenborg,1
57.70707,11.65929,0,358,206,2,FISKE PLATS,DK,47,0,STELLA NOVA,2,156348,9,25,5,0,43,1,2016-12-18T20:05:05.000Z,gothenborg,2016-12-18T00:00:00.000Z,51,Fishing,gothenborg,1
57.70707,11.65929,0,358,206,4,FISKE PLATS,DK,47,0,STELLA NOVA,2,156348,9,25,5,0,43,1,2016-12-18T20:07:05.000Z,gothenborg,2016-12-18T00:00:00.000Z,51,Fishing,gothenborg,1
57.70707,11.6593,0,327,206,3,FISKE PLATS,DK,47,0,STELLA NOVA,2,156348,9,25,5,0,43,1,2016-12-18T20:09:04.000Z,gothenborg,2016-12-18T00:00:00.000Z,51,Fishing,gothenborg,1
57.70707,11.6593,0,327,206,5,FISKE PLATS,DK,47,0,STELLA NOVA,2,156348,9,25,5,0,43,1,2016-12-18T20:11:05.000Z,gothenborg,2016-12-18T00:00:00.000Z,51,Fishing,gothenborg,1
57.70707,11.65926,0,290,206,2,FISKE PLATS,DK,47,0,STELLA NOVA,2,156348,9,25,5,0,43,1,2016-12-18T20:13:05.000Z,gothenborg,2016-12-18T00:00:00.000Z,51,Fishing,gothenborg,1
57.70707,11.65926,0,290,206,2,FISKE PLATS,DK,47,0,STELLA NOVA,2,156348,9,25,5,0,43,1,2016-12-18T20:15:04.000Z,gothenborg,2016-12-18T00:00:00.000Z,51,Fishing,gothenborg,1
57.70705,11.6593,0,330,206,3,FISKE PLATS,DK,47,0,STELLA NOVA,2,156348,9,25,5,0,43,1,2016-12-18T20:17:05.000Z,gothenborg,2016-12-18T00:00:00.000Z,51,Fishing,gothenborg,1
57.70706,11.65928,0,303,206,2,FISKE PLATS,DK,47,0,STELLA NOVA,2,156348,9,25,5,0,43,1,2016-12-18T20:19:05.000Z,gothenborg,2016-12-18T00:00:00.000Z,51,Fishing,gothenborg,1
57.70706,11.65928,0,303,206,2,FISKE PLATS,DK,47,0,STELLA NOVA,2,156348,9,25,5,0,43,1,2016-12-18T20:21:04.000Z,gothenborg,2016-12-18T00:00:00.000Z,51,Fishing,gothenborg,1
57.70705,11.65923,0,305,206,3,FISKE PLATS,DK,47,0,STELLA NOVA,2,156348,9,25,5,0,43,1,2016-12-18T20:23:05.000Z,gothenborg,2016-12-18T00:00:00.000Z,51,Fishing,gothenborg,1
57.70705,11.65923,0,305,206,3,FISKE PLATS,DK,47,0,STELLA NOVA,2,156348,9,25,5,0,43,1,2016-12-18T20:25:06.000Z,gothenborg,2016-12-18T00:00:00.000Z,51,Fishing,gothenborg,1
57.70706,11.65928,0,249,206,3,FISKE PLATS,DK,47,0,STELLA NOVA,2,156348,9,25,5,0,43,1,2016-12-18T20:27:05.000Z,gothenborg,2016-12-18T00:00:00.000Z,51,Fishing,gothenborg,1
57.70706,11.65928,0,249,206,5,FISKE PLATS,DK,47,0,STELLA NOVA,2,156348,9,25,5,0,43,1,2016-12-18T20:29:05.000Z,gothenborg,2016-12-18T00:00:00.000Z,51,Fishing,gothenborg,1
57.70707,11.65931,0,293,205,1,FISKE PLATS,DK,47,0,STELLA NOVA,2,156348,9,25,5,0,43,1,2016-12-18T20:31:05.000Z,gothenborg,2016-12-18T00:00:00.000Z,51,Fishing,gothenborg,1
57.70707,11.65931,0,293,205,4,FISKE PLATS,DK,47,0,STELLA NOVA,2,156348,9,25,5,0,43,1,2016-12-18T20:33:05.000Z,gothenborg,2016-12-18T00:00:00.000Z,51,Fishing,gothenborg,1
57.70705,11.65926,0,288,205,3,FISKE PLATS,DK,47,0,STELLA NOVA,2,156348,9,25,5,0,43,1,2016-12-18T20:35:05.000Z,gothenborg,2016-12-18T00:00:00.000Z,51,Fishing,gothenborg,1
57.70705,11.65928,0,138,206,2,FISKE PLATS,DK,47,0,STELLA NOVA,2,156348,9,25,5,0,43,1,2016-12-18T20:37:06.000Z,gothenborg,2016-12-18T00:00:00.000Z,51,Fishing,gothenborg,1
57.70705,11.65928,0,138,206,4,FISKE PLATS,DK,47,0,STELLA NOVA,2,156348,9,25,5,0,43,1,2016-12-18T20:39:05.000Z,gothenborg,2016-12-18T00:00:00.000Z,51,Fishing,gothenborg,1
57.70705,11.65928,0,138,206,4,FISKE PLATS,DK,47,0,STELLA NOVA,2,156348,9,25,5,0,43,1,2016-12-18T20:41:04.000Z,gothenborg,2016-12-18T00:00:00.000Z,51,Fishing,gothenborg,1
57.70706,11.65929,0,83,204,2,FISKE PLATS,DK,47,0,STELLA NOVA,2,156348,9,25,5,0,43,1,2016-12-18T20:43:05.000Z,gothenborg,2016-12-18T00:00:00.000Z,51,Fishing,gothenborg,1
57.70706,11.65929,0,83,204,4,FISKE PLATS,DK,47,0,STELLA NOVA,2,156348,9,25,5,0,43,1,2016-12-18T20:45:06.000Z,gothenborg,2016-12-18T00:00:00.000Z,51,Fishing,gothenborg,1
57.70705,11.65927,0,136,205,3,FISKE PLATS,DK,47,0,STELLA NOVA,2,156348,9,25,5,0,43,1,2016-12-18T20:47:05.000Z,gothenborg,2016-12-18T00:00:00.000Z,51,Fishing,gothenborg,1
57.70705,11.65927,0,136,205,5,FISKE PLATS,DK,47,0,STELLA NOVA,2,156348,9,25,5,0,43,1,2016-12-18T20:49:05.000Z,gothenborg,2016-12-18T00:00:00.000Z,51,Fishing,gothenborg,1
57.70707,11.65929,0,5,205,3,FISKE PLATS,DK,47,0,STELLA NOVA,2,156348,9,25,5,0,43,1,2016-12-18T20:51:05.000Z,gothenborg,2016-12-18T00:00:00.000Z,51,Fishing,gothenborg,1
57.70707,11.65929,0,5,205,3,FISKE PLATS,DK,47,0,STELLA NOVA,2,156348,9,25,5,0,43,1,2016-12-18T20:53:05.000Z,gothenborg,2016-12-18T00:00:00.000Z,51,Fishing,gothenborg,1
57.70705,11.65929,0,33,205,2,FISKE PLATS,DK,47,0,STELLA NOVA,2,156348,9,25,5,0,43,1,2016-12-18T20:55:05.000Z,gothenborg,2016-12-18T00:00:00.000Z,51,Fishing,gothenborg,1
57.70705,11.65929,0,33,205,5,FISKE PLATS,DK,47,0,STELLA NOVA,2,156348,9,25,5,0,43,1,2016-12-18T20:57:05.000Z,gothenborg,2016-12-18T00:00:00.000Z,51,Fishing,gothenborg,1
57.70708,11.65928,0,0,204,3,FISKE PLATS,DK,47,0,STELLA NOVA,2,156348,9,25,5,0,43,1,2016-12-18T20:59:05.000Z,gothenborg,2016-12-18T00:00:00.000Z,51,Fishing,gothenborg,1
57.70708,11.65928,0,0,204,5,FISKE PLATS,DK,47,0,STELLA NOVA,2,156348,9,25,5,0,43,1,2016-12-18T21:01:05.000Z,gothenborg,2016-12-18T00:00:00.000Z,51,Fishing,gothenborg,1
57.70706,11.65928,0,15,205,3,FISKE PLATS,DK,47,0,STELLA NOVA,2,156348,9,25,5,0,43,1,2016-12-18T21:03:06.000Z,gothenborg,2016-12-18T00:00:00.000Z,51,Fishing,gothenborg,1
57.70706,11.65928,0,15,205,3,FISKE PLATS,DK,47,0,STELLA NOVA,2,156348,9,25,5,0,43,1,2016-12-18T21:05:05.000Z,gothenborg,2016-12-18T00:00:00.000Z,51,Fishing,gothenborg,1
57.70704,11.65929,0,33,205,3,FISKE PLATS,DK,47,0,STELLA NOVA,2,156348,9,25,5,0,43,1,2016-12-18T21:07:05.000Z,gothenborg,2016-12-18T00:00:00.000Z,51,Fishing,gothenborg,1
57.70706,11.65927,0,351,204,2,FISKE PLATS,DK,47,0,STELLA NOVA,2,156348,9,25,5,0,43,1,2016-12-18T21:09:05.000Z,gothenborg,2016-12-18T00:00:00.000Z,51,Fishing,gothenborg,1
57.70706,11.65927,0,351,204,4,FISKE PLATS,DK,47,0,STELLA NOVA,2,156348,9,25,5,0,43,1,2016-12-18T21:11:05.000Z,gothenborg,2016-12-18T00:00:00.000Z,51,Fishing,gothenborg,1
57.70707,11.65926,0,325,205,2,FISKE PLATS,DK,47,0,STELLA NOVA,2,156348,9,25,5,0,43,1,2016-12-18T21:13:04.000Z,gothenborg,2016-12-18T00:00:00.000Z,51,Fishing,gothenborg,1
57.70707,11.65926,0,325,205,4,FISKE PLATS,DK,47,0,STELLA NOVA,2,156348,9,25,5,0,43,1,2016-12-18T21:15:05.000Z,gothenborg,2016-12-18T00:00:00.000Z,51,Fishing,gothenborg,1
57.70704,11.65927,0,192,205,3,FISKE PLATS,DK,47,0,STELLA NOVA,2,156348,9,25,5,0,43,1,2016-12-18T21:17:05.000Z,gothenborg,2016-12-18T00:00:00.000Z,51,Fishing,gothenborg,1
57.70704,11.65927,0,202,205,2,FISKE PLATS,DK,47,0,STELLA NOVA,2,156348,9,25,5,0,43,1,2016-12-18T21:19:05.000Z,gothenborg,2016-12-18T00:00:00.000Z,51,Fishing,gothenborg,1
57.70704,11.65927,0,202,205,4,FISKE PLATS,DK,47,0,STELLA NOVA,2,156348,9,25,5,0,43,1,2016-12-18T21:21:05.000Z,gothenborg,2016-12-18T00:00:00.000Z,51,Fishing,gothenborg,1
57.70705,11.65928,0,224,205,2,FISKE PLATS,DK,47,0,STELLA NOVA,2,156348,9,25,5,0,43,1,2016-12-18T21:23:05.000Z,gothenborg,2016-12-18T00:00:00.000Z,51,Fishing,gothenborg,1
57.70705,11.65928,0,224,205,4,FISKE PLATS,DK,47,0,STELLA NOVA,2,156348,9,25,5,0,43,1,2016-12-18T21:25:05.000Z,gothenborg,2016-12-18T00:00:00.000Z,51,Fishing,gothenborg,1
57.70706,11.6593,0,211,205,3,FISKE PLATS,DK,47,0,STELLA NOVA,2,156348,9,25,5,0,43,1,2016-12-18T21:27:05.000Z,gothenborg,2016-12-18T00:00:00.000Z,51,Fishing,gothenborg,1
57.70705,11.65929,0,222,205,2,FISKE PLATS,DK,47,0,STELLA NOVA,2,156348,9,25,5,0,43,1,2016-12-18T21:29:05.000Z,gothenborg,2016-12-18T00:00:00.000Z,51,Fishing,gothenborg,1
57.70705,11.65929,0,222,205,4,FISKE PLATS,DK,47,0,STELLA NOVA,2,156348,9,25,5,0,43,1,2016-12-18T21:31:05.000Z,gothenborg,2016-12-18T00:00:00.000Z,51,Fishing,gothenborg,1
57.70705,11.65926,0,207,206,2,FISKE PLATS,DK,47,0,STELLA NOVA,2,156348,9,25,5,0,43,1,2016-12-18T21:33:06.000Z,gothenborg,2016-12-18T00:00:00.000Z,51,Fishing,gothenborg,1
57.70705,11.65926,0,207,206,4,FISKE PLATS,DK,47,0,STELLA NOVA,2,156348,9,25,5,0,43,1,2016-12-18T21:35:06.000Z,gothenborg,2016-12-18T00:00:00.000Z,51,Fishing,gothenborg,1
57.70705,11.65928,0,218,206,3,FISKE PLATS,DK,47,0,STELLA NOVA,2,156348,9,25,5,0,43,1,2016-12-18T21:37:05.000Z,gothenborg,2016-12-18T00:00:00.000Z,51,Fishing,gothenborg,1
57.70707,11.6593,0,327,206,2,FISKE PLATS,DK,47,0,STELLA NOVA,2,156348,9,25,5,0,43,1,2016-12-18T21:39:05.000Z,gothenborg,2016-12-18T00:00:00.000Z,51,Fishing,gothenborg,1
57.70707,11.6593,0,327,206,4,FISKE PLATS,DK,47,0,STELLA NOVA,2,156348,9,25,5,0,43,1,2016-12-18T21:41:04.000Z,gothenborg,2016-12-18T00:00:00.000Z,51,Fishing,gothenborg,1
57.70705,11.65929,0,259,206,3,FISKE PLATS,DK,47,0,STELLA NOVA,2,156348,9,25,5,0,43,1,2016-12-18T21:43:06.000Z,gothenborg,2016-12-18T00:00:00.000Z,51,Fishing,gothenborg,1
57.70705,11.65929,0,259,206,5,FISKE PLATS,DK,47,0,STELLA NOVA,2,156348,9,25,5,0,43,1,2016-12-18T21:45:05.000Z,gothenborg,2016-12-18T00:00:00.000Z,51,Fishing,gothenborg,1
57.70705,11.6593,0,210,205,3,FISKE PLATS,DK,47,0,STELLA NOVA,2,156348,9,25,5,0,43,1,2016-12-18T21:47:05.000Z,gothenborg,2016-12-18T00:00:00.000Z,51,Fishing,gothenborg,1
57.70705,11.6593,0,210,205,5,FISKE PLATS,DK,47,0,STELLA NOVA,2,156348,9,25,5,0,43,1,2016-12-18T21:49:05.000Z,gothenborg,2016-12-18T00:00:00.000Z,51,Fishing,gothenborg,1
57.70707,11.65928,0,211,206,3,FISKE PLATS,DK,47,0,STELLA NOVA,2,156348,9,25,5,0,43,1,2016-12-18T21:51:05.000Z,gothenborg,2016-12-18T00:00:00.000Z,51,Fishing,gothenborg,1
57.70707,11.65928,0,211,206,5,FISKE PLATS,DK,47,0,STELLA NOVA,2,156348,9,25,5,0,43,1,2016-12-18T21:53:05.000Z,gothenborg,2016-12-18T00:00:00.000Z,51,Fishing,gothenborg,1
57.70707,11.65927,0,208,205,3,FISKE PLATS,DK,47,0,STELLA NOVA,2,156348,9,25,5,0,43,1,2016-12-18T21:55:05.000Z,gothenborg,2016-12-18T00:00:00.000Z,51,Fishing,gothenborg,1
57.70707,11.65927,0,208,205,3,FISKE PLATS,DK,47,0,STELLA NOVA,2,156348,9,25,5,0,43,1,2016-12-18T21:57:04.000Z,gothenborg,2016-12-18T00:00:00.000Z,51,Fishing,gothenborg,1
57.70705,11.65929,0,201,205,4,FISKE PLATS,DK,47,0,STELLA NOVA,2,156348,9,25,5,0,43,1,2016-12-18T21:59:05.000Z,gothenborg,2016-12-18T00:00:00.000Z,51,Fishing,gothenborg,1
57.70705,11.65927,0,215,205,3,FISKE PLATS,DK,47,0,STELLA NOVA,2,156348,9,25,5,0,43,1,2016-12-18T22:01:05.000Z,gothenborg,2016-12-18T00:00:00.000Z,51,Fishing,gothenborg,1
57.70705,11.65929,0,195,205,2,FISKE PLATS,DK,47,0,STELLA NOVA,2,156348,9,25,5,0,43,1,2016-12-18T22:03:06.000Z,gothenborg,2016-12-18T00:00:00.000Z,51,Fishing,gothenborg,1
57.70705,11.65929,0,195,205,4,FISKE PLATS,DK,47,0,STELLA NOVA,2,156348,9,25,5,0,43,1,2016-12-18T22:05:05.000Z,gothenborg,2016-12-18T00:00:00.000Z,51,Fishing,gothenborg,1
57.70707,11.65932,0,229,205,3,FISKE PLATS,DK,47,0,STELLA NOVA,2,156348,9,25,5,0,43,1,2016-12-18T22:07:05.000Z,gothenborg,2016-12-18T00:00:00.000Z,51,Fishing,gothenborg,1
57.70707,11.65932,0,229,205,5,FISKE PLATS,DK,47,0,STELLA NOVA,2,156348,9,25,5,0,43,1,2016-12-18T22:09:05.000Z,gothenborg,2016-12-18T00:00:00.000Z,51,Fishing,gothenborg,1
57.70707,11.6593,0,204,205,2,FISKE PLATS,DK,47,0,STELLA NOVA,2,156348,9,25,5,0,43,1,2016-12-18T22:11:05.000Z,gothenborg,2016-12-18T00:00:00.000Z,51,Fishing,gothenborg,1
57.70707,11.6593,0,204,205,4,FISKE PLATS,DK,47,0,STELLA NOVA,2,156348,9,25,5,0,43,1,2016-12-18T22:13:05.000Z,gothenborg,2016-12-18T00:00:00.000Z,51,Fishing,gothenborg,1
57.70703,11.65926,0,215,206,2,FISKE PLATS,DK,47,0,STELLA NOVA,2,156348,9,25,5,0,43,1,2016-12-18T22:15:05.000Z,gothenborg,2016-12-18T00:00:00.000Z,51,Fishing,gothenborg,1
57.70703,11.65926,0,215,206,4,FISKE PLATS,DK,47,0,STELLA NOVA,2,156348,9,25,5,0,43,1,2016-12-18T22:17:05.000Z,gothenborg,2016-12-18T00:00:00.000Z,51,Fishing,gothenborg,1
57.70707,11.65929,0,166,205,2,FISKE PLATS,DK,47,0,STELLA NOVA,2,156348,9,25,5,0,43,1,2016-12-18T22:19:04.000Z,gothenborg,2016-12-18T00:00:00.000Z,51,Fishing,gothenborg,1
57.70707,11.65929,0,166,205,3,FISKE PLATS,DK,47,0,STELLA NOVA,2,156348,9,25,5,0,43,1,2016-12-18T22:21:05.000Z,gothenborg,2016-12-18T00:00:00.000Z,51,Fishing,gothenborg,1
57.70707,11.65929,0,292,205,3,FISKE PLATS,DK,47,0,STELLA NOVA,2,156348,9,25,5,0,43,1,2016-12-18T22:23:05.000Z,gothenborg,2016-12-18T00:00:00.000Z,51,Fishing,gothenborg,1
57.70706,11.65929,0,187,206,2,FISKE PLATS,DK,47,0,STELLA NOVA,2,156348,9,25,5,0,43,1,2016-12-18T22:25:05.000Z,gothenborg,2016-12-18T00:00:00.000Z,51,Fishing,gothenborg,1
57.70706,11.65929,0,187,206,4,FISKE PLATS,DK,47,0,STELLA NOVA,2,156348,9,25,5,0,43,1,2016-12-18T22:27:05.000Z,gothenborg,2016-12-18T00:00:00.000Z,51,Fishing,gothenborg,1
57.70705,11.65929,0,216,206,3,FISKE PLATS,DK,47,0,STELLA NOVA,2,156348,9,25,5,0,43,1,2016-12-18T22:29:04.000Z,gothenborg,2016-12-18T00:00:00.000Z,51,Fishing,gothenborg,1
57.70707,11.6593,0,225,206,2,FISKE PLATS,DK,47,0,STELLA NOVA,2,156348,9,25,5,0,43,1,2016-12-18T22:31:05.000Z,gothenborg,2016-12-18T00:00:00.000Z,51,Fishing,gothenborg,1
57.70707,11.6593,0,225,206,2,FISKE PLATS,DK,47,0,STELLA NOVA,2,156348,9,25,5,0,43,1,2016-12-18T22:33:04.000Z,gothenborg,2016-12-18T00:00:00.000Z,51,Fishing,gothenborg,1
57.70705,11.65926,0,240,205,2,FISKE PLATS,DK,47,0,STELLA NOVA,2,156348,9,25,5,0,43,1,2016-12-18T22:35:05.000Z,gothenborg,2016-12-18T00:00:00.000Z,51,Fishing,gothenborg,1
57.70705,11.65926,0,240,205,4,FISKE PLATS,DK,47,0,STELLA NOVA,2,156348,9,25,5,0,43,1,2016-12-18T22:37:05.000Z,gothenborg,2016-12-18T00:00:00.000Z,51,Fishing,gothenborg,1
57.70705,11.65929,0,237,205,2,FISKE PLATS,DK,47,0,STELLA NOVA,2,156348,9,25,5,0,43,1,2016-12-18T22:39:05.000Z,gothenborg,2016-12-18T00:00:00.000Z,51,Fishing,gothenborg,1
57.70705,11.65929,0,237,205,5,FISKE PLATS,DK,47,0,STELLA NOVA,2,156348,9,25,5,0,43,1,2016-12-18T22:41:06.000Z,gothenborg,2016-12-18T00:00:00.000Z,51,Fishing,gothenborg,1
57.70705,11.65928,0,264,206,3,FISKE PLATS,DK,47,0,STELLA NOVA,2,156348,9,25,5,0,43,1,2016-12-18T22:43:05.000Z,gothenborg,2016-12-18T00:00:00.000Z,51,Fishing,gothenborg,1
57.70705,11.65928,0,264,206,3,FISKE PLATS,DK,47,0,STELLA NOVA,2,156348,9,25,5,0,43,1,2016-12-18T22:45:05.000Z,gothenborg,2016-12-18T00:00:00.000Z,51,Fishing,gothenborg,1
57.70707,11.65928,0,264,206,4,FISKE PLATS,DK,47,0,STELLA NOVA,2,156348,9,25,5,0,43,1,2016-12-18T22:47:05.000Z,gothenborg,2016-12-18T00:00:00.000Z,51,Fishing,gothenborg,1
57.70705,11.65928,0,280,206,3,FISKE PLATS,DK,47,0,STELLA NOVA,2,156348,9,25,5,0,43,1,2016-12-18T22:49:05.000Z,gothenborg,2016-12-18T00:00:00.000Z,51,Fishing,gothenborg,1
57.70705,11.65929,0,289,205,1,FISKE PLATS,DK,47,0,STELLA NOVA,2,156348,9,25,5,0,43,1,2016-12-18T22:51:05.000Z,gothenborg,2016-12-18T00:00:00.000Z,51,Fishing,gothenborg,1
57.70705,11.65929,0,289,205,2,FISKE PLATS,DK,47,0,STELLA NOVA,2,156348,9,25,5,0,43,1,2016-12-18T22:53:05.000Z,gothenborg,2016-12-18T00:00:00.000Z,51,Fishing,gothenborg,1
57.70707,11.6593,0,337,205,2,FISKE PLATS,DK,47,0,STELLA NOVA,2,156348,9,25,5,0,43,1,2016-12-18T22:55:05.000Z,gothenborg,2016-12-18T00:00:00.000Z,51,Fishing,gothenborg,1
57.70707,11.6593,0,337,205,3,FISKE PLATS,DK,47,0,STELLA NOVA,2,156348,9,25,5,0,43,1,2016-12-18T22:57:05.000Z,gothenborg,2016-12-18T00:00:00.000Z,51,Fishing,gothenborg,1
57.70705,11.65928,0,24,204,2,FISKE PLATS,DK,47,0,STELLA NOVA,2,156348,9,25,5,0,43,1,2016-12-18T22:59:05.000Z,gothenborg,2016-12-18T00:00:00.000Z,51,Fishing,gothenborg,1
57.70705,11.65928,0,24,204,4,FISKE PLATS,DK,47,0,STELLA NOVA,2,156348,9,25,5,0,43,1,2016-12-18T23:01:05.000Z,gothenborg,2016-12-18T00:00:00.000Z,51,Fishing,gothenborg,1
57.70705,11.65928,0,348,205,3,FISKE PLATS,DK,47,0,STELLA NOVA,2,156348,9,25,5,0,43,1,2016-12-18T23:03:05.000Z,gothenborg,2016-12-18T00:00:00.000Z,51,Fishing,gothenborg,1
57.70704,11.65931,0,341,206,1,FISKE PLATS,DK,47,0,STELLA NOVA,2,156348,9,25,5,0,43,1,2016-12-18T23:05:05.000Z,gothenborg,2016-12-18T00:00:00.000Z,51,Fishing,gothenborg,1
57.70704,11.65931,0,341,206,3,FISKE PLATS,DK,47,0,STELLA NOVA,2,156348,9,25,5,0,43,1,2016-12-18T23:07:05.000Z,gothenborg,2016-12-18T00:00:00.000Z,51,Fishing,gothenborg,1
57.70707,11.6593,0,349,205,2,FISKE PLATS,DK,47,0,STELLA NOVA,2,156348,9,25,5,0,43,1,2016-12-18T23:09:05.000Z,gothenborg,2016-12-18T00:00:00.000Z,51,Fishing,gothenborg,1
57.70708,11.65928,0,351,205,1,FISKE PLATS,DK,47,0,STELLA NOVA,2,156348,9,25,5,0,43,1,2016-12-18T23:11:05.000Z,gothenborg,2016-12-18T00:00:00.000Z,51,Fishing,gothenborg,1
57.70708,11.65928,0,351,205,3,FISKE PLATS,DK,47,0,STELLA NOVA,2,156348,9,25,5,0,43,1,2016-12-18T23:13:05.000Z,gothenborg,2016-12-18T00:00:00.000Z,51,Fishing,gothenborg,1
57.70706,11.6593,0,335,206,1,FISKE PLATS,DK,47,0,STELLA NOVA,2,156348,9,25,5,0,43,1,2016-12-18T23:15:05.000Z,gothenborg,2016-12-18T00:00:00.000Z,51,Fishing,gothenborg,1
57.70706,11.6593,0,335,206,4,FISKE PLATS,DK,47,0,STELLA NOVA,2,156348,9,25,5,0,43,1,2016-12-18T23:17:05.000Z,gothenborg,2016-12-18T00:00:00.000Z,51,Fishing,gothenborg,1
57.70707,11.65928,0,345,205,3,FISKE PLATS,DK,47,0,STELLA NOVA,2,156348,9,25,5,0,43,1,2016-12-18T23:19:06.000Z,gothenborg,2016-12-18T00:00:00.000Z,51,Fishing,gothenborg,1
57.70707,11.65928,0,331,206,2,FISKE PLATS,DK,47,0,STELLA NOVA,2,156348,9,25,5,0,43,1,2016-12-18T23:21:05.000Z,gothenborg,2016-12-18T00:00:00.000Z,51,Fishing,gothenborg,1
57.70707,11.65928,0,331,206,2,FISKE PLATS,DK,47,0,STELLA NOVA,2,156348,9,25,5,0,43,1,2016-12-18T23:23:05.000Z,gothenborg,2016-12-18T00:00:00.000Z,51,Fishing,gothenborg,1
57.70708,11.65928,0,306,206,3,FISKE PLATS,DK,47,0,STELLA NOVA,2,156348,9,25,5,0,43,1,2016-12-18T23:25:05.000Z,gothenborg,2016-12-18T00:00:00.000Z,51,Fishing,gothenborg,1
57.70707,11.65929,0,340,205,2,FISKE PLATS,DK,47,0,STELLA NOVA,2,156348,9,25,5,0,43,1,2016-12-18T23:27:05.000Z,gothenborg,2016-12-18T00:00:00.000Z,51,Fishing,gothenborg,1
57.70707,11.65929,0,340,205,4,FISKE PLATS,DK,47,0,STELLA NOVA,2,156348,9,25,5,0,43,1,2016-12-18T23:29:06.000Z,gothenborg,2016-12-18T00:00:00.000Z,51,Fishing,gothenborg,1
57.70707,11.65928,0,347,206,2,FISKE PLATS,DK,47,0,STELLA NOVA,2,156348,9,25,5,0,43,1,2016-12-18T23:31:05.000Z,gothenborg,2016-12-18T00:00:00.000Z,51,Fishing,gothenborg,1
57.70707,11.65928,0,343,206,1,FISKE PLATS,DK,47,0,STELLA NOVA,2,156348,9,25,5,0,43,1,2016-12-18T23:33:06.000Z,gothenborg,2016-12-18T00:00:00.000Z,51,Fishing,gothenborg,1
57.70707,11.65928,0,343,206,3,FISKE PLATS,DK,47,0,STELLA NOVA,2,156348,9,25,5,0,43,1,2016-12-18T23:35:05.000Z,gothenborg,2016-12-18T00:00:00.000Z,51,Fishing,gothenborg,1
57.70705,11.65929,0,325,205,2,FISKE PLATS,DK,47,0,STELLA NOVA,2,156348,9,25,5,0,43,1,2016-12-18T23:37:05.000Z,gothenborg,2016-12-18T00:00:00.000Z,51,Fishing,gothenborg,1
57.70705,11.65929,0,325,205,4,FISKE PLATS,DK,47,0,STELLA NOVA,2,156348,9,25,5,0,43,1,2016-12-18T23:39:06.000Z,gothenborg,2016-12-18T00:00:00.000Z,51,Fishing,gothenborg,1
57.70705,11.65928,0,323,204,2,FISKE PLATS,DK,47,0,STELLA NOVA,2,156348,9,25,5,0,43,1,2016-12-18T23:41:06.000Z,gothenborg,2016-12-18T00:00:00.000Z,51,Fishing,gothenborg,1
57.70705,11.65928,0,323,204,2,FISKE PLATS,DK,47,0,STELLA NOVA,2,156348,9,25,5,0,43,1,2016-12-18T23:43:05.000Z,gothenborg,2016-12-18T00:00:00.000Z,51,Fishing,gothenborg,1
57.70705,11.65929,0,336,205,3,FISKE PLATS,DK,47,0,STELLA NOVA,2,156348,9,25,5,0,43,1,2016-12-18T23:45:05.000Z,gothenborg,2016-12-18T00:00:00.000Z,51,Fishing,gothenborg,1
57.70705,11.65929,0,336,205,5,FISKE PLATS,DK,47,0,STELLA NOVA,2,156348,9,25,5,0,43,1,2016-12-18T23:47:05.000Z,gothenborg,2016-12-18T00:00:00.000Z,51,Fishing,gothenborg,1
57.70709,11.65929,0,342,206,3,FISKE PLATS,DK,47,0,STELLA NOVA,2,156348,9,25,5,0,43,1,2016-12-18T23:49:06.000Z,gothenborg,2016-12-18T00:00:00.000Z,51,Fishing,gothenborg,1
57.70709,11.65929,0,342,206,5,FISKE PLATS,DK,47,0,STELLA NOVA,2,156348,9,25,5,0,43,1,2016-12-18T23:51:05.000Z,gothenborg,2016-12-18T00:00:00.000Z,51,Fishing,gothenborg,1
57.70706,11.65929,0,357,205,3,FISKE PLATS,DK,47,0,STELLA NOVA,2,156348,9,25,5,0,43,1,2016-12-18T23:53:05.000Z,gothenborg,2016-12-18T00:00:00.000Z,51,Fishing,gothenborg,1
57.70706,11.65929,0,357,205,5,FISKE PLATS,DK,47,0,STELLA NOVA,2,156348,9,25,5,0,43,1,2016-12-18T23:55:05.000Z,gothenborg,2016-12-18T00:00:00.000Z,51,Fishing,gothenborg,1
57.70704,11.65928,0,313,205,3,FISKE PLATS,DK,47,0,STELLA NOVA,2,156348,9,25,5,0,43,1,2016-12-18T23:57:05.000Z,gothenborg,2016-12-18T00:00:00.000Z,51,Fishing,gothenborg,1
57.70704,11.65928,0,313,205,5,FISKE PLATS,DK,47,0,STELLA NOVA,2,156348,9,25,5,0,43,1,2016-12-18T23:59:05.000Z,gothenborg,2016-12-18T00:00:00.000Z,51,Fishing,gothenborg,1
57.70708,11.6593,0,327,205,2,FISKE PLATS,DK,47,0,STELLA NOVA,2,156348,9,25,5,0,43,1,2016-12-19T00:01:36.000Z,gothenborg,2016-12-19T00:00:00.000Z,51,Fishing,gothenborg,1
57.70708,11.6593,0,327,205,4,FISKE PLATS,DK,47,0,STELLA NOVA,2,156348,9,25,5,0,43,1,2016-12-19T00:03:05.000Z,gothenborg,2016-12-19T00:00:00.000Z,51,Fishing,gothenborg,1
57.70705,11.65928,0,305,206,2,FISKE PLATS,DK,47,0,STELLA NOVA,2,156348,9,25,5,0,43,1,2016-12-19T00:05:06.000Z,gothenborg,2016-12-19T00:00:00.000Z,51,Fishing,gothenborg,1
57.70705,11.65928,0,305,206,4,FISKE PLATS,DK,47,0,STELLA NOVA,2,156348,9,25,5,0,43,1,2016-12-19T00:07:05.000Z,gothenborg,2016-12-19T00:00:00.000Z,51,Fishing,gothenborg,1
57.70705,11.65928,0,305,206,6,FISKE PLATS,DK,47,0,STELLA NOVA,2,156348,9,25,5,0,43,1,2016-12-19T00:09:06.000Z,gothenborg,2016-12-19T00:00:00.000Z,51,Fishing,gothenborg,1
57.70707,11.65924,0,1,205,4,FISKE PLATS,DK,47,0,STELLA NOVA,2,156348,9,25,5,0,43,1,2016-12-19T00:11:05.000Z,gothenborg,2016-12-19T00:00:00.000Z,51,Fishing,gothenborg,1
57.70708,11.65927,0,193,206,3,FISKE PLATS,DK,47,0,STELLA NOVA,2,156348,9,25,5,0,43,1,2016-12-19T00:13:06.000Z,gothenborg,2016-12-19T00:00:00.000Z,51,Fishing,gothenborg,1
57.70707,11.6593,0,259,205,2,FISKE PLATS,DK,47,0,STELLA NOVA,2,156348,9,25,5,0,43,1,2016-12-19T00:15:07.000Z,gothenborg,2016-12-19T00:00:00.000Z,51,Fishing,gothenborg,1
57.70707,11.6593,0,259,205,4,FISKE PLATS,DK,47,0,STELLA NOVA,2,156348,9,25,5,0,43,1,2016-12-19T00:17:05.000Z,gothenborg,2016-12-19T00:00:00.000Z,51,Fishing,gothenborg,1
57.70705,11.65928,0,292,205,2,FISKE PLATS,DK,47,0,STELLA NOVA,2,156348,9,25,5,0,43,1,2016-12-19T00:19:05.000Z,gothenborg,2016-12-19T00:00:00.000Z,51,Fishing,gothenborg,1
57.70705,11.65928,0,292,205,4,FISKE PLATS,DK,47,0,STELLA NOVA,2,156348,9,25,5,0,43,1,2016-12-19T00:21:05.000Z,gothenborg,2016-12-19T00:00:00.000Z,51,Fishing,gothenborg,1
57.70707,11.65929,0,306,205,2,FISKE PLATS,DK,47,0,STELLA NOVA,2,156348,9,25,5,0,43,1,2016-12-19T00:23:06.000Z,gothenborg,2016-12-19T00:00:00.000Z,51,Fishing,gothenborg,1
57.70707,11.65929,0,306,205,5,FISKE PLATS,DK,47,0,STELLA NOVA,2,156348,9,25,5,0,43,1,2016-12-19T00:25:06.000Z,gothenborg,2016-12-19T00:00:00.000Z,51,Fishing,gothenborg,1
57.70707,11.65928,0,346,205,3,FISKE PLATS,DK,47,0,STELLA NOVA,2,156348,9,25,5,0,43,1,2016-12-19T00:27:06.000Z,gothenborg,2016-12-19T00:00:00.000Z,51,Fishing,gothenborg,1
57.70707,11.6593,0,150,205,2,FISKE PLATS,DK,47,0,STELLA NOVA,2,156348,9,25,5,0,43,1,2016-12-19T00:29:05.000Z,gothenborg,2016-12-19T00:00:00.000Z,51,Fishing,gothenborg,1
57.70707,11.6593,0,150,205,4,FISKE PLATS,DK,47,0,STELLA NOVA,2,156348,9,25,5,0,43,1,2016-12-19T00:31:08.000Z,gothenborg,2016-12-19T00:00:00.000Z,51,Fishing,gothenborg,1
57.70707,11.6593,0,300,205,2,FISKE PLATS,DK,47,0,STELLA NOVA,2,156348,9,25,5,0,43,1,2016-12-19T00:33:05.000Z,gothenborg,2016-12-19T00:00:00.000Z,51,Fishing,gothenborg,1
57.70707,11.6593,0,300,205,5,FISKE PLATS,DK,47,0,STELLA NOVA,2,156348,9,25,5,0,43,1,2016-12-19T00:35:05.000Z,gothenborg,2016-12-19T00:00:00.000Z,51,Fishing,gothenborg,1
57.70707,11.6593,0,255,206,2,FISKE PLATS,DK,47,0,STELLA NOVA,2,156348,9,25,5,0,43,1,2016-12-19T00:37:05.000Z,gothenborg,2016-12-19T00:00:00.000Z,51,Fishing,gothenborg,1
57.70707,11.6593,0,255,206,4,FISKE PLATS,DK,47,0,STELLA NOVA,2,156348,9,25,5,0,43,1,2016-12-19T00:39:07.000Z,gothenborg,2016-12-19T00:00:00.000Z,51,Fishing,gothenborg,1
57.70706,11.65926,0,266,205,2,FISKE PLATS,DK,47,0,STELLA NOVA,2,156348,9,25,5,0,43,1,2016-12-19T00:41:05.000Z,gothenborg,2016-12-19T00:00:00.000Z,51,Fishing,gothenborg,1
57.70706,11.65926,0,266,205,4,FISKE PLATS,DK,47,0,STELLA NOVA,2,156348,9,25,5,0,43,1,2016-12-19T00:43:06.000Z,gothenborg,2016-12-19T00:00:00.000Z,51,Fishing,gothenborg,1
57.70705,11.6593,0,280,206,3,FISKE PLATS,DK,47,0,STELLA NOVA,2,156348,9,25,5,0,43,1,2016-12-19T00:45:05.000Z,gothenborg,2016-12-19T00:00:00.000Z,51,Fishing,gothenborg,1
57.70705,11.6593,0,280,206,5,FISKE PLATS,DK,47,0,STELLA NOVA,2,156348,9,25,5,0,43,1,2016-12-19T00:47:05.000Z,gothenborg,2016-12-19T00:00:00.000Z,51,Fishing,gothenborg,1
57.70706,11.6593,0,278,206,3,FISKE PLATS,DK,47,0,STELLA NOVA,2,156348,9,25,5,0,43,1,2016-12-19T00:49:05.000Z,gothenborg,2016-12-19T00:00:00.000Z,51,Fishing,gothenborg,1
57.70706,11.6593,0,278,206,5,FISKE PLATS,DK,47,0,STELLA NOVA,2,156348,9,25,5,0,43,1,2016-12-19T00:51:05.000Z,gothenborg,2016-12-19T00:00:00.000Z,51,Fishing,gothenborg,1
57.70706,11.65928,0,260,206,2,FISKE PLATS,DK,47,0,STELLA NOVA,2,156348,9,25,5,0,43,1,2016-12-19T00:53:05.000Z,gothenborg,2016-12-19T00:00:00.000Z,51,Fishing,gothenborg,1
57.70706,11.65928,0,260,206,4,FISKE PLATS,DK,47,0,STELLA NOVA,2,156348,9,25,5,0,43,1,2016-12-19T00:55:06.000Z,gothenborg,2016-12-19T00:00:00.000Z,51,Fishing,gothenborg,1
57.70707,11.6593,0,237,206,2,FISKE PLATS,DK,47,0,STELLA NOVA,2,156348,9,25,5,0,43,1,2016-12-19T00:57:06.000Z,gothenborg,2016-12-19T00:00:00.000Z,51,Fishing,gothenborg,1
57.70707,11.6593,0,237,206,4,FISKE PLATS,DK,47,0,STELLA NOVA,2,156348,9,25,5,0,43,1,2016-12-19T00:59:05.000Z,gothenborg,2016-12-19T00:00:00.000Z,51,Fishing,gothenborg,1
57.70707,11.65927,0,252,206,2,FISKE PLATS,DK,47,0,STELLA NOVA,2,156348,9,25,5,0,43,1,2016-12-19T01:01:05.000Z,gothenborg,2016-12-19T00:00:00.000Z,51,Fishing,gothenborg,1
57.70707,11.65927,0,252,206,4,FISKE PLATS,DK,47,0,STELLA NOVA,2,156348,9,25,5,0,43,1,2016-12-19T01:03:04.000Z,gothenborg,2016-12-19T00:00:00.000Z,51,Fishing,gothenborg,1
57.70707,11.65929,0,218,206,2,FISKE PLATS,DK,47,0,STELLA NOVA,2,156348,9,25,5,0,43,1,2016-12-19T01:05:05.000Z,gothenborg,2016-12-19T00:00:00.000Z,51,Fishing,gothenborg,1
57.70707,11.65929,0,218,206,4,FISKE PLATS,DK,47,0,STELLA NOVA,2,156348,9,25,5,0,43,1,2016-12-19T01:07:05.000Z,gothenborg,2016-12-19T00:00:00.000Z,51,Fishing,gothenborg,1
57.70708,11.65929,0,238,205,2,FISKE PLATS,DK,47,0,STELLA NOVA,2,156348,9,25,5,0,43,1,2016-12-19T01:09:05.000Z,gothenborg,2016-12-19T00:00:00.000Z,51,Fishing,gothenborg,1
57.70708,11.65929,0,238,205,4,FISKE PLATS,DK,47,0,STELLA NOVA,2,156348,9,25,5,0,43,1,2016-12-19T01:11:05.000Z,gothenborg,2016-12-19T00:00:00.000Z,51,Fishing,gothenborg,1
57.70706,11.65929,0,230,206,2,FISKE PLATS,DK,47,0,STELLA NOVA,2,156348,9,25,5,0,43,1,2016-12-19T01:13:05.000Z,gothenborg,2016-12-19T00:00:00.000Z,51,Fishing,gothenborg,1
57.70706,11.65929,0,230,206,4,FISKE PLATS,DK,47,0,STELLA NOVA,2,156348,9,25,5,0,43,1,2016-12-19T01:15:05.000Z,gothenborg,2016-12-19T00:00:00.000Z,51,Fishing,gothenborg,1
57.70707,11.65926,0,207,205,2,FISKE PLATS,DK,47,0,STELLA NOVA,2,156348,9,25,5,0,43,1,2016-12-19T01:17:05.000Z,gothenborg,2016-12-19T00:00:00.000Z,51,Fishing,gothenborg,1
57.70707,11.65926,0,207,205,4,FISKE PLATS,DK,47,0,STELLA NOVA,2,156348,9,25,5,0,43,1,2016-12-19T01:19:05.000Z,gothenborg,2016-12-19T00:00:00.000Z,51,Fishing,gothenborg,1
57.70707,11.65926,0,207,205,6,FISKE PLATS,DK,47,0,STELLA NOVA,2,156348,9,25,5,0,43,1,2016-12-19T01:21:05.000Z,gothenborg,2016-12-19T00:00:00.000Z,51,Fishing,gothenborg,1
57.70707,11.6593,0,214,205,2,FISKE PLATS,DK,47,0,STELLA NOVA,2,156348,9,25,5,0,43,1,2016-12-19T01:23:05.000Z,gothenborg,2016-12-19T00:00:00.000Z,51,Fishing,gothenborg,1
57.70707,11.6593,0,214,205,5,FISKE PLATS,DK,47,0,STELLA NOVA,2,156348,9,25,5,0,43,1,2016-12-19T01:25:06.000Z,gothenborg,2016-12-19T00:00:00.000Z,51,Fishing,gothenborg,1
57.70703,11.65928,0,232,205,3,FISKE PLATS,DK,47,0,STELLA NOVA,2,156348,9,25,5,0,43,1,2016-12-19T01:27:05.000Z,gothenborg,2016-12-19T00:00:00.000Z,51,Fishing,gothenborg,1
57.70703,11.65928,0,232,205,5,FISKE PLATS,DK,47,0,STELLA NOVA,2,156348,9,25,5,0,43,1,2016-12-19T01:29:06.000Z,gothenborg,2016-12-19T00:00:00.000Z,51,Fishing,gothenborg,1
57.70707,11.65928,0,320,205,3,FISKE PLATS,DK,47,0,STELLA NOVA,2,156348,9,25,5,0,43,1,2016-12-19T01:31:06.000Z,gothenborg,2016-12-19T00:00:00.000Z,51,Fishing,gothenborg,1
57.70705,11.65931,0,220,205,2,FISKE PLATS,DK,47,0,STELLA NOVA,2,156348,9,25,5,0,43,1,2016-12-19T01:33:05.000Z,gothenborg,2016-12-19T00:00:00.000Z,51,Fishing,gothenborg,1
57.70705,11.65931,0,220,205,4,FISKE PLATS,DK,47,0,STELLA NOVA,2,156348,9,25,5,0,43,1,2016-12-19T01:35:05.000Z,gothenborg,2016-12-19T00:00:00.000Z,51,Fishing,gothenborg,1
57.70707,11.65926,0,10,205,3,FISKE PLATS,DK,47,0,STELLA NOVA,2,156348,9,25,5,0,43,1,2016-12-19T01:37:05.000Z,gothenborg,2016-12-19T00:00:00.000Z,51,Fishing,gothenborg,1
57.70707,11.65926,0,10,205,3,FISKE PLATS,DK,47,0,STELLA NOVA,2,156348,9,25,5,0,43,1,2016-12-19T01:39:05.000Z,gothenborg,2016-12-19T00:00:00.000Z,51,Fishing,gothenborg,1
57.70707,11.65926,0,10,205,7,FISKE PLATS,DK,47,0,STELLA NOVA,2,156348,9,25,5,0,43,1,2016-12-19T01:41:05.000Z,gothenborg,2016-12-19T00:00:00.000Z,51,Fishing,gothenborg,1
57.70707,11.65928,0,19,205,4,FISKE PLATS,DK,47,0,STELLA NOVA,2,156348,9,25,5,0,43,1,2016-12-19T01:43:05.000Z,gothenborg,2016-12-19T00:00:00.000Z,51,Fishing,gothenborg,1
57.70705,11.65928,0,58,205,2,FISKE PLATS,DK,47,0,STELLA NOVA,2,156348,9,25,5,0,43,1,2016-12-19T01:45:05.000Z,gothenborg,2016-12-19T00:00:00.000Z,51,Fishing,gothenborg,1
57.70705,11.65928,0,58,205,4,FISKE PLATS,DK,47,0,STELLA NOVA,2,156348,9,25,5,0,43,1,2016-12-19T01:47:05.000Z,gothenborg,2016-12-19T00:00:00.000Z,51,Fishing,gothenborg,1
57.70707,11.6593,0,38,204,3,FISKE PLATS,DK,47,0,STELLA NOVA,2,156348,9,25,5,0,43,1,2016-12-19T01:49:05.000Z,gothenborg,2016-12-19T00:00:00.000Z,51,Fishing,gothenborg,1
57.70707,11.6593,0,38,204,3,FISKE PLATS,DK,47,0,STELLA NOVA,2,156348,9,25,5,0,43,1,2016-12-19T01:51:05.000Z,gothenborg,2016-12-19T00:00:00.000Z,51,Fishing,gothenborg,1
57.70705,11.65927,0,68,204,4,FISKE PLATS,DK,47,0,STELLA NOVA,2,156348,9,25,5,0,43,1,2016-12-19T01:53:05.000Z,gothenborg,2016-12-19T00:00:00.000Z,51,Fishing,gothenborg,1
57.70705,11.65926,0,355,205,2,FISKE PLATS,DK,47,0,STELLA NOVA,2,156348,9,25,5,0,43,1,2016-12-19T01:55:05.000Z,gothenborg,2016-12-19T00:00:00.000Z,51,Fishing,gothenborg,1
57.70705,11.65926,0,355,205,4,FISKE PLATS,DK,47,0,STELLA NOVA,2,156348,9,25,5,0,43,1,2016-12-19T01:57:05.000Z,gothenborg,2016-12-19T00:00:00.000Z,51,Fishing,gothenborg,1
57.70705,11.65926,0,355,205,6,FISKE PLATS,DK,47,0,STELLA NOVA,2,156348,9,25,5,0,43,1,2016-12-19T01:59:05.000Z,gothenborg,2016-12-19T00:00:00.000Z,51,Fishing,gothenborg,1
57.70706,11.6593,0,269,205,2,FISKE PLATS,DK,47,0,STELLA NOVA,2,156348,9,25,5,0,43,1,2016-12-19T02:01:05.000Z,gothenborg,2016-12-19T00:00:00.000Z,51,Fishing,gothenborg,1
57.70706,11.6593,0,269,205,5,FISKE PLATS,DK,47,0,STELLA NOVA,2,156348,9,25,5,0,43,1,2016-12-19T02:03:05.000Z,gothenborg,2016-12-19T00:00:00.000Z,51,Fishing,gothenborg,1
57.70706,11.6593,0,269,205,5,FISKE PLATS,DK,47,0,STELLA NOVA,2,156348,9,25,5,0,43,1,2016-12-19T02:05:05.000Z,gothenborg,2016-12-19T00:00:00.000Z,51,Fishing,gothenborg,1
57.70707,11.65928,0,326,205,5,FISKE PLATS,DK,47,0,STELLA NOVA,2,156348,9,25,5,0,43,1,2016-12-19T02:07:05.000Z,gothenborg,2016-12-19T00:00:00.000Z,51,Fishing,gothenborg,1
57.70707,11.6593,0,343,205,3,FISKE PLATS,DK,47,0,STELLA NOVA,2,156348,9,25,5,0,43,1,2016-12-19T02:09:05.000Z,gothenborg,2016-12-19T00:00:00.000Z,51,Fishing,gothenborg,1
57.70707,11.6593,0,343,205,5,FISKE PLATS,DK,47,0,STELLA NOVA,2,156348,9,25,5,0,43,1,2016-12-19T02:11:05.000Z,gothenborg,2016-12-19T00:00:00.000Z,51,Fishing,gothenborg,1
57.70708,11.65928,0,1,205,3,FISKE PLATS,DK,47,0,STELLA NOVA,2,156348,9,25,5,0,43,1,2016-12-19T02:13:05.000Z,gothenborg,2016-12-19T00:00:00.000Z,51,Fishing,gothenborg,1
57.70708,11.65928,0,1,205,5,FISKE PLATS,DK,47,0,STELLA NOVA,2,156348,9,25,5,0,43,1,2016-12-19T02:15:09.000Z,gothenborg,2016-12-19T00:00:00.000Z,51,Fishing,gothenborg,1
57.70707,11.65928,0,13,205,3,FISKE PLATS,DK,47,0,STELLA NOVA,2,156348,9,25,5,0,43,1,2016-12-19T02:17:05.000Z,gothenborg,2016-12-19T00:00:00.000Z,51,Fishing,gothenborg,1
57.70707,11.65928,0,13,205,5,FISKE PLATS,DK,47,0,STELLA NOVA,2,156348,9,25,5,0,43,1,2016-12-19T02:19:05.000Z,gothenborg,2016-12-19T00:00:00.000Z,51,Fishing,gothenborg,1
57.70707,11.6593,0,246,205,3,FISKE PLATS,DK,47,0,STELLA NOVA,2,156348,9,25,5,0,43,1,2016-12-19T02:21:05.000Z,gothenborg,2016-12-19T00:00:00.000Z,51,Fishing,gothenborg,1
57.70707,11.6593,0,246,205,5,FISKE PLATS,DK,47,0,STELLA NOVA,2,156348,9,25,5,0,43,1,2016-12-19T02:23:05.000Z,gothenborg,2016-12-19T00:00:00.000Z,51,Fishing,gothenborg,1
57.70704,11.65925,0,301,206,3,FISKE PLATS,DK,47,0,STELLA NOVA,2,156348,9,25,5,0,43,1,2016-12-19T02:25:05.000Z,gothenborg,2016-12-19T00:00:00.000Z,51,Fishing,gothenborg,1
57.70706,11.65927,0,347,205,2,FISKE PLATS,DK,47,0,STELLA NOVA,2,156348,9,25,5,0,43,1,2016-12-19T02:27:05.000Z,gothenborg,2016-12-19T00:00:00.000Z,51,Fishing,gothenborg,1
57.70706,11.65927,0,347,205,2,FISKE PLATS,DK,47,0,STELLA NOVA,2,156348,9,25,5,0,43,1,2016-12-19T02:29:04.000Z,gothenborg,2016-12-19T00:00:00.000Z,51,Fishing,gothenborg,1
57.70705,11.65926,0,279,205,2,FISKE PLATS,DK,47,0,STELLA NOVA,2,156348,9,25,5,0,43,1,2016-12-19T02:31:05.000Z,gothenborg,2016-12-19T00:00:00.000Z,51,Fishing,gothenborg,1
57.70705,11.65926,0,279,205,4,FISKE PLATS,DK,47,0,STELLA NOVA,2,156348,9,25,5,0,43,1,2016-12-19T02:33:05.000Z,gothenborg,2016-12-19T00:00:00.000Z,51,Fishing,gothenborg,1
57.70705,11.65928,0,0,206,3,FISKE PLATS,DK,47,0,STELLA NOVA,2,156348,9,25,5,0,43,1,2016-12-19T02:35:06.000Z,gothenborg,2016-12-19T00:00:00.000Z,51,Fishing,gothenborg,1
57.70707,11.65928,0,332,205,2,FISKE PLATS,DK,47,0,STELLA NOVA,2,156348,9,25,5,0,43,1,2016-12-19T02:37:05.000Z,gothenborg,2016-12-19T00:00:00.000Z,51,Fishing,gothenborg,1
57.70707,11.65928,0,332,205,4,FISKE PLATS,DK,47,0,STELLA NOVA,2,156348,9,25,5,0,43,1,2016-12-19T02:39:05.000Z,gothenborg,2016-12-19T00:00:00.000Z,51,Fishing,gothenborg,1
57.70704,11.65923,0,357,205,2,FISKE PLATS,DK,47,0,STELLA NOVA,2,156348,9,25,5,0,43,1,2016-12-19T02:41:05.000Z,gothenborg,2016-12-19T00:00:00.000Z,51,Fishing,gothenborg,1
57.70704,11.65923,0,357,205,4,FISKE PLATS,DK,47,0,STELLA NOVA,2,156348,9,25,5,0,43,1,2016-12-19T02:43:04.000Z,gothenborg,2016-12-19T00:00:00.000Z,51,Fishing,gothenborg,1
57.70707,11.65924,0,51,204,3,FISKE PLATS,DK,47,0,STELLA NOVA,2,156348,9,25,5,0,43,1,2016-12-19T02:45:05.000Z,gothenborg,2016-12-19T00:00:00.000Z,51,Fishing,gothenborg,1
57.70708,11.65927,0,347,205,2,FISKE PLATS,DK,47,0,STELLA NOVA,2,156348,9,25,5,0,43,1,2016-12-19T02:47:05.000Z,gothenborg,2016-12-19T00:00:00.000Z,51,Fishing,gothenborg,1
57.70708,11.65927,0,347,205,4,FISKE PLATS,DK,47,0,STELLA NOVA,2,156348,9,25,5,0,43,1,2016-12-19T02:49:05.000Z,gothenborg,2016-12-19T00:00:00.000Z,51,Fishing,gothenborg,1
57.70707,11.65926,0,355,204,1,FISKE PLATS,DK,47,0,STELLA NOVA,2,156348,9,25,5,0,43,1,2016-12-19T02:51:06.000Z,gothenborg,2016-12-19T00:00:00.000Z,51,Fishing,gothenborg,1
57.70707,11.65926,0,355,204,4,FISKE PLATS,DK,47,0,STELLA NOVA,2,156348,9,25,5,0,43,1,2016-12-19T02:53:05.000Z,gothenborg,2016-12-19T00:00:00.000Z,51,Fishing,gothenborg,1
57.70708,11.65926,0,228,205,3,FISKE PLATS,DK,47,0,STELLA NOVA,2,156348,9,25,5,0,43,1,2016-12-19T02:55:04.000Z,gothenborg,2016-12-19T00:00:00.000Z,51,Fishing,gothenborg,1
57.70708,11.65926,0,228,205,5,FISKE PLATS,DK,47,0,STELLA NOVA,2,156348,9,25,5,0,43,1,2016-12-19T02:57:06.000Z,gothenborg,2016-12-19T00:00:00.000Z,51,Fishing,gothenborg,1
57.70708,11.65929,0,238,205,3,FISKE PLATS,DK,47,0,STELLA NOVA,2,156348,9,25,5,0,43,1,2016-12-19T02:59:05.000Z,gothenborg,2016-12-19T00:00:00.000Z,51,Fishing,gothenborg,1
57.70708,11.65929,0,238,205,4,FISKE PLATS,DK,47,0,STELLA NOVA,2,156348,9,25,5,0,43,1,2016-12-19T03:01:05.000Z,gothenborg,2016-12-19T00:00:00.000Z,51,Fishing,gothenborg,1
57.70709,11.65929,0,232,205,2,FISKE PLATS,DK,47,0,STELLA NOVA,2,156348,9,25,5,0,43,1,2016-12-19T03:03:05.000Z,gothenborg,2016-12-19T00:00:00.000Z,51,Fishing,gothenborg,1
57.70709,11.65929,0,232,205,5,FISKE PLATS,DK,47,0,STELLA NOVA,2,156348,9,25,5,0,43,1,2016-12-19T03:05:05.000Z,gothenborg,2016-12-19T00:00:00.000Z,51,Fishing,gothenborg,1
57.70705,11.65928,0,232,205,2,FISKE PLATS,DK,47,0,STELLA NOVA,2,156348,9,25,5,0,43,1,2016-12-19T03:07:05.000Z,gothenborg,2016-12-19T00:00:00.000Z,51,Fishing,gothenborg,1
57.70705,11.65928,0,232,205,4,FISKE PLATS,DK,47,0,STELLA NOVA,2,156348,9,25,5,0,43,1,2016-12-19T03:09:05.000Z,gothenborg,2016-12-19T00:00:00.000Z,51,Fishing,gothenborg,1
57.70704,11.65928,0,234,204,2,FISKE PLATS,DK,47,0,STELLA NOVA,2,156348,9,25,5,0,43,1,2016-12-19T03:11:06.000Z,gothenborg,2016-12-19T00:00:00.000Z,51,Fishing,gothenborg,1
57.70704,11.65928,0,234,204,4,FISKE PLATS,DK,47,0,STELLA NOVA,2,156348,9,25,5,0,43,1,2016-12-19T03:13:07.000Z,gothenborg,2016-12-19T00:00:00.000Z,51,Fishing,gothenborg,1
57.70707,11.65927,0,217,204,3,FISKE PLATS,DK,47,0,STELLA NOVA,2,156348,9,25,5,0,43,1,2016-12-19T03:15:05.000Z,gothenborg,2016-12-19T00:00:00.000Z,51,Fishing,gothenborg,1
57.70707,11.65927,0,217,204,5,FISKE PLATS,DK,47,0,STELLA NOVA,2,156348,9,25,5,0,43,1,2016-12-19T03:17:05.000Z,gothenborg,2016-12-19T00:00:00.000Z,51,Fishing,gothenborg,1
57.70705,11.65928,0,233,205,3,FISKE PLATS,DK,47,0,STELLA NOVA,2,156348,9,25,5,0,43,1,2016-12-19T03:19:05.000Z,gothenborg,2016-12-19T00:00:00.000Z,51,Fishing,gothenborg,1
57.70705,11.65928,0,233,205,5,FISKE PLATS,DK,47,0,STELLA NOVA,2,156348,9,25,5,0,43,1,2016-12-19T03:21:05.000Z,gothenborg,2016-12-19T00:00:00.000Z,51,Fishing,gothenborg,1
57.70705,11.65926,0,222,205,1,FISKE PLATS,DK,47,0,STELLA NOVA,2,156348,9,25,5,0,43,1,2016-12-19T03:23:05.000Z,gothenborg,2016-12-19T00:00:00.000Z,51,Fishing,gothenborg,1
57.70705,11.65926,0,222,205,5,FISKE PLATS,DK,47,0,STELLA NOVA,2,156348,9,25,5,0,43,1,2016-12-19T03:25:06.000Z,gothenborg,2016-12-19T00:00:00.000Z,51,Fishing,gothenborg,1
57.70706,11.65926,0,207,204,3,FISKE PLATS,DK,47,0,STELLA NOVA,2,156348,9,25,5,0,43,1,2016-12-19T03:27:05.000Z,gothenborg,2016-12-19T00:00:00.000Z,51,Fishing,gothenborg,1
57.70706,11.65926,0,207,204,5,FISKE PLATS,DK,47,0,STELLA NOVA,2,156348,9,25,5,0,43,1,2016-12-19T03:29:04.000Z,gothenborg,2016-12-19T00:00:00.000Z,51,Fishing,gothenborg,1
57.70707,11.65928,0,246,205,2,FISKE PLATS,DK,47,0,STELLA NOVA,2,156348,9,25,5,0,43,1,2016-12-19T03:31:05.000Z,gothenborg,2016-12-19T00:00:00.000Z,51,Fishing,gothenborg,1
57.70707,11.65928,0,246,205,5,FISKE PLATS,DK,47,0,STELLA NOVA,2,156348,9,25,5,0,43,1,2016-12-19T03:33:05.000Z,gothenborg,2016-12-19T00:00:00.000Z,51,Fishing,gothenborg,1
57.70705,11.65927,0,291,205,3,FISKE PLATS,DK,47,0,STELLA NOVA,2,156348,9,25,5,0,43,1,2016-12-19T03:35:05.000Z,gothenborg,2016-12-19T00:00:00.000Z,51,Fishing,gothenborg,1
57.70705,11.65927,0,291,205,5,FISKE PLATS,DK,47,0,STELLA NOVA,2,156348,9,25,5,0,43,1,2016-12-19T03:37:05.000Z,gothenborg,2016-12-19T00:00:00.000Z,51,Fishing,gothenborg,1
57.70705,11.65926,0,276,205,3,FISKE PLATS,DK,47,0,STELLA NOVA,2,156348,9,25,5,0,43,1,2016-12-19T03:39:05.000Z,gothenborg,2016-12-19T00:00:00.000Z,51,Fishing,gothenborg,1
57.70705,11.65926,0,276,205,5,FISKE PLATS,DK,47,0,STELLA NOVA,2,156348,9,25,5,0,43,1,2016-12-19T03:41:05.000Z,gothenborg,2016-12-19T00:00:00.000Z,51,Fishing,gothenborg,1
57.70704,11.65928,0,277,205,3,FISKE PLATS,DK,47,0,STELLA NOVA,2,156348,9,25,5,0,43,1,2016-12-19T03:43:05.000Z,gothenborg,2016-12-19T00:00:00.000Z,51,Fishing,gothenborg,1
57.70704,11.65928,0,277,205,5,FISKE PLATS,DK,47,0,STELLA NOVA,2,156348,9,25,5,0,43,1,2016-12-19T03:45:05.000Z,gothenborg,2016-12-19T00:00:00.000Z,51,Fishing,gothenborg,1
57.70705,11.65928,0,270,205,3,FISKE PLATS,DK,47,0,STELLA NOVA,2,156348,9,25,5,0,43,1,2016-12-19T03:47:05.000Z,gothenborg,2016-12-19T00:00:00.000Z,51,Fishing,gothenborg,1
57.70705,11.65928,0,308,205,2,FISKE PLATS,DK,47,0,STELLA NOVA,2,156348,9,25,5,0,43,1,2016-12-19T03:49:05.000Z,gothenborg,2016-12-19T00:00:00.000Z,51,Fishing,gothenborg,1
57.70705,11.65928,0,308,205,4,FISKE PLATS,DK,47,0,STELLA NOVA,2,156348,9,25,5,0,43,1,2016-12-19T03:51:05.000Z,gothenborg,2016-12-19T00:00:00.000Z,51,Fishing,gothenborg,1
57.70705,11.6593,0,348,205,2,FISKE PLATS,DK,47,0,STELLA NOVA,2,156348,9,25,5,0,43,1,2016-12-19T03:53:05.000Z,gothenborg,2016-12-19T00:00:00.000Z,51,Fishing,gothenborg,1
57.70705,11.6593,0,348,205,4,FISKE PLATS,DK,47,0,STELLA NOVA,2,156348,9,25,5,0,43,1,2016-12-19T03:55:06.000Z,gothenborg,2016-12-19T00:00:00.000Z,51,Fishing,gothenborg,1
57.70706,11.65931,0,11,206,2,FISKE PLATS,DK,47,0,STELLA NOVA,2,156348,9,25,5,0,43,1,2016-12-19T03:57:05.000Z,gothenborg,2016-12-19T00:00:00.000Z,51,Fishing,gothenborg,1
57.70706,11.65931,0,11,206,4,FISKE PLATS,DK,47,0,STELLA NOVA,2,156348,9,25,5,0,43,1,2016-12-19T03:59:04.000Z,gothenborg,2016-12-19T00:00:00.000Z,51,Fishing,gothenborg,1
57.70706,11.6593,0,194,206,2,FISKE PLATS,DK,47,0,STELLA NOVA,2,156348,9,25,5,0,43,1,2016-12-19T04:01:05.000Z,gothenborg,2016-12-19T00:00:00.000Z,51,Fishing,gothenborg,1
57.70706,11.6593,0,194,206,4,FISKE PLATS,DK,47,0,STELLA NOVA,2,156348,9,25,5,0,43,1,2016-12-19T04:03:05.000Z,gothenborg,2016-12-19T00:00:00.000Z,51,Fishing,gothenborg,1
57.70706,11.65927,0,236,205,2,FISKE PLATS,DK,47,0,STELLA NOVA,2,156348,9,25,5,0,43,1,2016-12-19T04:05:05.000Z,gothenborg,2016-12-19T00:00:00.000Z,51,Fishing,gothenborg,1
57.70706,11.65927,0,236,205,4,FISKE PLATS,DK,47,0,STELLA NOVA,2,156348,9,25,5,0,43,1,2016-12-19T04:07:05.000Z,gothenborg,2016-12-19T00:00:00.000Z,51,Fishing,gothenborg,1
57.70705,11.65928,0,277,205,3,FISKE PLATS,DK,47,0,STELLA NOVA,2,156348,9,25,5,0,43,1,2016-12-19T04:09:05.000Z,gothenborg,2016-12-19T00:00:00.000Z,51,Fishing,gothenborg,1
57.70705,11.65928,0,277,205,5,FISKE PLATS,DK,47,0,STELLA NOVA,2,156348,9,25,5,0,43,1,2016-12-19T04:11:05.000Z,gothenborg,2016-12-19T00:00:00.000Z,51,Fishing,gothenborg,1
57.70705,11.65927,0,322,205,3,FISKE PLATS,DK,47,0,STELLA NOVA,2,156348,9,25,5,0,43,1,2016-12-19T04:13:05.000Z,gothenborg,2016-12-19T00:00:00.000Z,51,Fishing,gothenborg,1
57.70705,11.65927,0,322,205,3,FISKE PLATS,DK,47,0,STELLA NOVA,2,156348,9,25,5,0,43,1,2016-12-19T04:15:05.000Z,gothenborg,2016-12-19T00:00:00.000Z,51,Fishing,gothenborg,1
57.70705,11.65928,0,71,206,4,FISKE PLATS,DK,47,0,STELLA NOVA,2,156348,9,25,5,0,43,1,2016-12-19T04:17:05.000Z,gothenborg,2016-12-19T00:00:00.000Z,51,Fishing,gothenborg,1
57.70705,11.65927,0,325,206,3,FISKE PLATS,DK,47,0,STELLA NOVA,2,156348,9,25,5,0,43,1,2016-12-19T04:19:05.000Z,gothenborg,2016-12-19T00:00:00.000Z,51,Fishing,gothenborg,1
57.70705,11.65928,0,25,205,2,FISKE PLATS,DK,47,0,STELLA NOVA,2,156348,9,25,5,0,43,1,2016-12-19T04:21:05.000Z,gothenborg,2016-12-19T00:00:00.000Z,51,Fishing,gothenborg,1
57.70705,11.65928,0,25,205,4,FISKE PLATS,DK,47,0,STELLA NOVA,2,156348,9,25,5,0,43,1,2016-12-19T04:23:05.000Z,gothenborg,2016-12-19T00:00:00.000Z,51,Fishing,gothenborg,1
57.70705,11.65928,0,25,205,4,FISKE PLATS,DK,47,0,STELLA NOVA,2,156348,9,25,5,0,43,1,2016-12-19T04:25:06.000Z,gothenborg,2016-12-19T00:00:00.000Z,51,Fishing,gothenborg,1
57.70705,11.65926,0,346,206,4,FISKE PLATS,DK,47,0,STELLA NOVA,2,156348,9,25,5,0,43,1,2016-12-19T04:27:05.000Z,gothenborg,2016-12-19T00:00:00.000Z,51,Fishing,gothenborg,1
57.70705,11.65926,0,346,206,6,FISKE PLATS,DK,47,0,STELLA NOVA,2,156348,9,25,5,0,43,1,2016-12-19T04:29:05.000Z,gothenborg,2016-12-19T00:00:00.000Z,51,Fishing,gothenborg,1
57.70706,11.6593,0,348,206,3,FISKE PLATS,DK,47,0,STELLA NOVA,2,156348,9,25,5,0,43,1,2016-12-19T04:31:05.000Z,gothenborg,2016-12-19T00:00:00.000Z,51,Fishing,gothenborg,1
57.70706,11.6593,0,348,206,5,FISKE PLATS,DK,47,0,STELLA NOVA,2,156348,9,25,5,0,43,1,2016-12-19T04:33:05.000Z,gothenborg,2016-12-19T00:00:00.000Z,51,Fishing,gothenborg,1
57.70705,11.6593,0,286,205,3,FISKE PLATS,DK,47,0,STELLA NOVA,2,156348,9,25,5,0,43,1,2016-12-19T04:35:05.000Z,gothenborg,2016-12-19T00:00:00.000Z,51,Fishing,gothenborg,1
57.70705,11.6593,0,286,205,5,FISKE PLATS,DK,47,0,STELLA NOVA,2,156348,9,25,5,0,43,1,2016-12-19T04:37:05.000Z,gothenborg,2016-12-19T00:00:00.000Z,51,Fishing,gothenborg,1
57.70705,11.6593,0,358,205,3,FISKE PLATS,DK,47,0,STELLA NOVA,2,156348,9,25,5,0,43,1,2016-12-19T04:39:05.000Z,gothenborg,2016-12-19T00:00:00.000Z,51,Fishing,gothenborg,1
57.70705,11.6593,0,358,205,5,FISKE PLATS,DK,47,0,STELLA NOVA,2,156348,9,25,5,0,43,1,2016-12-19T04:41:05.000Z,gothenborg,2016-12-19T00:00:00.000Z,51,Fishing,gothenborg,1
57.70707,11.65927,0,207,206,3,FISKE PLATS,DK,47,0,STELLA NOVA,2,156348,9,25,5,0,43,1,2016-12-19T04:43:05.000Z,gothenborg,2016-12-19T00:00:00.000Z,51,Fishing,gothenborg,1
57.70705,11.6593,0,303,205,2,FISKE PLATS,DK,47,0,STELLA NOVA,2,156348,9,25,5,0,43,1,2016-12-19T04:45:05.000Z,gothenborg,2016-12-19T00:00:00.000Z,51,Fishing,gothenborg,1
57.70705,11.6593,0,303,205,4,FISKE PLATS,DK,47,0,STELLA NOVA,2,156348,9,25,5,0,43,1,2016-12-19T04:47:05.000Z,gothenborg,2016-12-19T00:00:00.000Z,51,Fishing,gothenborg,1
57.70707,11.65928,0,260,206,3,FISKE PLATS,DK,47,0,STELLA NOVA,2,156348,9,25,5,0,43,1,2016-12-19T04:49:05.000Z,gothenborg,2016-12-19T00:00:00.000Z,51,Fishing,gothenborg,1
57.70705,11.65929,0,312,206,2,FISKE PLATS,DK,47,0,STELLA NOVA,2,156348,9,25,5,0,43,1,2016-12-19T04:51:05.000Z,gothenborg,2016-12-19T00:00:00.000Z,51,Fishing,gothenborg,1
57.70705,11.65929,0,312,206,4,FISKE PLATS,DK,47,0,STELLA NOVA,2,156348,9,25,5,0,43,1,2016-12-19T04:53:05.000Z,gothenborg,2016-12-19T00:00:00.000Z,51,Fishing,gothenborg,1
57.70706,11.65929,0,314,206,2,FISKE PLATS,DK,47,0,STELLA NOVA,2,156348,9,25,5,0,43,1,2016-12-19T04:55:06.000Z,gothenborg,2016-12-19T00:00:00.000Z,51,Fishing,gothenborg,1
57.70706,11.65929,0,314,206,4,FISKE PLATS,DK,47,0,STELLA NOVA,2,156348,9,25,5,0,43,1,2016-12-19T04:57:05.000Z,gothenborg,2016-12-19T00:00:00.000Z,51,Fishing,gothenborg,1
57.70705,11.65928,0,280,206,2,FISKE PLATS,DK,47,0,STELLA NOVA,2,156348,9,25,5,0,43,1,2016-12-19T04:59:05.000Z,gothenborg,2016-12-19T00:00:00.000Z,51,Fishing,gothenborg,1
57.70705,11.65928,0,280,206,4,FISKE PLATS,DK,47,0,STELLA NOVA,2,156348,9,25,5,0,43,1,2016-12-19T05:01:05.000Z,gothenborg,2016-12-19T00:00:00.000Z,51,Fishing,gothenborg,1
57.70707,11.65933,0,305,206,2,FISKE PLATS,DK,47,0,STELLA NOVA,2,156348,9,25,5,0,43,1,2016-12-19T05:03:05.000Z,gothenborg,2016-12-19T00:00:00.000Z,51,Fishing,gothenborg,1
57.70707,11.65933,0,305,206,4,FISKE PLATS,DK,47,0,STELLA NOVA,2,156348,9,25,5,0,43,1,2016-12-19T05:05:05.000Z,gothenborg,2016-12-19T00:00:00.000Z,51,Fishing,gothenborg,1
57.70707,11.65933,0,305,206,4,FISKE PLATS,DK,47,0,STELLA NOVA,2,156348,9,25,5,0,43,1,2016-12-19T05:07:04.000Z,gothenborg,2016-12-19T00:00:00.000Z,51,Fishing,gothenborg,1
57.70707,11.65929,0,348,205,2,FISKE PLATS,DK,47,0,STELLA NOVA,2,156348,9,25,5,0,43,1,2016-12-19T05:09:05.000Z,gothenborg,2016-12-19T00:00:00.000Z,51,Fishing,gothenborg,1
57.70707,11.65929,0,348,205,4,FISKE PLATS,DK,47,0,STELLA NOVA,2,156348,9,25,5,0,43,1,2016-12-19T05:11:05.000Z,gothenborg,2016-12-19T00:00:00.000Z,51,Fishing,gothenborg,1
57.70707,11.65932,0,304,205,2,FISKE PLATS,DK,47,0,STELLA NOVA,2,156348,9,25,5,0,43,1,2016-12-19T05:13:06.000Z,gothenborg,2016-12-19T00:00:00.000Z,51,Fishing,gothenborg,1
57.70707,11.65932,0,304,205,2,FISKE PLATS,DK,47,0,STELLA NOVA,2,156348,9,25,5,0,43,1,2016-12-19T05:15:05.000Z,gothenborg,2016-12-19T00:00:00.000Z,51,Fishing,gothenborg,1
57.70707,11.65932,0,304,205,6,FISKE PLATS,DK,47,0,STELLA NOVA,2,156348,9,25,5,0,43,1,2016-12-19T05:17:05.000Z,gothenborg,2016-12-19T00:00:00.000Z,51,Fishing,gothenborg,1
57.70705,11.65927,0,310,205,3,FISKE PLATS,DK,47,0,STELLA NOVA,2,156348,9,25,5,0,43,1,2016-12-19T05:19:05.000Z,gothenborg,2016-12-19T00:00:00.000Z,51,Fishing,gothenborg,1
57.70705,11.65929,0,191,205,1,FISKE PLATS,DK,47,0,STELLA NOVA,2,156348,9,25,5,0,43,1,2016-12-19T05:21:05.000Z,gothenborg,2016-12-19T00:00:00.000Z,51,Fishing,gothenborg,1
57.70705,11.65929,0,191,205,3,FISKE PLATS,DK,47,0,STELLA NOVA,2,156348,9,25,5,0,43,1,2016-12-19T05:23:05.000Z,gothenborg,2016-12-19T00:00:00.000Z,51,Fishing,gothenborg,1
57.70707,11.65929,0,255,205,2,FISKE PLATS,DK,47,0,STELLA NOVA,2,156348,9,25,5,0,43,1,2016-12-19T05:25:05.000Z,gothenborg,2016-12-19T00:00:00.000Z,51,Fishing,gothenborg,1
57.70707,11.65929,0,255,205,4,FISKE PLATS,DK,47,0,STELLA NOVA,2,156348,9,25,5,0,43,1,2016-12-19T05:27:05.000Z,gothenborg,2016-12-19T00:00:00.000Z,51,Fishing,gothenborg,1
57.70707,11.65929,0,39,205,3,FISKE PLATS,DK,47,0,STELLA NOVA,2,156348,9,25,5,0,43,1,2016-12-19T05:29:05.000Z,gothenborg,2016-12-19T00:00:00.000Z,51,Fishing,gothenborg,1
57.70707,11.65929,0,39,205,5,FISKE PLATS,DK,47,0,STELLA NOVA,2,156348,9,25,5,0,43,1,2016-12-19T05:31:05.000Z,gothenborg,2016-12-19T00:00:00.000Z,51,Fishing,gothenborg,1
57.70707,11.65927,0,225,206,3,FISKE PLATS,DK,47,0,STELLA NOVA,2,156348,9,25,5,0,43,1,2016-12-19T05:33:05.000Z,gothenborg,2016-12-19T00:00:00.000Z,51,Fishing,gothenborg,1
57.70707,11.65927,0,225,206,3,FISKE PLATS,DK,47,0,STELLA NOVA,2,156348,9,25,5,0,43,1,2016-12-19T05:35:05.000Z,gothenborg,2016-12-19T00:00:00.000Z,51,Fishing,gothenborg,1
57.70706,11.65928,0,250,205,3,FISKE PLATS,DK,47,0,STELLA NOVA,2,156348,9,25,5,0,43,1,2016-12-19T05:37:05.000Z,gothenborg,2016-12-19T00:00:00.000Z,51,Fishing,gothenborg,1
57.70706,11.65928,0,250,205,5,FISKE PLATS,DK,47,0,STELLA NOVA,2,156348,9,25,5,0,43,1,2016-12-19T05:39:05.000Z,gothenborg,2016-12-19T00:00:00.000Z,51,Fishing,gothenborg,1
57.70707,11.65927,0,279,205,3,FISKE PLATS,DK,47,0,STELLA NOVA,2,156348,9,25,5,0,43,1,2016-12-19T05:41:05.000Z,gothenborg,2016-12-19T00:00:00.000Z,51,Fishing,gothenborg,1
57.70707,11.65927,0,279,205,5,FISKE PLATS,DK,47,0,STELLA NOVA,2,156348,9,25,5,0,43,1,2016-12-19T05:43:05.000Z,gothenborg,2016-12-19T00:00:00.000Z,51,Fishing,gothenborg,1
57.70707,11.65932,0,302,205,3,FISKE PLATS,DK,47,0,STELLA NOVA,2,156348,9,25,5,0,43,1,2016-12-19T05:45:06.000Z,gothenborg,2016-12-19T00:00:00.000Z,51,Fishing,gothenborg,1
57.70707,11.65932,0,302,205,5,FISKE PLATS,DK,47,0,STELLA NOVA,2,156348,9,25,5,0,43,1,2016-12-19T05:47:05.000Z,gothenborg,2016-12-19T00:00:00.000Z,51,Fishing,gothenborg,1
57.70705,11.65924,0,277,205,2,FISKE PLATS,DK,47,0,STELLA NOVA,2,156348,9,25,5,0,43,1,2016-12-19T05:49:05.000Z,gothenborg,2016-12-19T00:00:00.000Z,51,Fishing,gothenborg,1
57.70705,11.65924,0,277,205,4,FISKE PLATS,DK,47,0,STELLA NOVA,2,156348,9,25,5,0,43,0,2016-12-19T05:51:05.000Z,gothenborg,2016-12-19T00:00:00.000Z,51,Fishing,gothenborg,1
57.70705,11.65926,0,280,205,2,FISKE PLATS,DK,47,0,STELLA NOVA,2,156348,9,25,5,0,43,0,2016-12-19T05:53:04.000Z,gothenborg,2016-12-19T00:00:00.000Z,51,Fishing,gothenborg,1
57.70705,11.65926,0,280,205,4,FISKE PLATS,DK,47,0,STELLA NOVA,2,156348,9,25,5,0,43,0,2016-12-19T05:55:05.000Z,gothenborg,2016-12-19T00:00:00.000Z,51,Fishing,gothenborg,1
57.70705,11.65927,0,278,205,3,FISKE PLATS,DK,47,0,STELLA NOVA,2,156348,9,25,5,0,43,1,2016-12-19T05:57:05.000Z,gothenborg,2016-12-19T00:00:00.000Z,51,Fishing,gothenborg,1
57.70704,11.65928,0,233,205,2,FISKE PLATS,DK,47,0,STELLA NOVA,2,156348,9,25,5,0,43,1,2016-12-19T05:59:06.000Z,gothenborg,2016-12-19T00:00:00.000Z,51,Fishing,gothenborg,1
57.70704,11.65928,0,233,205,4,FISKE PLATS,DK,47,0,STELLA NOVA,2,156348,9,25,5,0,43,1,2016-12-19T06:01:06.000Z,gothenborg,2016-12-19T00:00:00.000Z,51,Fishing,gothenborg,1
57.70704,11.65928,0,233,205,6,FISKE PLATS,DK,47,0,STELLA NOVA,2,156348,9,25,5,0,43,1,2016-12-19T06:03:05.000Z,gothenborg,2016-12-19T00:00:00.000Z,51,Fishing,gothenborg,1
57.70704,11.65928,0,233,205,6,FISKE PLATS,DK,47,0,STELLA NOVA,2,156348,9,25,5,0,43,1,2016-12-19T06:05:05.000Z,gothenborg,2016-12-19T00:00:00.000Z,51,Fishing,gothenborg,1
57.70705,11.65926,0,274,206,5,FISKE PLATS,DK,47,0,STELLA NOVA,2,156348,9,25,5,0,43,1,2016-12-19T06:07:05.000Z,gothenborg,2016-12-19T00:00:00.000Z,51,Fishing,gothenborg,1
57.70707,11.65926,0,233,205,3,FISKE PLATS,DK,47,0,STELLA NOVA,2,156348,9,25,5,0,43,1,2016-12-19T06:09:06.000Z,gothenborg,2016-12-19T00:00:00.000Z,51,Fishing,gothenborg,1
57.70704,11.65925,0,269,205,2,FISKE PLATS,DK,47,0,STELLA NOVA,2,156348,9,25,5,0,43,1,2016-12-19T06:11:05.000Z,gothenborg,2016-12-19T00:00:00.000Z,51,Fishing,gothenborg,1
57.70704,11.65925,0,269,205,4,FISKE PLATS,DK,47,0,STELLA NOVA,2,156348,9,25,5,0,43,1,2016-12-19T06:13:06.000Z,gothenborg,2016-12-19T00:00:00.000Z,51,Fishing,gothenborg,1
57.70707,11.65927,0,321,205,3,FISKE PLATS,DK,47,0,STELLA NOVA,2,156348,9,25,5,0,43,1,2016-12-19T06:15:06.000Z,gothenborg,2016-12-19T00:00:00.000Z,51,Fishing,gothenborg,1
57.70707,11.65927,0,321,205,5,FISKE PLATS,DK,47,0,STELLA NOVA,2,156348,9,25,5,0,43,1,2016-12-19T06:17:05.000Z,gothenborg,2016-12-19T00:00:00.000Z,51,Fishing,gothenborg,1
57.70707,11.65924,0,213,205,3,FISKE PLATS,DK,47,0,STELLA NOVA,2,156348,9,25,5,0,43,1,2016-12-19T06:19:05.000Z,gothenborg,2016-12-19T00:00:00.000Z,51,Fishing,gothenborg,1
57.70707,11.65924,0,213,205,5,FISKE PLATS,DK,47,0,STELLA NOVA,2,156348,9,25,5,0,43,1,2016-12-19T06:21:07.000Z,gothenborg,2016-12-19T00:00:00.000Z,51,Fishing,gothenborg,1
57.7071,11.65932,0,235,205,3,FISKE PLATS,DK,47,0,STELLA NOVA,2,156348,9,25,5,0,43,1,2016-12-19T06:23:06.000Z,gothenborg,2016-12-19T00:00:00.000Z,51,Fishing,gothenborg,1
57.7071,11.65932,0,235,205,5,FISKE PLATS,DK,47,0,STELLA NOVA,2,156348,9,25,5,0,43,1,2016-12-19T06:25:07.000Z,gothenborg,2016-12-19T00:00:00.000Z,51,Fishing,gothenborg,1
57.70708,11.65929,0,236,205,2,FISKE PLATS,DK,47,0,STELLA NOVA,2,156348,9,25,5,0,43,1,2016-12-19T06:27:05.000Z,gothenborg,2016-12-19T00:00:00.000Z,51,Fishing,gothenborg,1
57.70708,11.65929,0,236,205,4,FISKE PLATS,DK,47,0,STELLA NOVA,2,156348,9,25,5,0,43,1,2016-12-19T06:29:06.000Z,gothenborg,2016-12-19T00:00:00.000Z,51,Fishing,gothenborg,1
57.70706,11.65928,0,225,205,2,FISKE PLATS,DK,47,0,STELLA NOVA,2,156348,9,25,5,0,43,1,2016-12-19T06:31:06.000Z,gothenborg,2016-12-19T00:00:00.000Z,51,Fishing,gothenborg,1
57.70706,11.65928,0,225,205,4,FISKE PLATS,DK,47,0,STELLA NOVA,2,156348,9,25,5,0,43,1,2016-12-19T06:33:06.000Z,gothenborg,2016-12-19T00:00:00.000Z,51,Fishing,gothenborg,1
57.70705,11.65926,0,270,205,3,FISKE PLATS,DK,47,0,STELLA NOVA,2,156348,9,25,5,0,43,1,2016-12-19T06:35:06.000Z,gothenborg,2016-12-19T00:00:00.000Z,51,Fishing,gothenborg,1
57.70705,11.65926,0,254,205,2,FISKE PLATS,DK,47,0,STELLA NOVA,2,156348,9,25,5,0,43,1,2016-12-19T06:37:05.000Z,gothenborg,2016-12-19T00:00:00.000Z,51,Fishing,gothenborg,1
57.70705,11.65926,0,254,205,4,FISKE PLATS,DK,47,0,STELLA NOVA,2,156348,9,25,5,0,43,1,2016-12-19T06:39:05.000Z,gothenborg,2016-12-19T00:00:00.000Z,51,Fishing,gothenborg,1
57.70704,11.65921,0,263,205,2,FISKE PLATS,DK,47,0,STELLA NOVA,2,156348,9,25,5,0,43,1,2016-12-19T06:41:06.000Z,gothenborg,2016-12-19T00:00:00.000Z,51,Fishing,gothenborg,1
57.70704,11.65921,0,263,205,3,FISKE PLATS,DK,47,0,STELLA NOVA,2,156348,9,25,5,0,43,1,2016-12-19T06:43:05.000Z,gothenborg,2016-12-19T00:00:00.000Z,51,Fishing,gothenborg,1
57.70704,11.65921,0,263,205,4,FISKE PLATS,DK,47,0,STELLA NOVA,2,156348,9,25,5,0,43,1,2016-12-19T06:45:05.000Z,gothenborg,2016-12-19T00:00:00.000Z,51,Fishing,gothenborg,1
57.70705,11.65925,0,242,206,4,FISKE PLATS,DK,47,0,STELLA NOVA,2,156348,9,25,5,0,43,1,2016-12-19T06:47:05.000Z,gothenborg,2016-12-19T00:00:00.000Z,51,Fishing,gothenborg,1
57.70705,11.65928,0,260,206,3,FISKE PLATS,DK,47,0,STELLA NOVA,2,156348,9,25,5,0,43,1,2016-12-19T06:49:05.000Z,gothenborg,2016-12-19T00:00:00.000Z,51,Fishing,gothenborg,1
57.70705,11.65928,0,260,206,5,FISKE PLATS,DK,47,0,STELLA NOVA,2,156348,9,25,5,0,43,1,2016-12-19T06:51:05.000Z,gothenborg,2016-12-19T00:00:00.000Z,51,Fishing,gothenborg,1
57.70708,11.65928,0,287,205,3,FISKE PLATS,DK,47,0,STELLA NOVA,2,156348,9,25,5,0,43,1,2016-12-19T06:53:07.000Z,gothenborg,2016-12-19T00:00:00.000Z,51,Fishing,gothenborg,1
57.70708,11.65928,0,287,205,5,FISKE PLATS,DK,47,0,STELLA NOVA,2,156348,9,25,5,0,43,1,2016-12-19T06:55:05.000Z,gothenborg,2016-12-19T00:00:00.000Z,51,Fishing,gothenborg,1
57.70707,11.65928,0,277,206,3,FISKE PLATS,DK,47,0,STELLA NOVA,2,156348,9,25,5,0,43,1,2016-12-19T06:57:05.000Z,gothenborg,2016-12-19T00:00:00.000Z,51,Fishing,gothenborg,1
57.70707,11.65928,0,277,206,5,FISKE PLATS,DK,47,0,STELLA NOVA,2,156348,9,25,5,0,43,1,2016-12-19T06:59:04.000Z,gothenborg,2016-12-19T00:00:00.000Z,51,Fishing,gothenborg,1
57.70707,11.65927,0,233,205,3,FISKE PLATS,DK,47,0,STELLA NOVA,2,156348,9,25,5,0,43,1,2016-12-19T07:01:07.000Z,gothenborg,2016-12-19T00:00:00.000Z,51,Fishing,gothenborg,1
57.70707,11.65927,0,233,205,5,FISKE PLATS,DK,47,0,STELLA NOVA,2,156348,9,25,5,0,43,1,2016-12-19T07:03:05.000Z,gothenborg,2016-12-19T00:00:00.000Z,51,Fishing,gothenborg,1
57.70709,11.65927,0,269,205,3,FISKE PLATS,DK,47,0,STELLA NOVA,2,156348,9,25,5,0,43,1,2016-12-19T07:05:05.000Z,gothenborg,2016-12-19T00:00:00.000Z,51,Fishing,gothenborg,1
57.70708,11.65929,0,244,205,2,FISKE PLATS,DK,47,0,STELLA NOVA,2,156348,9,25,5,0,43,1,2016-12-19T07:07:04.000Z,gothenborg,2016-12-19T00:00:00.000Z,51,Fishing,gothenborg,1
57.70708,11.65929,0,244,205,4,FISKE PLATS,DK,47,0,STELLA NOVA,2,156348,9,25,5,0,43,1,2016-12-19T07:09:05.000Z,gothenborg,2016-12-19T00:00:00.000Z,51,Fishing,gothenborg,1
57.70706,11.65928,0,287,205,2,FISKE PLATS,DK,47,0,STELLA NOVA,2,156348,9,25,5,0,43,1,2016-12-19T07:11:07.000Z,gothenborg,2016-12-19T00:00:00.000Z,51,Fishing,gothenborg,1
57.70706,11.65928,0,287,205,4,FISKE PLATS,DK,47,0,STELLA NOVA,2,156348,9,25,5,0,43,1,2016-12-19T07:13:06.000Z,gothenborg,2016-12-19T00:00:00.000Z,51,Fishing,gothenborg,1
57.70705,11.65927,0,273,205,2,FISKE PLATS,DK,47,0,STELLA NOVA,2,156348,9,25,5,0,43,1,2016-12-19T07:15:05.000Z,gothenborg,2016-12-19T00:00:00.000Z,51,Fishing,gothenborg,1
57.70705,11.65927,0,273,205,4,FISKE PLATS,DK,47,0,STELLA NOVA,2,156348,9,25,5,0,43,1,2016-12-19T07:17:05.000Z,gothenborg,2016-12-19T00:00:00.000Z,51,Fishing,gothenborg,1
57.70708,11.65929,0,256,206,3,FISKE PLATS,DK,47,0,STELLA NOVA,2,156348,9,25,5,0,43,1,2016-12-19T07:19:05.000Z,gothenborg,2016-12-19T00:00:00.000Z,51,Fishing,gothenborg,1
57.70705,11.65928,0,240,205,2,FISKE PLATS,DK,47,0,STELLA NOVA,2,156348,9,25,5,0,43,1,2016-12-19T07:21:05.000Z,gothenborg,2016-12-19T00:00:00.000Z,51,Fishing,gothenborg,1
57.70705,11.65928,0,240,205,4,FISKE PLATS,DK,47,0,STELLA NOVA,2,156348,9,25,5,0,43,1,2016-12-19T07:23:05.000Z,gothenborg,2016-12-19T00:00:00.000Z,51,Fishing,gothenborg,1
57.70705,11.65928,0,240,205,4,FISKE PLATS,DK,47,0,STELLA NOVA,2,156348,9,25,5,0,43,1,2016-12-19T07:25:05.000Z,gothenborg,2016-12-19T00:00:00.000Z,51,Fishing,gothenborg,1
57.70705,11.65924,0,274,206,4,FISKE PLATS,DK,47,0,STELLA NOVA,2,156348,9,25,5,0,43,1,2016-12-19T07:27:05.000Z,gothenborg,2016-12-19T00:00:00.000Z,51,Fishing,gothenborg,1
57.70707,11.65926,0,253,206,3,FISKE PLATS,DK,47,0,STELLA NOVA,2,156348,9,25,5,0,43,1,2016-12-19T07:29:05.000Z,gothenborg,2016-12-19T00:00:00.000Z,51,Fishing,gothenborg,1
57.70707,11.65926,0,253,206,4,FISKE PLATS,DK,47,0,STELLA NOVA,2,156348,9,25,5,0,43,1,2016-12-19T07:31:05.000Z,gothenborg,2016-12-19T00:00:00.000Z,51,Fishing,gothenborg,1
57.70707,11.65928,0,300,206,4,FISKE PLATS,DK,47,0,STELLA NOVA,2,156348,9,25,5,0,43,1,2016-12-19T07:33:06.000Z,gothenborg,2016-12-19T00:00:00.000Z,51,Fishing,gothenborg,1
57.70707,11.65928,0,300,206,4,FISKE PLATS,DK,47,0,STELLA NOVA,2,156348,9,25,5,0,43,1,2016-12-19T07:35:05.000Z,gothenborg,2016-12-19T00:00:00.000Z,51,Fishing,gothenborg,1
57.70707,11.65927,0,215,206,2,FISKE PLATS,DK,47,0,STELLA NOVA,2,156348,9,25,5,0,43,1,2016-12-19T07:37:05.000Z,gothenborg,2016-12-19T00:00:00.000Z,51,Fishing,gothenborg,1
57.70707,11.65927,0,215,206,3,FISKE PLATS,DK,47,0,STELLA NOVA,2,156348,9,25,5,0,43,1,2016-12-19T07:39:06.000Z,gothenborg,2016-12-19T00:00:00.000Z,51,Fishing,gothenborg,1
57.70704,11.65929,0,230,205,3,FISKE PLATS,DK,47,0,STELLA NOVA,2,156348,9,25,5,0,43,1,2016-12-19T07:41:05.000Z,gothenborg,2016-12-19T00:00:00.000Z,51,Fishing,gothenborg,1
57.70704,11.65929,0,313,205,2,FISKE PLATS,DK,47,0,STELLA NOVA,2,156348,9,25,5,0,43,1,2016-12-19T07:43:05.000Z,gothenborg,2016-12-19T00:00:00.000Z,51,Fishing,gothenborg,1
57.70704,11.65929,0,313,205,4,FISKE PLATS,DK,47,0,STELLA NOVA,2,156348,9,25,5,0,43,1,2016-12-19T07:45:06.000Z,gothenborg,2016-12-19T00:00:00.000Z,51,Fishing,gothenborg,1
57.70704,11.65929,0,313,205,4,FISKE PLATS,DK,47,0,STELLA NOVA,2,156348,9,25,5,0,43,1,2016-12-19T07:47:05.000Z,gothenborg,2016-12-19T00:00:00.000Z,51,Fishing,gothenborg,1
57.70705,11.65928,0,297,206,4,FISKE PLATS,DK,47,0,STELLA NOVA,2,156348,9,25,5,0,43,1,2016-12-19T07:49:06.000Z,gothenborg,2016-12-19T00:00:00.000Z,51,Fishing,gothenborg,1
57.70707,11.65926,0,303,206,2,FISKE PLATS,DK,47,0,STELLA NOVA,2,156348,9,25,5,0,43,1,2016-12-19T07:51:05.000Z,gothenborg,2016-12-19T00:00:00.000Z,51,Fishing,gothenborg,1
57.70707,11.65926,0,303,206,4,FISKE PLATS,DK,47,0,STELLA NOVA,2,156348,9,25,5,0,43,1,2016-12-19T07:53:05.000Z,gothenborg,2016-12-19T00:00:00.000Z,51,Fishing,gothenborg,1
57.70707,11.65926,0,322,206,3,FISKE PLATS,DK,47,0,STELLA NOVA,2,156348,9,25,5,0,43,1,2016-12-19T07:55:06.000Z,gothenborg,2016-12-19T00:00:00.000Z,51,Fishing,gothenborg,1
57.70708,11.65924,0,303,205,2,FISKE PLATS,DK,47,0,STELLA NOVA,2,156348,9,25,5,0,43,1,2016-12-19T07:57:05.000Z,gothenborg,2016-12-19T00:00:00.000Z,51,Fishing,gothenborg,1
57.70708,11.65924,0,303,205,4,FISKE PLATS,DK,47,0,STELLA NOVA,2,156348,9,25,5,0,43,1,2016-12-19T07:59:06.000Z,gothenborg,2016-12-19T00:00:00.000Z,51,Fishing,gothenborg,1
57.70708,11.65924,0,303,205,5,FISKE PLATS,DK,47,0,STELLA NOVA,2,156348,9,25,5,0,43,1,2016-12-19T08:01:05.000Z,gothenborg,2016-12-19T00:00:00.000Z,51,Fishing,gothenborg,1
57.70707,11.65926,0,273,206,4,FISKE PLATS,DK,47,0,STELLA NOVA,2,156348,9,25,5,0,43,1,2016-12-19T08:03:05.000Z,gothenborg,2016-12-19T00:00:00.000Z,51,Fishing,gothenborg,1
57.70705,11.65925,0,255,205,2,FISKE PLATS,DK,47,0,STELLA NOVA,2,156348,9,25,5,0,43,1,2016-12-19T08:05:06.000Z,gothenborg,2016-12-19T00:00:00.000Z,51,Fishing,gothenborg,1
57.70705,11.65925,0,255,205,4,FISKE PLATS,DK,47,0,STELLA NOVA,2,156348,9,25,5,0,43,1,2016-12-19T08:07:05.000Z,gothenborg,2016-12-19T00:00:00.000Z,51,Fishing,gothenborg,1
57.70707,11.65926,0,302,206,2,FISKE PLATS,DK,47,0,STELLA NOVA,2,156348,9,25,5,0,43,1,2016-12-19T08:09:05.000Z,gothenborg,2016-12-19T00:00:00.000Z,51,Fishing,gothenborg,1
57.70707,11.65926,0,302,206,4,FISKE PLATS,DK,47,0,STELLA NOVA,2,156348,9,25,5,0,43,1,2016-12-19T08:11:06.000Z,gothenborg,2016-12-19T00:00:00.000Z,51,Fishing,gothenborg,1
57.70707,11.65926,0,302,206,4,FISKE PLATS,DK,47,0,STELLA NOVA,2,156348,9,25,5,0,43,1,2016-12-19T08:13:06.000Z,gothenborg,2016-12-19T00:00:00.000Z,51,Fishing,gothenborg,1
57.70706,11.65924,0,314,205,3,FISKE PLATS,DK,47,0,STELLA NOVA,2,156348,9,25,5,0,43,1,2016-12-19T08:15:05.000Z,gothenborg,2016-12-19T00:00:00.000Z,51,Fishing,gothenborg,1
57.70707,11.65924,0,308,205,2,FISKE PLATS,DK,47,0,STELLA NOVA,2,156348,9,25,5,0,43,1,2016-12-19T08:17:05.000Z,gothenborg,2016-12-19T00:00:00.000Z,51,Fishing,gothenborg,1
57.70707,11.65924,0,308,205,4,FISKE PLATS,DK,47,0,STELLA NOVA,2,156348,9,25,5,0,43,1,2016-12-19T08:19:05.000Z,gothenborg,2016-12-19T00:00:00.000Z,51,Fishing,gothenborg,1
57.70707,11.65924,0,308,205,6,FISKE PLATS,DK,47,0,STELLA NOVA,2,156348,9,25,5,0,43,1,2016-12-19T08:21:05.000Z,gothenborg,2016-12-19T00:00:00.000Z,51,Fishing,gothenborg,1
57.70705,11.65924,0,271,206,2,FISKE PLATS,DK,47,0,STELLA NOVA,2,156348,9,25,5,0,43,1,2016-12-19T08:23:05.000Z,gothenborg,2016-12-19T00:00:00.000Z,51,Fishing,gothenborg,1
57.70705,11.65924,0,271,206,5,FISKE PLATS,DK,47,0,STELLA NOVA,2,156348,9,25,5,0,43,1,2016-12-19T08:25:05.000Z,gothenborg,2016-12-19T00:00:00.000Z,51,Fishing,gothenborg,1
57.70704,11.65926,0,294,207,3,FISKE PLATS,DK,47,0,STELLA NOVA,2,156348,9,25,5,0,43,1,2016-12-19T08:27:05.000Z,gothenborg,2016-12-19T00:00:00.000Z,51,Fishing,gothenborg,1
57.70704,11.65926,0,294,207,5,FISKE PLATS,DK,47,0,STELLA NOVA,2,156348,9,25,5,0,43,1,2016-12-19T08:29:06.000Z,gothenborg,2016-12-19T00:00:00.000Z,51,Fishing,gothenborg,1
57.70707,11.65926,0,302,206,2,FISKE PLATS,DK,47,0,STELLA NOVA,2,156348,9,25,5,0,43,1,2016-12-19T08:31:06.000Z,gothenborg,2016-12-19T00:00:00.000Z,51,Fishing,gothenborg,1
57.70707,11.65926,0,302,206,5,FISKE PLATS,DK,47,0,STELLA NOVA,2,156348,9,25,5,0,43,1,2016-12-19T08:33:05.000Z,gothenborg,2016-12-19T00:00:00.000Z,51,Fishing,gothenborg,1
57.70705,11.65927,0,303,206,3,FISKE PLATS,DK,47,0,STELLA NOVA,2,156348,9,25,5,0,43,1,2016-12-19T08:35:05.000Z,gothenborg,2016-12-19T00:00:00.000Z,51,Fishing,gothenborg,1
57.70707,11.65926,0,324,205,2,FISKE PLATS,DK,47,0,STELLA NOVA,2,156348,9,25,5,0,43,1,2016-12-19T08:37:06.000Z,gothenborg,2016-12-19T00:00:00.000Z,51,Fishing,gothenborg,1
57.70707,11.65926,0,324,205,4,FISKE PLATS,DK,47,0,STELLA NOVA,2,156348,9,25,5,0,43,1,2016-12-19T08:39:05.000Z,gothenborg,2016-12-19T00:00:00.000Z,51,Fishing,gothenborg,1
57.70707,11.65926,0,24,205,2,FISKE PLATS,DK,47,0,STELLA NOVA,2,156348,9,25,5,0,43,1,2016-12-19T08:41:05.000Z,gothenborg,2016-12-19T00:00:00.000Z,51,Fishing,gothenborg,1
57.70707,11.65926,0,24,205,4,FISKE PLATS,DK,47,0,STELLA NOVA,2,156348,9,25,5,0,43,1,2016-12-19T08:43:05.000Z,gothenborg,2016-12-19T00:00:00.000Z,51,Fishing,gothenborg,1
57.70705,11.65928,0,34,205,3,FISKE PLATS,DK,47,0,STELLA NOVA,2,156348,9,25,5,0,43,1,2016-12-19T08:45:06.000Z,gothenborg,2016-12-19T00:00:00.000Z,51,Fishing,gothenborg,1
57.70705,11.65928,0,34,205,5,FISKE PLATS,DK,47,0,STELLA NOVA,2,156348,9,25,5,0,43,1,2016-12-19T08:47:05.000Z,gothenborg,2016-12-19T00:00:00.000Z,51,Fishing,gothenborg,1
57.70709,11.65927,0,264,206,3,FISKE PLATS,DK,47,0,STELLA NOVA,2,156348,9,25,5,0,43,1,2016-12-19T08:49:05.000Z,gothenborg,2016-12-19T00:00:00.000Z,51,Fishing,gothenborg,1
57.70708,11.65928,0,25,204,2,FISKE PLATS,DK,47,0,STELLA NOVA,2,156348,9,25,5,0,43,1,2016-12-19T08:51:05.000Z,gothenborg,2016-12-19T00:00:00.000Z,51,Fishing,gothenborg,1
57.70708,11.65928,0,25,204,4,FISKE PLATS,DK,47,0,STELLA NOVA,2,156348,9,25,5,0,43,1,2016-12-19T08:53:05.000Z,gothenborg,2016-12-19T00:00:00.000Z,51,Fishing,gothenborg,1
57.70708,11.65928,0,341,205,2,FISKE PLATS,DK,47,0,STELLA NOVA,2,156348,9,25,5,0,43,1,2016-12-19T08:55:06.000Z,gothenborg,2016-12-19T00:00:00.000Z,51,Fishing,gothenborg,1
57.70708,11.65928,0,341,205,4,FISKE PLATS,DK,47,0,STELLA NOVA,2,156348,9,25,5,0,43,1,2016-12-19T08:57:05.000Z,gothenborg,2016-12-19T00:00:00.000Z,51,Fishing,gothenborg,1
57.70707,11.65926,0,3,205,3,FISKE PLATS,DK,47,0,STELLA NOVA,2,156348,9,25,5,0,43,1,2016-12-19T08:59:06.000Z,gothenborg,2016-12-19T00:00:00.000Z,51,Fishing,gothenborg,1
57.70707,11.65926,0,3,205,5,FISKE PLATS,DK,47,0,STELLA NOVA,2,156348,9,25,5,0,43,1,2016-12-19T09:01:07.000Z,gothenborg,2016-12-19T00:00:00.000Z,51,Fishing,gothenborg,1
57.70707,11.65928,0,243,205,3,FISKE PLATS,DK,47,0,STELLA NOVA,2,156348,9,25,5,0,43,1,2016-12-19T09:03:06.000Z,gothenborg,2016-12-19T00:00:00.000Z,51,Fishing,gothenborg,1
57.70707,11.65928,0,243,205,3,FISKE PLATS,DK,47,0,STELLA NOVA,2,156348,9,25,5,0,43,1,2016-12-19T09:05:05.000Z,gothenborg,2016-12-19T00:00:00.000Z,51,Fishing,gothenborg,1
57.70708,11.65926,0,3,205,4,FISKE PLATS,DK,47,0,STELLA NOVA,2,156348,9,25,5,0,43,1,2016-12-19T09:07:05.000Z,gothenborg,2016-12-19T00:00:00.000Z,51,Fishing,gothenborg,1
57.70707,11.6593,0,16,205,3,FISKE PLATS,DK,47,0,STELLA NOVA,2,156348,9,25,5,0,43,1,2016-12-19T09:09:06.000Z,gothenborg,2016-12-19T00:00:00.000Z,51,Fishing,gothenborg,1
57.70707,11.65927,0,245,205,2,FISKE PLATS,DK,47,0,STELLA NOVA,2,156348,9,25,5,0,43,1,2016-12-19T09:11:06.000Z,gothenborg,2016-12-19T00:00:00.000Z,51,Fishing,gothenborg,1
57.70707,11.65927,0,245,205,4,FISKE PLATS,DK,47,0,STELLA NOVA,2,156348,9,25,5,0,43,1,2016-12-19T09:13:05.000Z,gothenborg,2016-12-19T00:00:00.000Z,51,Fishing,gothenborg,1
57.70705,11.6593,0,239,204,2,FISKE PLATS,DK,47,0,STELLA NOVA,2,156348,9,25,5,0,43,1,2016-12-19T09:15:05.000Z,gothenborg,2016-12-19T00:00:00.000Z,51,Fishing,gothenborg,1
57.70705,11.6593,0,239,204,4,FISKE PLATS,DK,47,0,STELLA NOVA,2,156348,9,25,5,0,43,1,2016-12-19T09:17:05.000Z,gothenborg,2016-12-19T00:00:00.000Z,51,Fishing,gothenborg,1
57.70707,11.65928,0,238,204,3,FISKE PLATS,DK,47,0,STELLA NOVA,2,156348,9,25,5,0,43,1,2016-12-19T09:19:05.000Z,gothenborg,2016-12-19T00:00:00.000Z,51,Fishing,gothenborg,1
57.70707,11.65928,0,238,204,5,FISKE PLATS,DK,47,0,STELLA NOVA,2,156348,9,25,5,0,43,1,2016-12-19T09:21:06.000Z,gothenborg,2016-12-19T00:00:00.000Z,51,Fishing,gothenborg,1
57.70707,11.65928,0,238,204,6,FISKE PLATS,DK,47,0,STELLA NOVA,2,156348,9,25,5,0,43,1,2016-12-19T09:23:05.000Z,gothenborg,2016-12-19T00:00:00.000Z,51,Fishing,gothenborg,1
57.70707,11.6593,0,257,205,4,FISKE PLATS,DK,47,0,STELLA NOVA,2,156348,9,25,5,0,43,1,2016-12-19T09:25:05.000Z,gothenborg,2016-12-19T00:00:00.000Z,51,Fishing,gothenborg,1
57.70705,11.65928,0,247,205,1,FISKE PLATS,DK,47,0,STELLA NOVA,2,156348,9,25,5,0,43,1,2016-12-19T09:27:05.000Z,gothenborg,2016-12-19T00:00:00.000Z,51,Fishing,gothenborg,1
57.70705,11.65928,0,247,205,4,FISKE PLATS,DK,47,0,STELLA NOVA,2,156348,9,25,5,0,43,1,2016-12-19T09:29:05.000Z,gothenborg,2016-12-19T00:00:00.000Z,51,Fishing,gothenborg,1
57.70707,11.65929,0,262,205,2,FISKE PLATS,DK,47,0,STELLA NOVA,2,156348,9,25,5,0,43,1,2016-12-19T09:31:06.000Z,gothenborg,2016-12-19T00:00:00.000Z,51,Fishing,gothenborg,1
57.70707,11.65929,0,262,205,4,FISKE PLATS,DK,47,0,STELLA NOVA,2,156348,9,25,5,0,43,1,2016-12-19T09:33:05.000Z,gothenborg,2016-12-19T00:00:00.000Z,51,Fishing,gothenborg,1
57.70705,11.6593,0,285,205,3,FISKE PLATS,DK,47,0,STELLA NOVA,2,156348,9,25,5,0,43,1,2016-12-19T09:35:06.000Z,gothenborg,2016-12-19T00:00:00.000Z,51,Fishing,gothenborg,1
57.70705,11.65928,0,251,205,2,FISKE PLATS,DK,47,0,STELLA NOVA,2,156348,9,25,5,0,43,1,2016-12-19T09:37:05.000Z,gothenborg,2016-12-19T00:00:00.000Z,51,Fishing,gothenborg,1
57.70705,11.65928,0,251,205,4,FISKE PLATS,DK,47,0,STELLA NOVA,2,156348,9,25,5,0,43,1,2016-12-19T09:39:05.000Z,gothenborg,2016-12-19T00:00:00.000Z,51,Fishing,gothenborg,1
57.70705,11.65927,0,265,205,2,FISKE PLATS,DK,47,0,STELLA NOVA,2,156348,9,25,5,0,43,1,2016-12-19T09:41:05.000Z,gothenborg,2016-12-19T00:00:00.000Z,51,Fishing,gothenborg,1
57.70705,11.65927,0,265,205,4,FISKE PLATS,DK,47,0,STELLA NOVA,2,156348,9,25,5,0,43,1,2016-12-19T09:43:05.000Z,gothenborg,2016-12-19T00:00:00.000Z,51,Fishing,gothenborg,1
57.70705,11.65929,0,270,205,2,FISKE PLATS,DK,47,0,STELLA NOVA,2,156348,9,25,5,0,43,1,2016-12-19T09:45:06.000Z,gothenborg,2016-12-19T00:00:00.000Z,51,Fishing,gothenborg,1
57.70705,11.65929,0,270,205,4,FISKE PLATS,DK,47,0,STELLA NOVA,2,156348,9,25,5,0,43,1,2016-12-19T09:47:05.000Z,gothenborg,2016-12-19T00:00:00.000Z,51,Fishing,gothenborg,1
57.70705,11.65928,0,290,205,3,FISKE PLATS,DK,47,0,STELLA NOVA,2,156348,9,25,5,0,43,1,2016-12-19T09:49:06.000Z,gothenborg,2016-12-19T00:00:00.000Z,51,Fishing,gothenborg,1
57.70705,11.65928,0,290,205,3,FISKE PLATS,DK,47,0,STELLA NOVA,2,156348,9,25,5,0,43,1,2016-12-19T09:51:05.000Z,gothenborg,2016-12-19T00:00:00.000Z,51,Fishing,gothenborg,1
57.70705,11.65926,0,257,205,3,FISKE PLATS,DK,47,0,STELLA NOVA,2,156348,9,25,5,0,43,1,2016-12-19T09:53:05.000Z,gothenborg,2016-12-19T00:00:00.000Z,51,Fishing,gothenborg,1
57.70705,11.65926,0,257,205,5,FISKE PLATS,DK,47,0,STELLA NOVA,2,156348,9,25,5,0,43,1,2016-12-19T09:55:05.000Z,gothenborg,2016-12-19T00:00:00.000Z,51,Fishing,gothenborg,1
57.70705,11.65927,0,259,205,3,FISKE PLATS,DK,47,0,STELLA NOVA,2,156348,9,25,5,0,43,1,2016-12-19T09:57:05.000Z,gothenborg,2016-12-19T00:00:00.000Z,51,Fishing,gothenborg,1
57.70705,11.65927,0,259,205,5,FISKE PLATS,DK,47,0,STELLA NOVA,2,156348,9,25,5,0,43,1,2016-12-19T09:59:05.000Z,gothenborg,2016-12-19T00:00:00.000Z,51,Fishing,gothenborg,1
57.70705,11.65928,0,298,205,3,FISKE PLATS,DK,47,0,STELLA NOVA,2,156348,9,25,5,0,43,1,2016-12-19T10:01:05.000Z,gothenborg,2016-12-19T00:00:00.000Z,51,Fishing,gothenborg,1
57.70705,11.65928,0,298,205,3,FISKE PLATS,DK,47,0,STELLA NOVA,2,156348,9,25,5,0,43,1,2016-12-19T10:03:06.000Z,gothenborg,2016-12-19T00:00:00.000Z,51,Fishing,gothenborg,1
57.70706,11.65928,0,246,206,4,FISKE PLATS,DK,47,0,STELLA NOVA,2,156348,9,25,5,0,43,1,2016-12-19T10:05:07.000Z,gothenborg,2016-12-19T00:00:00.000Z,51,Fishing,gothenborg,1
57.70706,11.65928,0,246,206,6,FISKE PLATS,DK,47,0,STELLA NOVA,2,156348,9,25,5,0,43,1,2016-12-19T10:07:05.000Z,gothenborg,2016-12-19T00:00:00.000Z,51,Fishing,gothenborg,1
57.70705,11.65927,0,302,205,3,FISKE PLATS,DK,47,0,STELLA NOVA,2,156348,9,25,5,0,43,1,2016-12-19T10:09:05.000Z,gothenborg,2016-12-19T00:00:00.000Z,51,Fishing,gothenborg,1
57.70705,11.65927,0,302,205,5,FISKE PLATS,DK,47,0,STELLA NOVA,2,156348,9,25,5,0,43,1,2016-12-19T10:11:06.000Z,gothenborg,2016-12-19T00:00:00.000Z,51,Fishing,gothenborg,1
57.70705,11.6593,0,315,205,3,FISKE PLATS,DK,47,0,STELLA NOVA,2,156348,9,25,5,0,43,1,2016-12-19T10:13:05.000Z,gothenborg,2016-12-19T00:00:00.000Z,51,Fishing,gothenborg,1
57.70705,11.65928,0,278,205,2,FISKE PLATS,DK,47,0,STELLA NOVA,2,156348,9,25,5,0,43,1,2016-12-19T10:15:05.000Z,gothenborg,2016-12-19T00:00:00.000Z,51,Fishing,gothenborg,1
57.70705,11.65928,0,278,205,4,FISKE PLATS,DK,47,0,STELLA NOVA,2,156348,9,25,5,0,43,1,2016-12-19T10:17:05.000Z,gothenborg,2016-12-19T00:00:00.000Z,51,Fishing,gothenborg,1
57.70705,11.65929,0,301,206,3,FISKE PLATS,DK,47,0,STELLA NOVA,2,156348,9,25,5,0,43,1,2016-12-19T10:19:05.000Z,gothenborg,2016-12-19T00:00:00.000Z,51,Fishing,gothenborg,1
57.70705,11.65929,0,289,206,2,FISKE PLATS,DK,47,0,STELLA NOVA,2,156348,9,25,5,0,43,1,2016-12-19T10:21:06.000Z,gothenborg,2016-12-19T00:00:00.000Z,51,Fishing,gothenborg,1
57.70705,11.65929,0,289,206,4,FISKE PLATS,DK,47,0,STELLA NOVA,2,156348,9,25,5,0,43,1,2016-12-19T10:23:05.000Z,gothenborg,2016-12-19T00:00:00.000Z,51,Fishing,gothenborg,1
57.70707,11.65927,0,292,205,2,FISKE PLATS,DK,47,0,STELLA NOVA,2,156348,9,25,5,0,43,1,2016-12-19T10:25:05.000Z,gothenborg,2016-12-19T00:00:00.000Z,51,Fishing,gothenborg,1
57.70707,11.65927,0,292,205,4,FISKE PLATS,DK,47,0,STELLA NOVA,2,156348,9,25,5,0,43,1,2016-12-19T10:27:05.000Z,gothenborg,2016-12-19T00:00:00.000Z,51,Fishing,gothenborg,1
57.70706,11.65927,0,297,205,2,FISKE PLATS,DK,47,0,STELLA NOVA,2,156348,9,25,5,0,43,1,2016-12-19T10:29:04.000Z,gothenborg,2016-12-19T00:00:00.000Z,51,Fishing,gothenborg,1
57.70706,11.65927,0,297,205,4,FISKE PLATS,DK,47,0,STELLA NOVA,2,156348,9,25,5,0,43,1,2016-12-19T10:31:05.000Z,gothenborg,2016-12-19T00:00:00.000Z,51,Fishing,gothenborg,1
57.70707,11.65927,0,257,205,3,FISKE PLATS,DK,47,0,STELLA NOVA,2,156348,9,25,5,0,43,1,2016-12-19T10:33:05.000Z,gothenborg,2016-12-19T00:00:00.000Z,51,Fishing,gothenborg,1
57.70707,11.65927,0,257,205,5,FISKE PLATS,DK,47,0,STELLA NOVA,2,156348,9,25,5,0,43,1,2016-12-19T10:35:06.000Z,gothenborg,2016-12-19T00:00:00.000Z,51,Fishing,gothenborg,1
57.70705,11.65928,0,265,205,3,FISKE PLATS,DK,47,0,STELLA NOVA,2,156348,9,25,5,0,43,1,2016-12-19T10:37:04.000Z,gothenborg,2016-12-19T00:00:00.000Z,51,Fishing,gothenborg,1
57.70705,11.65928,0,265,205,5,FISKE PLATS,DK,47,0,STELLA NOVA,2,156348,9,25,5,0,43,1,2016-12-19T10:39:05.000Z,gothenborg,2016-12-19T00:00:00.000Z,51,Fishing,gothenborg,1
57.70706,11.65929,0,297,205,3,FISKE PLATS,DK,47,0,STELLA NOVA,2,156348,9,25,5,0,43,1,2016-12-19T10:41:05.000Z,gothenborg,2016-12-19T00:00:00.000Z,51,Fishing,gothenborg,1
57.70706,11.65929,0,297,205,3,FISKE PLATS,DK,47,0,STELLA NOVA,2,156348,9,25,5,0,43,1,2016-12-19T10:43:05.000Z,gothenborg,2016-12-19T00:00:00.000Z,51,Fishing,gothenborg,1
57.70707,11.6593,0,308,205,4,FISKE PLATS,DK,47,0,STELLA NOVA,2,156348,9,25,5,0,43,1,2016-12-19T10:45:06.000Z,gothenborg,2016-12-19T00:00:00.000Z,51,Fishing,gothenborg,1
57.70707,11.65927,0,217,205,3,FISKE PLATS,DK,47,0,STELLA NOVA,2,156348,9,25,5,0,43,1,2016-12-19T10:47:05.000Z,gothenborg,2016-12-19T00:00:00.000Z,51,Fishing,gothenborg,1
57.70707,11.65928,0,253,205,2,FISKE PLATS,DK,47,0,STELLA NOVA,2,156348,9,25,5,0,43,1,2016-12-19T10:49:05.000Z,gothenborg,2016-12-19T00:00:00.000Z,51,Fishing,gothenborg,1
57.70707,11.65928,0,253,205,4,FISKE PLATS,DK,47,0,STELLA NOVA,2,156348,9,25,5,0,43,1,2016-12-19T10:51:05.000Z,gothenborg,2016-12-19T00:00:00.000Z,51,Fishing,gothenborg,1
57.70707,11.65928,0,232,205,2,FISKE PLATS,DK,47,0,STELLA NOVA,2,156348,9,25,5,0,43,1,2016-12-19T10:53:05.000Z,gothenborg,2016-12-19T00:00:00.000Z,51,Fishing,gothenborg,1
57.70707,11.65928,0,232,205,4,FISKE PLATS,DK,47,0,STELLA NOVA,2,156348,9,25,5,0,43,1,2016-12-19T10:55:05.000Z,gothenborg,2016-12-19T00:00:00.000Z,51,Fishing,gothenborg,1
57.70705,11.65926,0,241,204,2,FISKE PLATS,DK,47,0,STELLA NOVA,2,156348,9,25,5,0,43,1,2016-12-19T10:57:05.000Z,gothenborg,2016-12-19T00:00:00.000Z,51,Fishing,gothenborg,1
57.70705,11.65926,0,241,204,4,FISKE PLATS,DK,47,0,STELLA NOVA,2,156348,9,25,5,0,43,1,2016-12-19T10:59:05.000Z,gothenborg,2016-12-19T00:00:00.000Z,51,Fishing,gothenborg,1
57.70706,11.6593,0,271,205,2,FISKE PLATS,DK,47,0,STELLA NOVA,2,156348,9,25,5,0,43,1,2016-12-19T11:01:05.000Z,gothenborg,2016-12-19T00:00:00.000Z,51,Fishing,gothenborg,1
57.70706,11.6593,0,271,205,2,FISKE PLATS,DK,47,0,STELLA NOVA,2,156348,9,25,5,0,43,1,2016-12-19T11:03:05.000Z,gothenborg,2016-12-19T00:00:00.000Z,51,Fishing,gothenborg,1
57.70708,11.65922,0,245,204,2,FISKE PLATS,DK,47,0,STELLA NOVA,2,156348,9,25,5,0,43,1,2016-12-19T11:05:05.000Z,gothenborg,2016-12-19T00:00:00.000Z,51,Fishing,gothenborg,1
57.70708,11.65922,0,245,204,4,FISKE PLATS,DK,47,0,STELLA NOVA,2,156348,9,25,5,0,43,1,2016-12-19T11:07:05.000Z,gothenborg,2016-12-19T00:00:00.000Z,51,Fishing,gothenborg,1
57.70708,11.65922,0,245,204,6,FISKE PLATS,DK,47,0,STELLA NOVA,2,156348,9,25,5,0,43,1,2016-12-19T11:09:05.000Z,gothenborg,2016-12-19T00:00:00.000Z,51,Fishing,gothenborg,1
57.70707,11.65926,0,281,206,4,FISKE PLATS,DK,47,0,STELLA NOVA,2,156348,9,25,5,0,43,1,2016-12-19T11:11:06.000Z,gothenborg,2016-12-19T00:00:00.000Z,51,Fishing,gothenborg,1
57.70707,11.65926,0,281,206,4,FISKE PLATS,DK,47,0,STELLA NOVA,2,156348,9,25,5,0,43,1,2016-12-19T11:13:05.000Z,gothenborg,2016-12-19T00:00:00.000Z,51,Fishing,gothenborg,1
57.70707,11.65926,0,268,206,3,FISKE PLATS,DK,47,0,STELLA NOVA,2,156348,9,25,5,0,43,1,2016-12-19T11:15:05.000Z,gothenborg,2016-12-19T00:00:00.000Z,51,Fishing,gothenborg,1
57.70707,11.65926,0,268,206,5,FISKE PLATS,DK,47,0,STELLA NOVA,2,156348,9,25,5,0,43,1,2016-12-19T11:17:05.000Z,gothenborg,2016-12-19T00:00:00.000Z,51,Fishing,gothenborg,1
57.70707,11.6593,0,307,205,3,FISKE PLATS,DK,47,0,STELLA NOVA,2,156348,9,25,5,0,43,1,2016-12-19T11:19:06.000Z,gothenborg,2016-12-19T00:00:00.000Z,51,Fishing,gothenborg,1
57.70705,11.6593,0,315,205,2,FISKE PLATS,DK,47,0,STELLA NOVA,2,156348,9,25,5,0,43,1,2016-12-19T11:21:05.000Z,gothenborg,2016-12-19T00:00:00.000Z,51,Fishing,gothenborg,1
57.70705,11.6593,0,315,205,4,FISKE PLATS,DK,47,0,STELLA NOVA,2,156348,9,25,5,0,43,1,2016-12-19T11:23:05.000Z,gothenborg,2016-12-19T00:00:00.000Z,51,Fishing,gothenborg,1
57.70706,11.65929,0,296,205,3,FISKE PLATS,DK,47,0,STELLA NOVA,2,156348,9,25,5,0,43,1,2016-12-19T11:25:05.000Z,gothenborg,2016-12-19T00:00:00.000Z,51,Fishing,gothenborg,1
57.70706,11.65929,0,296,205,3,FISKE PLATS,DK,47,0,STELLA NOVA,2,156348,9,25,5,0,43,1,2016-12-19T11:27:04.000Z,gothenborg,2016-12-19T00:00:00.000Z,51,Fishing,gothenborg,1
57.70705,11.6593,0,306,206,4,FISKE PLATS,DK,47,0,STELLA NOVA,2,156348,9,25,5,0,43,1,2016-12-19T11:29:05.000Z,gothenborg,2016-12-19T00:00:00.000Z,51,Fishing,gothenborg,1
57.70705,11.65927,0,320,205,2,FISKE PLATS,DK,47,0,STELLA NOVA,2,156348,9,25,5,0,43,1,2016-12-19T11:31:05.000Z,gothenborg,2016-12-19T00:00:00.000Z,51,Fishing,gothenborg,1
57.70705,11.65929,0,314,205,4,FISKE PLATS,DK,47,0,STELLA NOVA,2,156348,9,25,5,0,43,1,2016-12-19T11:35:05.000Z,gothenborg,2016-12-19T00:00:00.000Z,51,Fishing,gothenborg,1
57.70705,11.65929,0,314,205,5,FISKE PLATS,DK,47,0,STELLA NOVA,2,156348,9,25,5,0,43,1,2016-12-19T11:37:05.000Z,gothenborg,2016-12-19T00:00:00.000Z,51,Fishing,gothenborg,1
57.70706,11.65927,0,343,205,3,FISKE PLATS,DK,47,0,STELLA NOVA,2,156348,9,25,5,0,43,1,2016-12-19T11:39:04.000Z,gothenborg,2016-12-19T00:00:00.000Z,51,Fishing,gothenborg,1
57.70707,11.65928,0,323,205,2,FISKE PLATS,DK,47,0,STELLA NOVA,2,156348,9,25,5,0,43,1,2016-12-19T11:41:05.000Z,gothenborg,2016-12-19T00:00:00.000Z,51,Fishing,gothenborg,1
57.70707,11.65928,0,323,205,2,FISKE PLATS,DK,47,0,STELLA NOVA,2,156348,9,25,5,0,43,1,2016-12-19T11:43:05.000Z,gothenborg,2016-12-19T00:00:00.000Z,51,Fishing,gothenborg,1
57.70705,11.65929,0,332,205,3,FISKE PLATS,DK,47,0,STELLA NOVA,2,156348,9,25,5,0,43,1,2016-12-19T11:45:05.000Z,gothenborg,2016-12-19T00:00:00.000Z,51,Fishing,gothenborg,1
57.70705,11.65929,0,332,205,5,FISKE PLATS,DK,47,0,STELLA NOVA,2,156348,9,25,5,0,43,0,2016-12-19T11:47:06.000Z,gothenborg,2016-12-19T00:00:00.000Z,51,Fishing,gothenborg,1
57.70707,11.6593,0,346,205,2,FISKE PLATS,DK,47,0,STELLA NOVA,2,156348,9,25,5,0,43,0,2016-12-19T11:49:06.000Z,gothenborg,2016-12-19T00:00:00.000Z,51,Fishing,gothenborg,1
57.70707,11.6593,0,346,205,5,FISKE PLATS,DK,47,0,STELLA NOVA,2,156348,9,25,5,0,43,1,2016-12-19T11:51:05.000Z,gothenborg,2016-12-19T00:00:00.000Z,51,Fishing,gothenborg,1
57.70708,11.65929,0,208,205,2,FISKE PLATS,DK,47,0,STELLA NOVA,2,156348,9,25,5,0,43,1,2016-12-19T11:53:04.000Z,gothenborg,2016-12-19T00:00:00.000Z,51,Fishing,gothenborg,1
57.70708,11.65929,0,208,205,2,FISKE PLATS,DK,47,0,STELLA NOVA,2,156348,9,25,5,0,43,1,2016-12-19T11:55:05.000Z,gothenborg,2016-12-19T00:00:00.000Z,51,Fishing,gothenborg,1
57.70706,11.6593,0,259,205,2,FISKE PLATS,DK,47,0,STELLA NOVA,2,156348,9,25,5,0,43,1,2016-12-19T11:57:05.000Z,gothenborg,2016-12-19T00:00:00.000Z,51,Fishing,gothenborg,1
57.70706,11.6593,0,259,205,4,FISKE PLATS,DK,47,0,STELLA NOVA,2,156348,9,25,5,0,43,1,2016-12-19T11:59:05.000Z,gothenborg,2016-12-19T00:00:00.000Z,51,Fishing,gothenborg,1
57.70705,11.65929,0,125,206,2,FISKE PLATS,DK,47,0,STELLA NOVA,2,156348,9,25,5,0,43,1,2016-12-19T12:01:12.000Z,gothenborg,2016-12-19T00:00:00.000Z,51,Fishing,gothenborg,1
57.70705,11.65929,0,125,206,4,FISKE PLATS,DK,47,0,STELLA NOVA,2,156348,9,25,5,0,43,1,2016-12-19T12:03:05.000Z,gothenborg,2016-12-19T00:00:00.000Z,51,Fishing,gothenborg,1
57.70707,11.6593,0,224,206,2,FISKE PLATS,DK,47,0,STELLA NOVA,2,156348,9,25,5,0,43,1,2016-12-19T12:05:05.000Z,gothenborg,2016-12-19T00:00:00.000Z,51,Fishing,gothenborg,1
57.70707,11.6593,0,224,206,4,FISKE PLATS,DK,47,0,STELLA NOVA,2,156348,9,25,5,0,43,1,2016-12-19T12:07:13.000Z,gothenborg,2016-12-19T00:00:00.000Z,51,Fishing,gothenborg,1
57.70705,11.65931,0,209,205,3,FISKE PLATS,DK,47,0,STELLA NOVA,2,156348,9,25,5,0,43,1,2016-12-19T12:09:05.000Z,gothenborg,2016-12-19T00:00:00.000Z,51,Fishing,gothenborg,1
57.70706,11.65928,0,214,205,2,FISKE PLATS,DK,47,0,STELLA NOVA,2,156348,9,25,5,0,43,1,2016-12-19T12:11:05.000Z,gothenborg,2016-12-19T00:00:00.000Z,51,Fishing,gothenborg,1
57.70706,11.65928,0,214,205,4,FISKE PLATS,DK,47,0,STELLA NOVA,2,156348,9,25,5,0,43,1,2016-12-19T12:13:15.000Z,gothenborg,2016-12-19T00:00:00.000Z,51,Fishing,gothenborg,1
57.70706,11.65928,0,214,205,5,FISKE PLATS,DK,47,0,STELLA NOVA,2,156348,9,25,5,0,43,1,2016-12-19T12:15:13.000Z,gothenborg,2016-12-19T00:00:00.000Z,51,Fishing,gothenborg,1
57.70707,11.6593,0,247,204,4,FISKE PLATS,DK,47,0,STELLA NOVA,2,156348,9,25,5,0,43,1,2016-12-19T12:17:05.000Z,gothenborg,2016-12-19T00:00:00.000Z,51,Fishing,gothenborg,1
57.70707,11.6593,0,247,204,6,FISKE PLATS,DK,47,0,STELLA NOVA,2,156348,9,25,5,0,43,1,2016-12-19T12:19:05.000Z,gothenborg,2016-12-19T00:00:00.000Z,51,Fishing,gothenborg,1
57.70707,11.65927,0,16,206,3,FISKE PLATS,DK,47,0,STELLA NOVA,2,156348,9,25,5,0,43,1,2016-12-19T12:21:14.000Z,gothenborg,2016-12-19T00:00:00.000Z,51,Fishing,gothenborg,1
57.70707,11.65927,0,16,206,3,FISKE PLATS,DK,47,0,STELLA NOVA,2,156348,9,25,5,0,43,1,2016-12-19T12:23:05.000Z,gothenborg,2016-12-19T00:00:00.000Z,51,Fishing,gothenborg,1
57.70706,11.65932,0,22,205,3,FISKE PLATS,DK,47,0,STELLA NOVA,2,156348,9,25,5,0,43,1,2016-12-19T12:25:05.000Z,gothenborg,2016-12-19T00:00:00.000Z,51,Fishing,gothenborg,1
57.70706,11.65932,0,22,205,5,FISKE PLATS,DK,47,0,STELLA NOVA,2,156348,9,25,5,0,43,1,2016-12-19T12:27:06.000Z,gothenborg,2016-12-19T00:00:00.000Z,51,Fishing,gothenborg,1
57.70707,11.65928,0,359,205,3,FISKE PLATS,DK,47,0,STELLA NOVA,2,156348,9,25,5,0,43,1,2016-12-19T12:33:05.000Z,gothenborg,2016-12-19T00:00:00.000Z,51,Fishing,gothenborg,1
57.70707,11.65928,0,359,205,5,FISKE PLATS,DK,47,0,STELLA NOVA,2,156348,9,25,5,0,43,1,2016-12-19T12:35:05.000Z,gothenborg,2016-12-19T00:00:00.000Z,51,Fishing,gothenborg,1
57.70705,11.6593,0,314,205,3,FISKE PLATS,DK,47,0,STELLA NOVA,2,156348,9,25,5,0,43,1,2016-12-19T12:37:05.000Z,gothenborg,2016-12-19T00:00:00.000Z,51,Fishing,gothenborg,1
57.70705,11.6593,0,314,205,5,FISKE PLATS,DK,47,0,STELLA NOVA,2,156348,9,25,5,0,43,1,2016-12-19T12:39:05.000Z,gothenborg,2016-12-19T00:00:00.000Z,51,Fishing,gothenborg,1
57.70704,11.65933,0,327,206,3,FISKE PLATS,DK,47,0,STELLA NOVA,2,156348,9,25,5,0,43,1,2016-12-19T12:41:05.000Z,gothenborg,2016-12-19T00:00:00.000Z,51,Fishing,gothenborg,1
57.70704,11.65933,0,327,206,5,FISKE PLATS,DK,47,0,STELLA NOVA,2,156348,9,25,5,0,43,1,2016-12-19T12:43:05.000Z,gothenborg,2016-12-19T00:00:00.000Z,51,Fishing,gothenborg,1
57.70706,11.65928,0,311,205,5,FISKE PLATS,DK,47,0,STELLA NOVA,2,156348,9,25,5,0,43,1,2016-12-19T12:47:05.000Z,gothenborg,2016-12-19T00:00:00.000Z,51,Fishing,gothenborg,1
57.70707,11.65929,0,274,205,9,FISKE PLATS,DK,47,0,STELLA NOVA,2,156348,9,25,5,0,43,1,2016-12-19T12:55:04.000Z,gothenborg,2016-12-19T00:00:00.000Z,51,Fishing,gothenborg,1
57.70707,11.65929,0,240,205,3,FISKE PLATS,DK,47,0,STELLA NOVA,2,156348,9,25,5,0,43,1,2016-12-19T12:59:05.000Z,gothenborg,2016-12-19T00:00:00.000Z,51,Fishing,gothenborg,1
57.70707,11.65929,0,240,205,5,FISKE PLATS,DK,47,0,STELLA NOVA,2,156348,9,25,5,0,43,1,2016-12-19T13:01:07.000Z,gothenborg,2016-12-19T00:00:00.000Z,51,Fishing,gothenborg,1
57.70705,11.65928,0,262,205,5,FISKE PLATS,DK,47,0,STELLA NOVA,2,156348,9,25,5,0,43,1,2016-12-19T13:05:05.000Z,gothenborg,2016-12-19T00:00:00.000Z,51,Fishing,gothenborg,1
57.70705,11.6593,0,263,205,3,FISKE PLATS,DK,47,0,STELLA NOVA,2,156348,9,25,5,0,43,1,2016-12-19T13:07:13.000Z,gothenborg,2016-12-19T00:00:00.000Z,51,Fishing,gothenborg,1
57.70705,11.6593,0,263,205,5,FISKE PLATS,DK,47,0,STELLA NOVA,2,156348,9,25,5,0,43,1,2016-12-19T13:09:05.000Z,gothenborg,2016-12-19T00:00:00.000Z,51,Fishing,gothenborg,1
57.70707,11.6593,0,282,204,3,FISKE PLATS,DK,47,0,STELLA NOVA,2,156348,9,25,5,0,43,1,2016-12-19T13:11:05.000Z,gothenborg,2016-12-19T00:00:00.000Z,51,Fishing,gothenborg,1
57.70707,11.6593,0,282,204,5,FISKE PLATS,DK,47,0,STELLA NOVA,2,156348,9,25,5,0,43,1,2016-12-19T13:13:05.000Z,gothenborg,2016-12-19T00:00:00.000Z,51,Fishing,gothenborg,1
57.70707,11.6593,0,279,204,3,FISKE PLATS,DK,47,0,STELLA NOVA,2,156348,9,25,5,0,43,1,2016-12-19T13:15:05.000Z,gothenborg,2016-12-19T00:00:00.000Z,51,Fishing,gothenborg,1
57.70707,11.6593,0,279,204,5,FISKE PLATS,DK,47,0,STELLA NOVA,2,156348,9,25,5,0,43,1,2016-12-19T13:17:05.000Z,gothenborg,2016-12-19T00:00:00.000Z,51,Fishing,gothenborg,1
57.70708,11.65929,0,352,204,3,FISKE PLATS,DK,47,0,STELLA NOVA,2,156348,9,25,5,0,43,1,2016-12-19T13:19:05.000Z,gothenborg,2016-12-19T00:00:00.000Z,51,Fishing,gothenborg,1
57.70708,11.65929,0,352,204,5,FISKE PLATS,DK,47,0,STELLA NOVA,2,156348,9,25,5,0,43,1,2016-12-19T13:21:05.000Z,gothenborg,2016-12-19T00:00:00.000Z,51,Fishing,gothenborg,1
57.70707,11.6593,0,214,205,4,FISKE PLATS,DK,47,0,STELLA NOVA,2,156348,9,25,5,0,43,1,2016-12-19T13:23:05.000Z,gothenborg,2016-12-19T00:00:00.000Z,51,Fishing,gothenborg,1
57.70705,11.65931,0,208,204,3,FISKE PLATS,DK,47,0,STELLA NOVA,2,156348,9,25,5,0,43,1,2016-12-19T13:25:04.000Z,gothenborg,2016-12-19T00:00:00.000Z,51,Fishing,gothenborg,1
57.70705,11.65931,0,208,204,5,FISKE PLATS,DK,47,0,STELLA NOVA,2,156348,9,25,5,0,43,1,2016-12-19T13:27:05.000Z,gothenborg,2016-12-19T00:00:00.000Z,51,Fishing,gothenborg,1
57.70707,11.65929,0,187,203,3,FISKE PLATS,DK,47,0,STELLA NOVA,2,156348,9,25,5,0,43,1,2016-12-19T13:29:04.000Z,gothenborg,2016-12-19T00:00:00.000Z,51,Fishing,gothenborg,1
57.70707,11.65929,0,187,203,5,FISKE PLATS,DK,47,0,STELLA NOVA,2,156348,9,25,5,0,43,1,2016-12-19T13:31:05.000Z,gothenborg,2016-12-19T00:00:00.000Z,51,Fishing,gothenborg,1
57.70705,11.65931,0,220,204,3,FISKE PLATS,DK,47,0,STELLA NOVA,2,156348,9,25,5,0,43,1,2016-12-19T13:33:05.000Z,gothenborg,2016-12-19T00:00:00.000Z,51,Fishing,gothenborg,1
57.70705,11.65931,0,220,204,5,FISKE PLATS,DK,47,0,STELLA NOVA,2,156348,9,25,5,0,43,1,2016-12-19T13:35:04.000Z,gothenborg,2016-12-19T00:00:00.000Z,51,Fishing,gothenborg,1
57.70705,11.65931,0,220,204,7,FISKE PLATS,DK,47,0,STELLA NOVA,2,156348,9,25,5,0,43,1,2016-12-19T13:37:12.000Z,gothenborg,2016-12-19T00:00:00.000Z,51,Fishing,gothenborg,1
57.70705,11.6593,0,285,205,4,FISKE PLATS,DK,47,0,STELLA NOVA,2,156348,9,25,5,0,43,1,2016-12-19T13:39:05.000Z,gothenborg,2016-12-19T00:00:00.000Z,51,Fishing,gothenborg,1
57.70706,11.65933,0,216,205,3,FISKE PLATS,DK,47,0,STELLA NOVA,2,156348,9,25,5,0,43,1,2016-12-19T13:41:05.000Z,gothenborg,2016-12-19T00:00:00.000Z,51,Fishing,gothenborg,1
57.70707,11.65927,0,259,205,2,FISKE PLATS,DK,47,0,STELLA NOVA,2,156348,9,25,5,0,43,1,2016-12-19T13:43:05.000Z,gothenborg,2016-12-19T00:00:00.000Z,51,Fishing,gothenborg,1
57.70707,11.65927,0,259,205,4,FISKE PLATS,DK,47,0,STELLA NOVA,2,156348,9,25,5,0,43,1,2016-12-19T13:45:04.000Z,gothenborg,2016-12-19T00:00:00.000Z,51,Fishing,gothenborg,1
57.70705,11.65931,0,234,206,2,FISKE PLATS,DK,47,0,STELLA NOVA,2,156348,9,25,5,0,43,1,2016-12-19T13:47:05.000Z,gothenborg,2016-12-19T00:00:00.000Z,51,Fishing,gothenborg,1
57.70705,11.6593,0,188,206,2,FISKE PLATS,DK,47,0,STELLA NOVA,2,156348,9,25,5,0,43,1,2016-12-19T13:51:04.000Z,gothenborg,2016-12-19T00:00:00.000Z,51,Fishing,gothenborg,1
57.70705,11.6593,0,188,206,2,FISKE PLATS,DK,47,0,STELLA NOVA,2,156348,9,25,5,0,43,1,2016-12-19T13:53:04.000Z,gothenborg,2016-12-19T00:00:00.000Z,51,Fishing,gothenborg,1
57.70707,11.65929,0,247,206,2,FISKE PLATS,DK,47,0,STELLA NOVA,2,156348,9,25,5,0,43,1,2016-12-19T13:55:05.000Z,gothenborg,2016-12-19T00:00:00.000Z,51,Fishing,gothenborg,1
57.70705,11.65929,0,263,207,2,FISKE PLATS,DK,47,0,STELLA NOVA,2,156348,9,25,5,0,43,1,2016-12-19T13:57:05.000Z,gothenborg,2016-12-19T00:00:00.000Z,51,Fishing,gothenborg,1
57.70705,11.65929,0,263,207,4,FISKE PLATS,DK,47,0,STELLA NOVA,2,156348,9,25,5,0,43,1,2016-12-19T13:59:04.000Z,gothenborg,2016-12-19T00:00:00.000Z,51,Fishing,gothenborg,1
57.70705,11.65929,0,263,207,5,FISKE PLATS,DK,47,0,STELLA NOVA,2,156348,9,25,5,0,43,1,2016-12-19T14:01:05.000Z,gothenborg,2016-12-19T00:00:00.000Z,51,Fishing,gothenborg,1
57.70706,11.65932,0,272,206,4,FISKE PLATS,DK,47,0,STELLA NOVA,2,156348,9,25,5,0,43,1,2016-12-19T14:03:05.000Z,gothenborg,2016-12-19T00:00:00.000Z,51,Fishing,gothenborg,1
57.70707,11.65929,0,240,206,2,FISKE PLATS,DK,47,0,STELLA NOVA,2,156348,9,25,5,0,43,1,2016-12-19T14:05:05.000Z,gothenborg,2016-12-19T00:00:00.000Z,51,Fishing,gothenborg,1
57.70707,11.65929,0,240,206,4,FISKE PLATS,DK,47,0,STELLA NOVA,2,156348,9,25,5,0,43,1,2016-12-19T14:07:05.000Z,gothenborg,2016-12-19T00:00:00.000Z,51,Fishing,gothenborg,1
57.70707,11.65929,0,240,206,4,FISKE PLATS,DK,47,0,STELLA NOVA,2,156348,9,25,5,0,43,1,2016-12-19T14:09:04.000Z,gothenborg,2016-12-19T00:00:00.000Z,51,Fishing,gothenborg,1
57.70706,11.65929,0,92,205,5,FISKE PLATS,DK,47,0,STELLA NOVA,2,156348,9,25,5,0,43,1,2016-12-19T14:11:05.000Z,gothenborg,2016-12-19T00:00:00.000Z,51,Fishing,gothenborg,1
57.70706,11.65927,0,215,205,3,FISKE PLATS,DK,47,0,STELLA NOVA,2,156348,9,25,5,0,43,1,2016-12-19T14:13:05.000Z,gothenborg,2016-12-19T00:00:00.000Z,51,Fishing,gothenborg,1
57.70705,11.6593,0,202,205,2,FISKE PLATS,DK,47,0,STELLA NOVA,2,156348,9,25,5,0,43,1,2016-12-19T14:15:05.000Z,gothenborg,2016-12-19T00:00:00.000Z,51,Fishing,gothenborg,1
57.70705,11.6593,0,202,205,2,FISKE PLATS,DK,47,0,STELLA NOVA,2,156348,9,25,5,0,43,1,2016-12-19T14:17:05.000Z,gothenborg,2016-12-19T00:00:00.000Z,51,Fishing,gothenborg,1
57.70705,11.6593,0,343,205,3,FISKE PLATS,DK,47,0,STELLA NOVA,2,156348,9,25,5,0,43,1,2016-12-19T14:19:05.000Z,gothenborg,2016-12-19T00:00:00.000Z,51,Fishing,gothenborg,1
57.70705,11.6593,0,343,205,5,FISKE PLATS,DK,47,0,STELLA NOVA,2,156348,9,25,5,0,43,1,2016-12-19T14:21:05.000Z,gothenborg,2016-12-19T00:00:00.000Z,51,Fishing,gothenborg,1
57.70705,11.6593,0,343,205,5,FISKE PLATS,DK,47,0,STELLA NOVA,2,156348,9,25,5,0,43,1,2016-12-19T14:23:04.000Z,gothenborg,2016-12-19T00:00:00.000Z,51,Fishing,gothenborg,1
57.70707,11.65931,0,188,204,5,FISKE PLATS,DK,47,0,STELLA NOVA,2,156348,9,25,5,0,43,1,2016-12-19T14:25:05.000Z,gothenborg,2016-12-19T00:00:00.000Z,51,Fishing,gothenborg,1
57.70706,11.65925,0,271,204,1,FISKE PLATS,DK,47,0,STELLA NOVA,2,156348,9,25,5,0,43,1,2016-12-19T14:27:05.000Z,gothenborg,2016-12-19T00:00:00.000Z,51,Fishing,gothenborg,1
57.70706,11.65925,0,271,204,5,FISKE PLATS,DK,47,0,STELLA NOVA,2,156348,9,25,5,0,43,1,2016-12-19T14:29:05.000Z,gothenborg,2016-12-19T00:00:00.000Z,51,Fishing,gothenborg,1
57.70707,11.65926,0,295,205,3,FISKE PLATS,DK,47,0,STELLA NOVA,2,156348,9,25,5,0,43,1,2016-12-19T14:31:05.000Z,gothenborg,2016-12-19T00:00:00.000Z,51,Fishing,gothenborg,1
57.70707,11.65926,0,295,205,5,FISKE PLATS,DK,47,0,STELLA NOVA,2,156348,9,25,5,0,43,1,2016-12-19T14:33:04.000Z,gothenborg,2016-12-19T00:00:00.000Z,51,Fishing,gothenborg,1
57.70708,11.65929,0,308,205,3,FISKE PLATS,DK,47,0,STELLA NOVA,2,156348,9,25,5,0,43,1,2016-12-19T14:35:05.000Z,gothenborg,2016-12-19T00:00:00.000Z,51,Fishing,gothenborg,1
57.70708,11.65929,0,308,205,5,FISKE PLATS,DK,47,0,STELLA NOVA,2,156348,9,25,5,0,43,1,2016-12-19T14:37:05.000Z,gothenborg,2016-12-19T00:00:00.000Z,51,Fishing,gothenborg,1
57.70709,11.65928,0,317,205,3,FISKE PLATS,DK,47,0,STELLA NOVA,2,156348,9,25,5,0,43,1,2016-12-19T14:39:06.000Z,gothenborg,2016-12-19T00:00:00.000Z,51,Fishing,gothenborg,1
57.70707,11.65926,0,313,206,2,FISKE PLATS,DK,47,0,STELLA NOVA,2,156348,9,25,5,0,43,1,2016-12-19T14:41:05.000Z,gothenborg,2016-12-19T00:00:00.000Z,51,Fishing,gothenborg,1
57.70707,11.65926,0,313,206,2,FISKE PLATS,DK,47,0,STELLA NOVA,2,156348,9,25,5,0,43,1,2016-12-19T14:43:05.000Z,gothenborg,2016-12-19T00:00:00.000Z,51,Fishing,gothenborg,1
57.70707,11.65926,0,313,206,6,FISKE PLATS,DK,47,0,STELLA NOVA,2,156348,9,25,5,0,43,1,2016-12-19T14:45:06.000Z,gothenborg,2016-12-19T00:00:00.000Z,51,Fishing,gothenborg,1
57.70707,11.65926,0,313,206,6,FISKE PLATS,DK,47,0,STELLA NOVA,2,156348,9,25,5,0,43,1,2016-12-19T14:47:05.000Z,gothenborg,2016-12-19T00:00:00.000Z,51,Fishing,gothenborg,1
57.70707,11.65927,0,325,206,5,FISKE PLATS,DK,47,0,STELLA NOVA,2,156348,9,25,5,0,43,1,2016-12-19T14:49:05.000Z,gothenborg,2016-12-19T00:00:00.000Z,51,Fishing,gothenborg,1
57.70709,11.65928,0,283,207,3,FISKE PLATS,DK,47,0,STELLA NOVA,2,156348,9,25,5,0,43,1,2016-12-19T14:51:05.000Z,gothenborg,2016-12-19T00:00:00.000Z,51,Fishing,gothenborg,1
57.70709,11.65928,0,283,207,5,FISKE PLATS,DK,47,0,STELLA NOVA,2,156348,9,25,5,0,43,1,2016-12-19T14:53:13.000Z,gothenborg,2016-12-19T00:00:00.000Z,51,Fishing,gothenborg,1
57.70706,11.6593,0,310,206,2,FISKE PLATS,DK,47,0,STELLA NOVA,2,156348,9,25,5,0,43,1,2016-12-19T14:55:05.000Z,gothenborg,2016-12-19T00:00:00.000Z,51,Fishing,gothenborg,1
57.70708,11.65932,0,277,206,2,FISKE PLATS,DK,47,0,STELLA NOVA,2,156348,9,25,5,0,43,1,2016-12-19T14:57:05.000Z,gothenborg,2016-12-19T00:00:00.000Z,51,Fishing,gothenborg,1
57.70708,11.65932,0,277,206,4,FISKE PLATS,DK,47,0,STELLA NOVA,2,156348,9,25,5,0,43,1,2016-12-19T14:59:06.000Z,gothenborg,2016-12-19T00:00:00.000Z,51,Fishing,gothenborg,1
57.70706,11.65931,0,2,206,3,FISKE PLATS,DK,47,0,STELLA NOVA,2,156348,9,25,5,0,43,1,2016-12-19T15:01:05.000Z,gothenborg,2016-12-19T00:00:00.000Z,51,Fishing,gothenborg,1
57.70707,11.6593,0,196,205,2,FISKE PLATS,DK,47,0,STELLA NOVA,2,156348,9,25,5,0,43,1,2016-12-19T15:03:05.000Z,gothenborg,2016-12-19T00:00:00.000Z,51,Fishing,gothenborg,1
57.70707,11.6593,0,196,205,4,FISKE PLATS,DK,47,0,STELLA NOVA,2,156348,9,25,5,0,43,1,2016-12-19T15:05:05.000Z,gothenborg,2016-12-19T00:00:00.000Z,51,Fishing,gothenborg,1
57.70708,11.6593,0,303,205,2,FISKE PLATS,DK,47,0,STELLA NOVA,2,156348,9,25,5,0,43,1,2016-12-19T15:07:05.000Z,gothenborg,2016-12-19T00:00:00.000Z,51,Fishing,gothenborg,1
57.70708,11.6593,0,303,205,4,FISKE PLATS,DK,47,0,STELLA NOVA,2,156348,9,25,5,0,43,1,2016-12-19T15:09:04.000Z,gothenborg,2016-12-19T00:00:00.000Z,51,Fishing,gothenborg,1
57.70705,11.65928,0,332,204,3,FISKE PLATS,DK,47,0,STELLA NOVA,2,156348,9,25,5,0,43,1,2016-12-19T15:11:12.000Z,gothenborg,2016-12-19T00:00:00.000Z,51,Fishing,gothenborg,1
57.70705,11.65928,0,332,204,5,FISKE PLATS,DK,47,0,STELLA NOVA,2,156348,9,25,5,0,43,1,2016-12-19T15:13:05.000Z,gothenborg,2016-12-19T00:00:00.000Z,51,Fishing,gothenborg,1
57.70707,11.65928,0,5,205,3,FISKE PLATS,DK,47,0,STELLA NOVA,2,156348,9,25,5,0,43,1,2016-12-19T15:15:05.000Z,gothenborg,2016-12-19T00:00:00.000Z,51,Fishing,gothenborg,1
57.70707,11.65928,0,5,205,5,FISKE PLATS,DK,47,0,STELLA NOVA,2,156348,9,25,5,0,43,1,2016-12-19T15:17:14.000Z,gothenborg,2016-12-19T00:00:00.000Z,51,Fishing,gothenborg,1
57.70706,11.6593,0,35,205,2,FISKE PLATS,DK,47,0,STELLA NOVA,2,156348,9,25,5,0,43,1,2016-12-19T15:19:05.000Z,gothenborg,2016-12-19T00:00:00.000Z,51,Fishing,gothenborg,1
57.70706,11.6593,0,35,205,4,FISKE PLATS,DK,47,0,STELLA NOVA,2,156348,9,25,5,0,43,1,2016-12-19T15:21:05.000Z,gothenborg,2016-12-19T00:00:00.000Z,51,Fishing,gothenborg,1
57.70706,11.65931,0,348,204,3,FISKE PLATS,DK,47,0,STELLA NOVA,2,156348,9,25,5,0,43,1,2016-12-19T15:23:05.000Z,gothenborg,2016-12-19T00:00:00.000Z,51,Fishing,gothenborg,1
57.70707,11.6593,0,1,204,2,FISKE PLATS,DK,47,0,STELLA NOVA,2,156348,9,25,5,0,43,1,2016-12-19T15:25:05.000Z,gothenborg,2016-12-19T00:00:00.000Z,51,Fishing,gothenborg,1
57.70707,11.6593,0,1,204,4,FISKE PLATS,DK,47,0,STELLA NOVA,2,156348,9,25,5,0,43,1,2016-12-19T15:27:05.000Z,gothenborg,2016-12-19T00:00:00.000Z,51,Fishing,gothenborg,1
57.70707,11.65927,0,0,204,3,FISKE PLATS,DK,47,0,STELLA NOVA,2,156348,9,25,5,0,43,1,2016-12-19T15:29:05.000Z,gothenborg,2016-12-19T00:00:00.000Z,51,Fishing,gothenborg,1
57.70707,11.65927,0,0,204,4,FISKE PLATS,DK,47,0,STELLA NOVA,2,156348,9,25,5,0,43,1,2016-12-19T15:31:05.000Z,gothenborg,2016-12-19T00:00:00.000Z,51,Fishing,gothenborg,1
57.70706,11.65929,0,275,205,4,FISKE PLATS,DK,47,0,STELLA NOVA,2,156348,9,25,5,0,43,1,2016-12-19T15:33:05.000Z,gothenborg,2016-12-19T00:00:00.000Z,51,Fishing,gothenborg,1
57.70705,11.65929,0,333,205,3,FISKE PLATS,DK,47,0,STELLA NOVA,2,156348,9,25,5,0,43,1,2016-12-19T15:35:05.000Z,gothenborg,2016-12-19T00:00:00.000Z,51,Fishing,gothenborg,1
57.70708,11.65929,0,257,204,2,FISKE PLATS,DK,47,0,STELLA NOVA,2,156348,9,25,5,0,43,1,2016-12-19T15:37:05.000Z,gothenborg,2016-12-19T00:00:00.000Z,51,Fishing,gothenborg,1
57.70708,11.65929,0,257,204,4,FISKE PLATS,DK,47,0,STELLA NOVA,2,156348,9,25,5,0,43,1,2016-12-19T15:39:05.000Z,gothenborg,2016-12-19T00:00:00.000Z,51,Fishing,gothenborg,1
57.70707,11.65928,0,314,204,2,FISKE PLATS,DK,47,0,STELLA NOVA,2,156348,9,25,5,0,43,1,2016-12-19T15:41:05.000Z,gothenborg,2016-12-19T00:00:00.000Z,51,Fishing,gothenborg,1
57.70707,11.65928,0,314,204,4,FISKE PLATS,DK,47,0,STELLA NOVA,2,156348,9,25,5,0,43,1,2016-12-19T15:43:05.000Z,gothenborg,2016-12-19T00:00:00.000Z,51,Fishing,gothenborg,1
57.70707,11.65928,0,314,204,6,FISKE PLATS,DK,47,0,STELLA NOVA,2,156348,9,25,5,0,43,1,2016-12-19T15:45:06.000Z,gothenborg,2016-12-19T00:00:00.000Z,51,Fishing,gothenborg,1
57.70707,11.65928,0,339,204,4,FISKE PLATS,DK,47,0,STELLA NOVA,2,156348,9,25,5,0,43,1,2016-12-19T15:47:05.000Z,gothenborg,2016-12-19T00:00:00.000Z,51,Fishing,gothenborg,1
57.70706,11.65928,0,275,204,3,FISKE PLATS,DK,47,0,STELLA NOVA,2,156348,9,25,5,0,43,1,2016-12-19T15:49:05.000Z,gothenborg,2016-12-19T00:00:00.000Z,51,Fishing,gothenborg,1
57.70706,11.65928,0,275,204,5,FISKE PLATS,DK,47,0,STELLA NOVA,2,156348,9,25,5,0,43,1,2016-12-19T15:51:05.000Z,gothenborg,2016-12-19T00:00:00.000Z,51,Fishing,gothenborg,1
57.70707,11.65928,0,272,205,3,FISKE PLATS,DK,47,0,STELLA NOVA,2,156348,9,25,5,0,43,1,2016-12-19T15:53:05.000Z,gothenborg,2016-12-19T00:00:00.000Z,51,Fishing,gothenborg,1
57.70707,11.65928,0,272,205,5,FISKE PLATS,DK,47,0,STELLA NOVA,2,156348,9,25,5,0,43,1,2016-12-19T15:55:05.000Z,gothenborg,2016-12-19T00:00:00.000Z,51,Fishing,gothenborg,1
57.70704,11.65926,0,220,205,3,FISKE PLATS,DK,47,0,STELLA NOVA,2,156348,9,25,5,0,43,1,2016-12-19T15:57:05.000Z,gothenborg,2016-12-19T00:00:00.000Z,51,Fishing,gothenborg,1
57.70704,11.65926,0,220,205,5,FISKE PLATS,DK,47,0,STELLA NOVA,2,156348,9,25,5,0,43,1,2016-12-19T15:59:05.000Z,gothenborg,2016-12-19T00:00:00.000Z,51,Fishing,gothenborg,1
57.70706,11.65928,0,250,205,1,FISKE PLATS,DK,47,0,STELLA NOVA,2,156348,9,25,5,0,43,1,2016-12-19T16:01:05.000Z,gothenborg,2016-12-19T00:00:00.000Z,51,Fishing,gothenborg,1
57.70707,11.65929,0,180,205,2,FISKE PLATS,DK,47,0,STELLA NOVA,2,156348,9,25,5,0,43,1,2016-12-19T16:03:13.000Z,gothenborg,2016-12-19T00:00:00.000Z,51,Fishing,gothenborg,1
57.70707,11.65929,0,180,205,4,FISKE PLATS,DK,47,0,STELLA NOVA,2,156348,9,25,5,0,43,1,2016-12-19T16:05:05.000Z,gothenborg,2016-12-19T00:00:00.000Z,51,Fishing,gothenborg,1
57.70706,11.65929,0,298,206,3,FISKE PLATS,DK,47,0,STELLA NOVA,2,156348,9,25,5,0,43,1,2016-12-19T16:07:05.000Z,gothenborg,2016-12-19T00:00:00.000Z,51,Fishing,gothenborg,1
57.70706,11.65929,0,298,206,5,FISKE PLATS,DK,47,0,STELLA NOVA,2,156348,9,25,5,0,43,1,2016-12-19T16:09:05.000Z,gothenborg,2016-12-19T00:00:00.000Z,51,Fishing,gothenborg,1
57.70707,11.6593,0,256,205,2,FISKE PLATS,DK,47,0,STELLA NOVA,2,156348,9,25,5,0,43,1,2016-12-19T16:11:13.000Z,gothenborg,2016-12-19T00:00:00.000Z,51,Fishing,gothenborg,1
57.70707,11.6593,0,256,205,4,FISKE PLATS,DK,47,0,STELLA NOVA,2,156348,9,25,5,0,43,1,2016-12-19T16:13:15.000Z,gothenborg,2016-12-19T00:00:00.000Z,51,Fishing,gothenborg,1
57.70707,11.6593,0,256,205,4,FISKE PLATS,DK,47,0,STELLA NOVA,2,156348,9,25,5,0,43,1,2016-12-19T16:15:05.000Z,gothenborg,2016-12-19T00:00:00.000Z,51,Fishing,gothenborg,1
57.70707,11.65924,0,197,205,3,FISKE PLATS,DK,47,0,STELLA NOVA,2,156348,9,25,5,0,43,1,2016-12-19T16:17:05.000Z,gothenborg,2016-12-19T00:00:00.000Z,51,Fishing,gothenborg,1
57.70707,11.65924,0,197,205,3,FISKE PLATS,DK,47,0,STELLA NOVA,2,156348,9,25,5,0,43,1,2016-12-19T16:19:04.000Z,gothenborg,2016-12-19T00:00:00.000Z,51,Fishing,gothenborg,1
57.70705,11.65929,0,224,206,3,FISKE PLATS,DK,47,0,STELLA NOVA,2,156348,9,25,5,0,43,1,2016-12-19T16:21:05.000Z,gothenborg,2016-12-19T00:00:00.000Z,51,Fishing,gothenborg,1
57.70707,11.65929,0,249,206,2,FISKE PLATS,DK,47,0,STELLA NOVA,2,156348,9,25,5,0,43,1,2016-12-19T16:23:05.000Z,gothenborg,2016-12-19T00:00:00.000Z,51,Fishing,gothenborg,1
57.70707,11.65929,0,249,206,4,FISKE PLATS,DK,47,0,STELLA NOVA,2,156348,9,25,5,0,43,1,2016-12-19T16:25:05.000Z,gothenborg,2016-12-19T00:00:00.000Z,51,Fishing,gothenborg,1
57.70705,11.65929,0,212,205,3,FISKE PLATS,DK,47,0,STELLA NOVA,2,156348,9,25,5,0,43,1,2016-12-19T16:31:05.000Z,gothenborg,2016-12-19T00:00:00.000Z,51,Fishing,gothenborg,1
57.70705,11.65929,0,205,205,2,FISKE PLATS,DK,47,0,STELLA NOVA,2,156348,9,25,5,0,43,1,2016-12-19T16:33:14.000Z,gothenborg,2016-12-19T00:00:00.000Z,51,Fishing,gothenborg,1
57.70705,11.65929,0,205,205,4,FISKE PLATS,DK,47,0,STELLA NOVA,2,156348,9,25,5,0,43,1,2016-12-19T16:35:05.000Z,gothenborg,2016-12-19T00:00:00.000Z,51,Fishing,gothenborg,1
57.70705,11.65929,0,299,205,2,FISKE PLATS,DK,47,0,STELLA NOVA,2,156348,9,25,5,0,43,1,2016-12-19T16:37:04.000Z,gothenborg,2016-12-19T00:00:00.000Z,51,Fishing,gothenborg,1
57.70705,11.65929,0,299,205,4,FISKE PLATS,DK,47,0,STELLA NOVA,2,156348,9,25,5,0,43,1,2016-12-19T16:39:05.000Z,gothenborg,2016-12-19T00:00:00.000Z,51,Fishing,gothenborg,1
57.70705,11.65928,0,201,206,2,FISKE PLATS,DK,47,0,STELLA NOVA,2,156348,9,25,5,0,43,1,2016-12-19T16:41:05.000Z,gothenborg,2016-12-19T00:00:00.000Z,51,Fishing,gothenborg,1
57.70705,11.65928,0,201,206,4,FISKE PLATS,DK,47,0,STELLA NOVA,2,156348,9,25,5,0,43,1,2016-12-19T16:43:05.000Z,gothenborg,2016-12-19T00:00:00.000Z,51,Fishing,gothenborg,1
57.70705,11.65928,0,201,206,6,FISKE PLATS,DK,47,0,STELLA NOVA,2,156348,9,25,5,0,43,1,2016-12-19T16:45:05.000Z,gothenborg,2016-12-19T00:00:00.000Z,51,Fishing,gothenborg,1
57.70705,11.6593,0,287,205,4,FISKE PLATS,DK,47,0,STELLA NOVA,2,156348,9,25,5,0,43,1,2016-12-19T16:47:05.000Z,gothenborg,2016-12-19T00:00:00.000Z,51,Fishing,gothenborg,1
57.70705,11.6593,0,287,205,6,FISKE PLATS,DK,47,0,STELLA NOVA,2,156348,9,25,5,0,43,1,2016-12-19T16:49:05.000Z,gothenborg,2016-12-19T00:00:00.000Z,51,Fishing,gothenborg,1
57.70706,11.6593,0,166,205,3,FISKE PLATS,DK,47,0,STELLA NOVA,2,156348,9,25,5,0,43,1,2016-12-19T16:51:05.000Z,gothenborg,2016-12-19T00:00:00.000Z,51,Fishing,gothenborg,1
57.70706,11.6593,0,166,205,5,FISKE PLATS,DK,47,0,STELLA NOVA,2,156348,9,25,5,0,43,1,2016-12-19T16:53:05.000Z,gothenborg,2016-12-19T00:00:00.000Z,51,Fishing,gothenborg,1
57.70706,11.65927,0,240,205,1,FISKE PLATS,DK,47,0,STELLA NOVA,2,156348,9,25,5,0,43,1,2016-12-19T16:55:05.000Z,gothenborg,2016-12-19T00:00:00.000Z,51,Fishing,gothenborg,1
57.70706,11.65927,0,240,205,5,FISKE PLATS,DK,47,0,STELLA NOVA,2,156348,9,25,5,0,43,1,2016-12-19T16:57:05.000Z,gothenborg,2016-12-19T00:00:00.000Z,51,Fishing,gothenborg,1
57.70706,11.65928,0,256,204,3,FISKE PLATS,DK,47,0,STELLA NOVA,2,156348,9,25,5,0,43,1,2016-12-19T16:59:05.000Z,gothenborg,2016-12-19T00:00:00.000Z,51,Fishing,gothenborg,1
57.70706,11.65928,0,256,204,5,FISKE PLATS,DK,47,0,STELLA NOVA,2,156348,9,25,5,0,43,1,2016-12-19T17:01:13.000Z,gothenborg,2016-12-19T00:00:00.000Z,51,Fishing,gothenborg,1
57.70706,11.65928,0,256,204,5,FISKE PLATS,DK,47,0,STELLA NOVA,2,156348,9,25,5,0,43,1,2016-12-19T17:03:07.000Z,gothenborg,2016-12-19T00:00:00.000Z,51,Fishing,gothenborg,1
57.70706,11.65928,0,300,205,4,FISKE PLATS,DK,47,0,STELLA NOVA,2,156348,9,25,5,0,43,1,2016-12-19T17:05:05.000Z,gothenborg,2016-12-19T00:00:00.000Z,51,Fishing,gothenborg,1
57.70705,11.65929,0,312,205,3,FISKE PLATS,DK,47,0,STELLA NOVA,2,156348,9,25,5,0,43,1,2016-12-19T17:07:05.000Z,gothenborg,2016-12-19T00:00:00.000Z,51,Fishing,gothenborg,1
57.70707,11.65928,0,351,204,2,FISKE PLATS,DK,47,0,STELLA NOVA,2,156348,9,25,5,0,43,1,2016-12-19T17:09:05.000Z,gothenborg,2016-12-19T00:00:00.000Z,51,Fishing,gothenborg,1
57.70707,11.65928,0,351,204,4,FISKE PLATS,DK,47,0,STELLA NOVA,2,156348,9,25,5,0,43,1,2016-12-19T17:11:05.000Z,gothenborg,2016-12-19T00:00:00.000Z,51,Fishing,gothenborg,1
57.70705,11.65929,0,304,205,2,FISKE PLATS,DK,47,0,STELLA NOVA,2,156348,9,25,5,0,43,1,2016-12-19T17:13:05.000Z,gothenborg,2016-12-19T00:00:00.000Z,51,Fishing,gothenborg,1
57.70705,11.65929,0,304,205,4,FISKE PLATS,DK,47,0,STELLA NOVA,2,156348,9,25,5,0,43,1,2016-12-19T17:15:05.000Z,gothenborg,2016-12-19T00:00:00.000Z,51,Fishing,gothenborg,1
57.70706,11.65928,0,283,205,3,FISKE PLATS,DK,47,0,STELLA NOVA,2,156348,9,25,5,0,43,1,2016-12-19T17:17:04.000Z,gothenborg,2016-12-19T00:00:00.000Z,51,Fishing,gothenborg,1
57.70706,11.65928,0,283,205,5,FISKE PLATS,DK,47,0,STELLA NOVA,2,156348,9,25,5,0,43,1,2016-12-19T17:19:05.000Z,gothenborg,2016-12-19T00:00:00.000Z,51,Fishing,gothenborg,1
57.70706,11.6593,0,310,205,4,FISKE PLATS,DK,47,0,STELLA NOVA,2,156348,9,25,5,0,43,1,2016-12-19T17:21:13.000Z,gothenborg,2016-12-19T00:00:00.000Z,51,Fishing,gothenborg,1
57.70706,11.65927,0,276,205,1,FISKE PLATS,DK,47,0,STELLA NOVA,2,156348,9,25,5,0,43,1,2016-12-19T17:23:13.000Z,gothenborg,2016-12-19T00:00:00.000Z,51,Fishing,gothenborg,1
57.70705,11.65928,0,276,205,2,FISKE PLATS,DK,47,0,STELLA NOVA,2,156348,9,25,5,0,43,1,2016-12-19T17:25:04.000Z,gothenborg,2016-12-19T00:00:00.000Z,51,Fishing,gothenborg,1
57.70705,11.65928,0,276,205,2,FISKE PLATS,DK,47,0,STELLA NOVA,2,156348,9,25,5,0,43,1,2016-12-19T17:27:05.000Z,gothenborg,2016-12-19T00:00:00.000Z,51,Fishing,gothenborg,1
57.70704,11.65929,0,285,205,2,FISKE PLATS,DK,47,0,STELLA NOVA,2,156348,9,25,5,0,43,1,2016-12-19T17:29:05.000Z,gothenborg,2016-12-19T00:00:00.000Z,51,Fishing,gothenborg,1
57.70704,11.65929,0,285,205,4,FISKE PLATS,DK,47,0,STELLA NOVA,2,156348,9,25,5,0,43,1,2016-12-19T17:31:05.000Z,gothenborg,2016-12-19T00:00:00.000Z,51,Fishing,gothenborg,1
57.70706,11.65927,0,299,206,2,FISKE PLATS,DK,47,0,STELLA NOVA,2,156348,9,25,5,0,43,1,2016-12-19T17:33:05.000Z,gothenborg,2016-12-19T00:00:00.000Z,51,Fishing,gothenborg,1
57.70706,11.65927,0,299,206,2,FISKE PLATS,DK,47,0,STELLA NOVA,2,156348,9,25,5,0,43,1,2016-12-19T17:35:05.000Z,gothenborg,2016-12-19T00:00:00.000Z,51,Fishing,gothenborg,1
57.70706,11.6593,0,316,206,2,FISKE PLATS,DK,47,0,STELLA NOVA,2,156348,9,25,5,0,43,1,2016-12-19T17:37:05.000Z,gothenborg,2016-12-19T00:00:00.000Z,51,Fishing,gothenborg,1
57.70706,11.6593,0,316,206,4,FISKE PLATS,DK,47,0,STELLA NOVA,2,156348,9,25,5,0,43,1,2016-12-19T17:39:05.000Z,gothenborg,2016-12-19T00:00:00.000Z,51,Fishing,gothenborg,1
57.70709,11.65925,0,258,205,2,FISKE PLATS,DK,47,0,STELLA NOVA,2,156348,9,25,5,0,43,1,2016-12-19T17:41:05.000Z,gothenborg,2016-12-19T00:00:00.000Z,51,Fishing,gothenborg,1
57.70709,11.65925,0,258,205,4,FISKE PLATS,DK,47,0,STELLA NOVA,2,156348,9,25,5,0,43,1,2016-12-19T17:43:13.000Z,gothenborg,2016-12-19T00:00:00.000Z,51,Fishing,gothenborg,1
57.70707,11.65927,0,299,205,3,FISKE PLATS,DK,47,0,STELLA NOVA,2,156348,9,25,5,0,43,1,2016-12-19T17:45:05.000Z,gothenborg,2016-12-19T00:00:00.000Z,51,Fishing,gothenborg,1
57.70707,11.65924,0,321,205,2,FISKE PLATS,DK,47,0,STELLA NOVA,2,156348,9,25,5,0,43,1,2016-12-19T17:47:14.000Z,gothenborg,2016-12-19T00:00:00.000Z,51,Fishing,gothenborg,1
57.70707,11.65924,0,321,205,2,FISKE PLATS,DK,47,0,STELLA NOVA,2,156348,9,25,5,0,43,1,2016-12-19T17:49:05.000Z,gothenborg,2016-12-19T00:00:00.000Z,51,Fishing,gothenborg,1
57.70707,11.65927,0,306,205,2,FISKE PLATS,DK,47,0,STELLA NOVA,2,156348,9,25,5,0,43,1,2016-12-19T17:51:04.000Z,gothenborg,2016-12-19T00:00:00.000Z,51,Fishing,gothenborg,1
57.70707,11.65927,0,306,205,4,FISKE PLATS,DK,47,0,STELLA NOVA,2,156348,9,25,5,0,43,1,2016-12-19T17:53:05.000Z,gothenborg,2016-12-19T00:00:00.000Z,51,Fishing,gothenborg,1
57.70705,11.65926,0,327,204,3,FISKE PLATS,DK,47,0,STELLA NOVA,2,156348,9,25,5,0,43,1,2016-12-19T17:55:05.000Z,gothenborg,2016-12-19T00:00:00.000Z,51,Fishing,gothenborg,1
57.70705,11.65926,0,327,204,3,FISKE PLATS,DK,47,0,STELLA NOVA,2,156348,9,25,5,0,43,1,2016-12-19T17:57:12.000Z,gothenborg,2016-12-19T00:00:00.000Z,51,Fishing,gothenborg,1
57.70704,11.65926,0,350,205,4,FISKE PLATS,DK,47,0,STELLA NOVA,2,156348,9,25,5,0,43,1,2016-12-19T17:59:05.000Z,gothenborg,2016-12-19T00:00:00.000Z,51,Fishing,gothenborg,1
57.70707,11.65928,0,355,205,2,FISKE PLATS,DK,47,0,STELLA NOVA,2,156348,9,25,5,0,43,1,2016-12-19T18:01:16.000Z,gothenborg,2016-12-19T00:00:00.000Z,51,Fishing,gothenborg,1
57.70707,11.65928,0,355,205,4,FISKE PLATS,DK,47,0,STELLA NOVA,2,156348,9,25,5,0,43,1,2016-12-19T18:03:05.000Z,gothenborg,2016-12-19T00:00:00.000Z,51,Fishing,gothenborg,1
57.70702,11.65926,0,144,204,2,FISKE PLATS,DK,47,0,STELLA NOVA,2,156348,9,25,5,0,43,1,2016-12-19T18:05:05.000Z,gothenborg,2016-12-19T00:00:00.000Z,51,Fishing,gothenborg,1
57.70702,11.65926,0,144,204,4,FISKE PLATS,DK,47,0,STELLA NOVA,2,156348,9,25,5,0,43,1,2016-12-19T18:07:05.000Z,gothenborg,2016-12-19T00:00:00.000Z,51,Fishing,gothenborg,1
57.70705,11.65927,0,225,204,2,FISKE PLATS,DK,47,0,STELLA NOVA,2,156348,9,25,5,0,43,1,2016-12-19T18:09:05.000Z,gothenborg,2016-12-19T00:00:00.000Z,51,Fishing,gothenborg,1
57.70707,11.65928,0,227,205,2,FISKE PLATS,DK,47,0,STELLA NOVA,2,156348,9,25,5,0,43,1,2016-12-19T18:11:05.000Z,gothenborg,2016-12-19T00:00:00.000Z,51,Fishing,gothenborg,1
57.70707,11.65928,0,227,205,2,FISKE PLATS,DK,47,0,STELLA NOVA,2,156348,9,25,5,0,43,1,2016-12-19T18:13:05.000Z,gothenborg,2016-12-19T00:00:00.000Z,51,Fishing,gothenborg,1
57.70705,11.65924,0,252,204,2,FISKE PLATS,DK,47,0,STELLA NOVA,2,156348,9,25,5,0,43,1,2016-12-19T18:15:05.000Z,gothenborg,2016-12-19T00:00:00.000Z,51,Fishing,gothenborg,1
57.70705,11.65924,0,252,204,4,FISKE PLATS,DK,47,0,STELLA NOVA,2,156348,9,25,5,0,43,1,2016-12-19T18:17:13.000Z,gothenborg,2016-12-19T00:00:00.000Z,51,Fishing,gothenborg,1
57.70707,11.65928,0,285,204,3,FISKE PLATS,DK,47,0,STELLA NOVA,2,156348,9,25,5,0,43,1,2016-12-19T18:19:05.000Z,gothenborg,2016-12-19T00:00:00.000Z,51,Fishing,gothenborg,1
57.70707,11.65928,0,285,204,5,FISKE PLATS,DK,47,0,STELLA NOVA,2,156348,9,25,5,0,43,1,2016-12-19T18:21:08.000Z,gothenborg,2016-12-19T00:00:00.000Z,51,Fishing,gothenborg,1
57.70707,11.65925,0,342,205,3,FISKE PLATS,DK,47,0,STELLA NOVA,2,156348,9,25,5,0,43,1,2016-12-19T18:23:05.000Z,gothenborg,2016-12-19T00:00:00.000Z,51,Fishing,gothenborg,1
57.70707,11.65925,0,342,205,3,FISKE PLATS,DK,47,0,STELLA NOVA,2,156348,9,25,5,0,43,1,2016-12-19T18:25:22.000Z,gothenborg,2016-12-19T00:00:00.000Z,51,Fishing,gothenborg,1
57.70707,11.65929,0,272,205,3,FISKE PLATS,DK,47,0,STELLA NOVA,2,156348,9,25,5,0,43,1,2016-12-19T18:27:14.000Z,gothenborg,2016-12-19T00:00:00.000Z,51,Fishing,gothenborg,1
57.70707,11.65929,0,272,205,5,FISKE PLATS,DK,47,0,STELLA NOVA,2,156348,9,25,5,0,43,1,2016-12-19T18:29:06.000Z,gothenborg,2016-12-19T00:00:00.000Z,51,Fishing,gothenborg,1
57.70709,11.65928,0,357,205,2,FISKE PLATS,DK,47,0,STELLA NOVA,2,156348,9,25,5,0,43,1,2016-12-19T18:31:05.000Z,gothenborg,2016-12-19T00:00:00.000Z,51,Fishing,gothenborg,1
57.70709,11.65928,0,357,205,5,FISKE PLATS,DK,47,0,STELLA NOVA,2,156348,9,25,5,0,43,1,2016-12-19T18:33:05.000Z,gothenborg,2016-12-19T00:00:00.000Z,51,Fishing,gothenborg,1
57.70708,11.65927,0,64,205,3,FISKE PLATS,DK,47,0,STELLA NOVA,2,156348,9,25,5,0,43,1,2016-12-19T18:35:05.000Z,gothenborg,2016-12-19T00:00:00.000Z,51,Fishing,gothenborg,1
57.70706,11.65929,0,323,205,2,FISKE PLATS,DK,47,0,STELLA NOVA,2,156348,9,25,5,0,43,1,2016-12-19T18:37:05.000Z,gothenborg,2016-12-19T00:00:00.000Z,51,Fishing,gothenborg,1
57.70706,11.65929,0,323,205,4,FISKE PLATS,DK,47,0,STELLA NOVA,2,156348,9,25,5,0,43,1,2016-12-19T18:39:04.000Z,gothenborg,2016-12-19T00:00:00.000Z,51,Fishing,gothenborg,1
57.70707,11.65931,0,3,205,2,FISKE PLATS,DK,47,0,STELLA NOVA,2,156348,9,25,5,0,43,1,2016-12-19T18:41:05.000Z,gothenborg,2016-12-19T00:00:00.000Z,51,Fishing,gothenborg,1
57.70707,11.65931,0,3,205,4,FISKE PLATS,DK,47,0,STELLA NOVA,2,156348,9,25,5,0,43,1,2016-12-19T18:43:05.000Z,gothenborg,2016-12-19T00:00:00.000Z,51,Fishing,gothenborg,1
57.70708,11.65928,0,339,205,3,FISKE PLATS,DK,47,0,STELLA NOVA,2,156348,9,25,5,0,43,1,2016-12-19T18:45:05.000Z,gothenborg,2016-12-19T00:00:00.000Z,51,Fishing,gothenborg,1
57.70708,11.65928,0,339,205,3,FISKE PLATS,DK,47,0,STELLA NOVA,2,156348,9,25,5,0,43,1,2016-12-19T18:47:05.000Z,gothenborg,2016-12-19T00:00:00.000Z,51,Fishing,gothenborg,1
57.70706,11.65926,0,36,206,3,FISKE PLATS,DK,47,0,STELLA NOVA,2,156348,9,25,5,0,43,1,2016-12-19T18:49:05.000Z,gothenborg,2016-12-19T00:00:00.000Z,51,Fishing,gothenborg,1
57.70706,11.65926,0,36,206,5,FISKE PLATS,DK,47,0,STELLA NOVA,2,156348,9,25,5,0,43,1,2016-12-19T18:51:05.000Z,gothenborg,2016-12-19T00:00:00.000Z,51,Fishing,gothenborg,1
57.70707,11.6593,0,202,206,3,FISKE PLATS,DK,47,0,STELLA NOVA,2,156348,9,25,5,0,43,1,2016-12-19T18:53:04.000Z,gothenborg,2016-12-19T00:00:00.000Z,51,Fishing,gothenborg,1
57.70707,11.65929,0,197,205,2,FISKE PLATS,DK,47,0,STELLA NOVA,2,156348,9,25,5,0,43,1,2016-12-19T18:55:05.000Z,gothenborg,2016-12-19T00:00:00.000Z,51,Fishing,gothenborg,1
57.70707,11.65929,0,197,205,4,FISKE PLATS,DK,47,0,STELLA NOVA,2,156348,9,25,5,0,43,1,2016-12-19T18:57:05.000Z,gothenborg,2016-12-19T00:00:00.000Z,51,Fishing,gothenborg,1
57.70708,11.65929,0,113,205,3,FISKE PLATS,DK,47,0,STELLA NOVA,2,156348,9,25,5,0,43,1,2016-12-19T18:59:05.000Z,gothenborg,2016-12-19T00:00:00.000Z,51,Fishing,gothenborg,1
57.70707,11.65928,0,56,205,2,FISKE PLATS,DK,47,0,STELLA NOVA,2,156348,9,25,5,0,43,1,2016-12-19T19:01:05.000Z,gothenborg,2016-12-19T00:00:00.000Z,51,Fishing,gothenborg,1
57.70707,11.65928,0,56,205,4,FISKE PLATS,DK,47,0,STELLA NOVA,2,156348,9,25,5,0,43,1,2016-12-19T19:03:05.000Z,gothenborg,2016-12-19T00:00:00.000Z,51,Fishing,gothenborg,1
57.70707,11.65928,0,55,205,3,FISKE PLATS,DK,47,0,STELLA NOVA,2,156348,9,25,5,0,43,1,2016-12-19T19:05:05.000Z,gothenborg,2016-12-19T00:00:00.000Z,51,Fishing,gothenborg,1
57.70707,11.65928,0,55,205,5,FISKE PLATS,DK,47,0,STELLA NOVA,2,156348,9,25,5,0,43,1,2016-12-19T19:07:05.000Z,gothenborg,2016-12-19T00:00:00.000Z,51,Fishing,gothenborg,1
57.70705,11.65928,0,355,206,3,FISKE PLATS,DK,47,0,STELLA NOVA,2,156348,9,25,5,0,43,1,2016-12-19T19:09:04.000Z,gothenborg,2016-12-19T00:00:00.000Z,51,Fishing,gothenborg,1
57.70705,11.65928,0,355,206,5,FISKE PLATS,DK,47,0,STELLA NOVA,2,156348,9,25,5,0,43,1,2016-12-19T19:11:05.000Z,gothenborg,2016-12-19T00:00:00.000Z,51,Fishing,gothenborg,1
57.70705,11.65928,0,238,205,2,FISKE PLATS,DK,47,0,STELLA NOVA,2,156348,9,25,5,0,43,1,2016-12-19T19:13:05.000Z,gothenborg,2016-12-19T00:00:00.000Z,51,Fishing,gothenborg,1
57.70705,11.65928,0,238,205,4,FISKE PLATS,DK,47,0,STELLA NOVA,2,156348,9,25,5,0,43,1,2016-12-19T19:15:05.000Z,gothenborg,2016-12-19T00:00:00.000Z,51,Fishing,gothenborg,1
57.70705,11.65928,0,326,205,2,FISKE PLATS,DK,47,0,STELLA NOVA,2,156348,9,25,5,0,43,1,2016-12-19T19:17:04.000Z,gothenborg,2016-12-19T00:00:00.000Z,51,Fishing,gothenborg,1
57.70705,11.65928,0,326,205,4,FISKE PLATS,DK,47,0,STELLA NOVA,2,156348,9,25,5,0,43,1,2016-12-19T19:19:05.000Z,gothenborg,2016-12-19T00:00:00.000Z,51,Fishing,gothenborg,1
57.70707,11.65926,0,323,206,2,FISKE PLATS,DK,47,0,STELLA NOVA,2,156348,9,25,5,0,43,1,2016-12-19T19:21:05.000Z,gothenborg,2016-12-19T00:00:00.000Z,51,Fishing,gothenborg,1
57.70707,11.65926,0,323,206,2,FISKE PLATS,DK,47,0,STELLA NOVA,2,156348,9,25,5,0,43,1,2016-12-19T19:23:04.000Z,gothenborg,2016-12-19T00:00:00.000Z,51,Fishing,gothenborg,1
57.70707,11.6593,0,286,205,2,FISKE PLATS,DK,47,0,STELLA NOVA,2,156348,9,25,5,0,43,1,2016-12-19T19:25:05.000Z,gothenborg,2016-12-19T00:00:00.000Z,51,Fishing,gothenborg,1
57.70707,11.6593,0,286,205,4,FISKE PLATS,DK,47,0,STELLA NOVA,2,156348,9,25,5,0,43,1,2016-12-19T19:27:05.000Z,gothenborg,2016-12-19T00:00:00.000Z,51,Fishing,gothenborg,1
57.70707,11.65927,0,263,205,3,FISKE PLATS,DK,47,0,STELLA NOVA,2,156348,9,25,5,0,43,1,2016-12-19T19:29:05.000Z,gothenborg,2016-12-19T00:00:00.000Z,51,Fishing,gothenborg,1
57.70706,11.65929,0,314,206,1,FISKE PLATS,DK,47,0,STELLA NOVA,2,156348,9,25,5,0,43,1,2016-12-19T19:31:05.000Z,gothenborg,2016-12-19T00:00:00.000Z,51,Fishing,gothenborg,1
57.70707,11.65927,0,200,206,2,FISKE PLATS,DK,47,0,STELLA NOVA,2,156348,9,25,5,0,43,1,2016-12-19T19:35:05.000Z,gothenborg,2016-12-19T00:00:00.000Z,51,Fishing,gothenborg,1
57.70707,11.65927,0,200,206,4,FISKE PLATS,DK,47,0,STELLA NOVA,2,156348,9,25,5,0,43,1,2016-12-19T19:37:05.000Z,gothenborg,2016-12-19T00:00:00.000Z,51,Fishing,gothenborg,1
57.70705,11.65925,0,334,206,2,FISKE PLATS,DK,47,0,STELLA NOVA,2,156348,9,25,5,0,43,1,2016-12-19T19:39:04.000Z,gothenborg,2016-12-19T00:00:00.000Z,51,Fishing,gothenborg,1
57.70705,11.65925,0,334,206,4,FISKE PLATS,DK,47,0,STELLA NOVA,2,156348,9,25,5,0,43,1,2016-12-19T19:41:05.000Z,gothenborg,2016-12-19T00:00:00.000Z,51,Fishing,gothenborg,1
57.70708,11.65928,0,299,205,2,FISKE PLATS,DK,47,0,STELLA NOVA,2,156348,9,25,5,0,43,1,2016-12-19T19:43:12.000Z,gothenborg,2016-12-19T00:00:00.000Z,51,Fishing,gothenborg,1
57.70708,11.65928,0,299,205,4,FISKE PLATS,DK,47,0,STELLA NOVA,2,156348,9,25,5,0,43,1,2016-12-19T19:45:04.000Z,gothenborg,2016-12-19T00:00:00.000Z,51,Fishing,gothenborg,1
57.70708,11.65928,0,299,205,4,FISKE PLATS,DK,47,0,STELLA NOVA,2,156348,9,25,5,0,43,1,2016-12-19T19:47:05.000Z,gothenborg,2016-12-19T00:00:00.000Z,51,Fishing,gothenborg,1
57.70707,11.65928,0,296,205,4,FISKE PLATS,DK,47,0,STELLA NOVA,2,156348,9,25,5,0,43,1,2016-12-19T19:49:05.000Z,gothenborg,2016-12-19T00:00:00.000Z,51,Fishing,gothenborg,1
57.70705,11.65926,0,273,206,2,FISKE PLATS,DK,47,0,STELLA NOVA,2,156348,9,25,5,0,43,1,2016-12-19T19:51:05.000Z,gothenborg,2016-12-19T00:00:00.000Z,51,Fishing,gothenborg,1
57.70705,11.65926,0,273,206,2,FISKE PLATS,DK,47,0,STELLA NOVA,2,156348,9,25,5,0,43,1,2016-12-19T19:53:05.000Z,gothenborg,2016-12-19T00:00:00.000Z,51,Fishing,gothenborg,1
57.70705,11.65928,0,330,207,2,FISKE PLATS,DK,47,0,STELLA NOVA,2,156348,9,25,5,0,43,1,2016-12-19T19:55:05.000Z,gothenborg,2016-12-19T00:00:00.000Z,51,Fishing,gothenborg,1
57.70705,11.65928,0,330,207,4,FISKE PLATS,DK,47,0,STELLA NOVA,2,156348,9,25,5,0,43,1,2016-12-19T19:57:05.000Z,gothenborg,2016-12-19T00:00:00.000Z,51,Fishing,gothenborg,1
57.70705,11.65928,0,330,207,5,FISKE PLATS,DK,47,0,STELLA NOVA,2,156348,9,25,5,0,43,1,2016-12-19T19:59:13.000Z,gothenborg,2016-12-19T00:00:00.000Z,51,Fishing,gothenborg,1
57.70705,11.65926,0,340,206,3,FISKE PLATS,DK,47,0,STELLA NOVA,2,156348,9,25,5,0,43,1,2016-12-19T20:01:05.000Z,gothenborg,2016-12-19T00:00:00.000Z,51,Fishing,gothenborg,1
57.70705,11.65926,0,340,206,5,FISKE PLATS,DK,47,0,STELLA NOVA,2,156348,9,25,5,0,43,1,2016-12-19T20:03:05.000Z,gothenborg,2016-12-19T00:00:00.000Z,51,Fishing,gothenborg,1
57.70707,11.65926,0,335,206,3,FISKE PLATS,DK,47,0,STELLA NOVA,2,156348,9,25,5,0,43,1,2016-12-19T20:05:05.000Z,gothenborg,2016-12-19T00:00:00.000Z,51,Fishing,gothenborg,1
57.70707,11.65926,0,335,206,5,FISKE PLATS,DK,47,0,STELLA NOVA,2,156348,9,25,5,0,43,1,2016-12-19T20:07:05.000Z,gothenborg,2016-12-19T00:00:00.000Z,51,Fishing,gothenborg,1
57.70707,11.65926,0,323,206,3,FISKE PLATS,DK,47,0,STELLA NOVA,2,156348,9,25,5,0,43,1,2016-12-19T20:09:04.000Z,gothenborg,2016-12-19T00:00:00.000Z,51,Fishing,gothenborg,1
57.70707,11.65928,0,343,206,2,FISKE PLATS,DK,47,0,STELLA NOVA,2,156348,9,25,5,0,43,1,2016-12-19T20:11:05.000Z,gothenborg,2016-12-19T00:00:00.000Z,51,Fishing,gothenborg,1
57.70707,11.65928,0,343,206,4,FISKE PLATS,DK,47,0,STELLA NOVA,2,156348,9,25,5,0,43,1,2016-12-19T20:13:14.000Z,gothenborg,2016-12-19T00:00:00.000Z,51,Fishing,gothenborg,1
57.70707,11.65928,0,314,206,3,FISKE PLATS,DK,47,0,STELLA NOVA,2,156348,9,25,5,0,43,1,2016-12-19T20:15:05.000Z,gothenborg,2016-12-19T00:00:00.000Z,51,Fishing,gothenborg,1
57.70707,11.65928,0,314,206,5,FISKE PLATS,DK,47,0,STELLA NOVA,2,156348,9,25,5,0,43,1,2016-12-19T20:17:05.000Z,gothenborg,2016-12-19T00:00:00.000Z,51,Fishing,gothenborg,1
57.70707,11.65928,0,314,206,3,FISKE PLATS,DK,47,0,STELLA NOVA,2,156348,9,25,5,0,43,1,2016-12-19T20:19:05.000Z,gothenborg,2016-12-19T00:00:00.000Z,51,Fishing,gothenborg,1
57.70707,11.65928,0,314,206,5,FISKE PLATS,DK,47,0,STELLA NOVA,2,156348,9,25,5,0,43,1,2016-12-19T20:21:13.000Z,gothenborg,2016-12-19T00:00:00.000Z,51,Fishing,gothenborg,1
57.70707,11.65928,0,74,206,3,FISKE PLATS,DK,47,0,STELLA NOVA,2,156348,9,25,5,0,43,1,2016-12-19T20:23:05.000Z,gothenborg,2016-12-19T00:00:00.000Z,51,Fishing,gothenborg,1
57.70707,11.65928,0,74,206,3,FISKE PLATS,DK,47,0,STELLA NOVA,2,156348,9,25,5,0,43,1,2016-12-19T20:25:13.000Z,gothenborg,2016-12-19T00:00:00.000Z,51,Fishing,gothenborg,1
57.70708,11.65927,0,156,205,4,FISKE PLATS,DK,47,0,STELLA NOVA,2,156348,9,25,5,0,43,1,2016-12-19T20:27:05.000Z,gothenborg,2016-12-19T00:00:00.000Z,51,Fishing,gothenborg,1
57.70708,11.65927,0,156,205,6,FISKE PLATS,DK,47,0,STELLA NOVA,2,156348,9,25,5,0,43,1,2016-12-19T20:29:05.000Z,gothenborg,2016-12-19T00:00:00.000Z,51,Fishing,gothenborg,1
57.70704,11.65924,0,206,205,3,FISKE PLATS,DK,47,0,STELLA NOVA,2,156348,9,25,5,0,43,1,2016-12-19T20:31:12.000Z,gothenborg,2016-12-19T00:00:00.000Z,51,Fishing,gothenborg,1
57.70704,11.65924,0,206,205,3,FISKE PLATS,DK,47,0,STELLA NOVA,2,156348,9,25,5,0,43,1,2016-12-19T20:33:05.000Z,gothenborg,2016-12-19T00:00:00.000Z,51,Fishing,gothenborg,1
57.70706,11.65927,0,132,205,3,FISKE PLATS,DK,47,0,STELLA NOVA,2,156348,9,25,5,0,43,1,2016-12-19T20:35:05.000Z,gothenborg,2016-12-19T00:00:00.000Z,51,Fishing,gothenborg,1
57.70706,11.65927,0,132,205,3,FISKE PLATS,DK,47,0,STELLA NOVA,2,156348,9,25,5,0,43,1,2016-12-19T20:37:05.000Z,gothenborg,2016-12-19T00:00:00.000Z,51,Fishing,gothenborg,1
57.70704,11.65928,0,317,205,3,FISKE PLATS,DK,47,0,STELLA NOVA,2,156348,9,25,5,0,43,1,2016-12-19T20:39:05.000Z,gothenborg,2016-12-19T00:00:00.000Z,51,Fishing,gothenborg,1
57.70704,11.65928,0,317,205,5,FISKE PLATS,DK,47,0,STELLA NOVA,2,156348,9,25,5,0,43,1,2016-12-19T20:41:05.000Z,gothenborg,2016-12-19T00:00:00.000Z,51,Fishing,gothenborg,1
57.70706,11.65928,0,136,205,3,FISKE PLATS,DK,47,0,STELLA NOVA,2,156348,9,25,5,0,43,1,2016-12-19T20:43:14.000Z,gothenborg,2016-12-19T00:00:00.000Z,51,Fishing,gothenborg,1
57.70706,11.65928,0,136,205,3,FISKE PLATS,DK,47,0,STELLA NOVA,2,156348,9,25,5,0,43,1,2016-12-19T20:45:05.000Z,gothenborg,2016-12-19T00:00:00.000Z,51,Fishing,gothenborg,1
57.70707,11.65928,0,337,205,3,FISKE PLATS,DK,47,0,STELLA NOVA,2,156348,9,25,5,0,43,1,2016-12-19T20:47:12.000Z,gothenborg,2016-12-19T00:00:00.000Z,51,Fishing,gothenborg,1
57.70707,11.65928,0,337,205,5,FISKE PLATS,DK,47,0,STELLA NOVA,2,156348,9,25,5,0,43,1,2016-12-19T20:49:13.000Z,gothenborg,2016-12-19T00:00:00.000Z,51,Fishing,gothenborg,1
57.70707,11.65929,0,353,204,3,FISKE PLATS,DK,47,0,STELLA NOVA,2,156348,9,25,5,0,43,1,2016-12-19T20:51:05.000Z,gothenborg,2016-12-19T00:00:00.000Z,51,Fishing,gothenborg,1
57.70707,11.65929,0,353,204,5,FISKE PLATS,DK,47,0,STELLA NOVA,2,156348,9,25,5,0,43,1,2016-12-19T20:53:13.000Z,gothenborg,2016-12-19T00:00:00.000Z,51,Fishing,gothenborg,1
57.70707,11.65928,0,10,204,3,FISKE PLATS,DK,47,0,STELLA NOVA,2,156348,9,25,5,0,43,1,2016-12-19T20:55:05.000Z,gothenborg,2016-12-19T00:00:00.000Z,51,Fishing,gothenborg,1
57.70707,11.65928,0,10,204,3,FISKE PLATS,DK,47,0,STELLA NOVA,2,156348,9,25,5,0,43,1,2016-12-19T20:57:05.000Z,gothenborg,2016-12-19T00:00:00.000Z,51,Fishing,gothenborg,1
57.70707,11.65927,0,22,205,4,FISKE PLATS,DK,47,0,STELLA NOVA,2,156348,9,25,5,0,43,0,2016-12-19T20:59:04.000Z,gothenborg,2016-12-19T00:00:00.000Z,51,Fishing,gothenborg,1
57.70707,11.6593,0,36,204,3,FISKE PLATS,DK,47,0,STELLA NOVA,2,156348,9,25,5,0,43,1,2016-12-19T21:01:05.000Z,gothenborg,2016-12-19T00:00:00.000Z,51,Fishing,gothenborg,1
57.70705,11.65929,0,355,204,2,FISKE PLATS,DK,47,0,STELLA NOVA,2,156348,9,25,5,0,43,1,2016-12-19T21:03:05.000Z,gothenborg,2016-12-19T00:00:00.000Z,51,Fishing,gothenborg,1
57.70705,11.65929,0,355,204,4,FISKE PLATS,DK,47,0,STELLA NOVA,2,156348,9,25,5,0,43,1,2016-12-19T21:05:05.000Z,gothenborg,2016-12-19T00:00:00.000Z,51,Fishing,gothenborg,1
57.70705,11.65928,0,30,204,2,FISKE PLATS,DK,47,0,STELLA NOVA,2,156348,9,25,5,0,43,1,2016-12-19T21:07:05.000Z,gothenborg,2016-12-19T00:00:00.000Z,51,Fishing,gothenborg,1
57.70706,11.6593,0,168,204,2,FISKE PLATS,DK,47,0,STELLA NOVA,2,156348,9,25,5,0,43,1,2016-12-19T21:09:05.000Z,gothenborg,2016-12-19T00:00:00.000Z,51,Fishing,gothenborg,1
57.70706,11.6593,0,168,204,2,FISKE PLATS,DK,47,0,STELLA NOVA,2,156348,9,25,5,0,43,1,2016-12-19T21:11:04.000Z,gothenborg,2016-12-19T00:00:00.000Z,51,Fishing,gothenborg,1
57.70706,11.6593,0,168,204,4,FISKE PLATS,DK,47,0,STELLA NOVA,2,156348,9,25,5,0,43,1,2016-12-19T21:13:04.000Z,gothenborg,2016-12-19T00:00:00.000Z,51,Fishing,gothenborg,1
57.70707,11.65928,0,203,205,4,FISKE PLATS,DK,47,0,STELLA NOVA,2,156348,9,25,5,0,43,1,2016-12-19T21:15:14.000Z,gothenborg,2016-12-19T00:00:00.000Z,51,Fishing,gothenborg,1
57.70704,11.65927,0,277,205,2,FISKE PLATS,DK,47,0,STELLA NOVA,2,156348,9,25,5,0,43,1,2016-12-19T21:17:04.000Z,gothenborg,2016-12-19T00:00:00.000Z,51,Fishing,gothenborg,1
57.70704,11.65927,0,277,205,4,FISKE PLATS,DK,47,0,STELLA NOVA,2,156348,9,25,5,0,43,1,2016-12-19T21:19:05.000Z,gothenborg,2016-12-19T00:00:00.000Z,51,Fishing,gothenborg,1
57.70707,11.65927,0,187,205,3,FISKE PLATS,DK,47,0,STELLA NOVA,2,156348,9,25,5,0,43,1,2016-12-19T21:21:05.000Z,gothenborg,2016-12-19T00:00:00.000Z,51,Fishing,gothenborg,1
57.70706,11.65927,0,224,205,2,FISKE PLATS,DK,47,0,STELLA NOVA,2,156348,9,25,5,0,43,1,2016-12-19T21:23:05.000Z,gothenborg,2016-12-19T00:00:00.000Z,51,Fishing,gothenborg,1
57.70706,11.65927,0,224,205,4,FISKE PLATS,DK,47,0,STELLA NOVA,2,156348,9,25,5,0,43,1,2016-12-19T21:25:05.000Z,gothenborg,2016-12-19T00:00:00.000Z,51,Fishing,gothenborg,1
57.70707,11.65926,0,200,205,2,FISKE PLATS,DK,47,0,STELLA NOVA,2,156348,9,25,5,0,43,1,2016-12-19T21:27:06.000Z,gothenborg,2016-12-19T00:00:00.000Z,51,Fishing,gothenborg,1
57.70707,11.65926,0,200,205,4,FISKE PLATS,DK,47,0,STELLA NOVA,2,156348,9,25,5,0,43,1,2016-12-19T21:29:05.000Z,gothenborg,2016-12-19T00:00:00.000Z,51,Fishing,gothenborg,1
57.70705,11.65928,0,145,206,3,FISKE PLATS,DK,47,0,STELLA NOVA,2,156348,9,25,5,0,43,1,2016-12-19T21:31:05.000Z,gothenborg,2016-12-19T00:00:00.000Z,51,Fishing,gothenborg,1
57.70705,11.65928,0,145,206,3,FISKE PLATS,DK,47,0,STELLA NOVA,2,156348,9,25,5,0,43,1,2016-12-19T21:33:05.000Z,gothenborg,2016-12-19T00:00:00.000Z,51,Fishing,gothenborg,1
57.70704,11.65928,0,273,206,3,FISKE PLATS,DK,47,0,STELLA NOVA,2,156348,9,25,5,0,43,1,2016-12-19T21:35:05.000Z,gothenborg,2016-12-19T00:00:00.000Z,51,Fishing,gothenborg,1
57.70704,11.65928,0,273,206,5,FISKE PLATS,DK,47,0,STELLA NOVA,2,156348,9,25,5,0,43,1,2016-12-19T21:37:05.000Z,gothenborg,2016-12-19T00:00:00.000Z,51,Fishing,gothenborg,1
57.70705,11.65927,0,180,205,3,FISKE PLATS,DK,47,0,STELLA NOVA,2,156348,9,25,5,0,43,1,2016-12-19T21:39:04.000Z,gothenborg,2016-12-19T00:00:00.000Z,51,Fishing,gothenborg,1
57.70705,11.65927,0,180,205,3,FISKE PLATS,DK,47,0,STELLA NOVA,2,156348,9,25,5,0,43,1,2016-12-19T21:41:05.000Z,gothenborg,2016-12-19T00:00:00.000Z,51,Fishing,gothenborg,1
57.70705,11.6593,0,134,205,2,FISKE PLATS,DK,47,0,STELLA NOVA,2,156348,9,25,5,0,43,1,2016-12-19T21:43:05.000Z,gothenborg,2016-12-19T00:00:00.000Z,51,Fishing,gothenborg,1
57.70705,11.6593,0,134,205,4,FISKE PLATS,DK,47,0,STELLA NOVA,2,156348,9,25,5,0,43,1,2016-12-19T21:45:13.000Z,gothenborg,2016-12-19T00:00:00.000Z,51,Fishing,gothenborg,1
57.70706,11.6593,0,207,205,3,FISKE PLATS,DK,47,0,STELLA NOVA,2,156348,9,25,5,0,43,1,2016-12-19T21:47:04.000Z,gothenborg,2016-12-19T00:00:00.000Z,51,Fishing,gothenborg,1
57.70706,11.6593,0,207,205,5,FISKE PLATS,DK,47,0,STELLA NOVA,2,156348,9,25,5,0,43,1,2016-12-19T21:49:13.000Z,gothenborg,2016-12-19T00:00:00.000Z,51,Fishing,gothenborg,1
57.70706,11.65929,0,195,205,3,FISKE PLATS,DK,47,0,STELLA NOVA,2,156348,9,25,5,0,43,1,2016-12-19T21:51:05.000Z,gothenborg,2016-12-19T00:00:00.000Z,51,Fishing,gothenborg,1
57.70706,11.65929,0,195,205,5,FISKE PLATS,DK,47,0,STELLA NOVA,2,156348,9,25,5,0,43,1,2016-12-19T21:53:13.000Z,gothenborg,2016-12-19T00:00:00.000Z,51,Fishing,gothenborg,1
57.70707,11.65928,0,216,205,2,FISKE PLATS,DK,47,0,STELLA NOVA,2,156348,9,25,5,0,43,1,2016-12-19T21:55:05.000Z,gothenborg,2016-12-19T00:00:00.000Z,51,Fishing,gothenborg,1
57.70707,11.65928,0,216,205,4,FISKE PLATS,DK,47,0,STELLA NOVA,2,156348,9,25,5,0,43,1,2016-12-19T21:57:05.000Z,gothenborg,2016-12-19T00:00:00.000Z,51,Fishing,gothenborg,1
57.70707,11.65927,0,215,204,2,FISKE PLATS,DK,47,0,STELLA NOVA,2,156348,9,25,5,0,43,1,2016-12-19T21:59:04.000Z,gothenborg,2016-12-19T00:00:00.000Z,51,Fishing,gothenborg,1
57.70707,11.65927,0,215,204,4,FISKE PLATS,DK,47,0,STELLA NOVA,2,156348,9,25,5,0,43,1,2016-12-19T22:01:05.000Z,gothenborg,2016-12-19T00:00:00.000Z,51,Fishing,gothenborg,1
57.70707,11.65927,0,215,204,4,FISKE PLATS,DK,47,0,STELLA NOVA,2,156348,9,25,5,0,43,1,2016-12-19T22:03:05.000Z,gothenborg,2016-12-19T00:00:00.000Z,51,Fishing,gothenborg,1
57.70707,11.65928,0,205,205,4,FISKE PLATS,DK,47,0,STELLA NOVA,2,156348,9,25,5,0,43,1,2016-12-19T22:05:05.000Z,gothenborg,2016-12-19T00:00:00.000Z,51,Fishing,gothenborg,1
57.70706,11.65928,0,201,205,1,FISKE PLATS,DK,47,0,STELLA NOVA,2,156348,9,25,5,0,43,1,2016-12-19T22:07:05.000Z,gothenborg,2016-12-19T00:00:00.000Z,51,Fishing,gothenborg,1
57.70706,11.65928,0,201,205,4,FISKE PLATS,DK,47,0,STELLA NOVA,2,156348,9,25,5,0,43,1,2016-12-19T22:09:05.000Z,gothenborg,2016-12-19T00:00:00.000Z,51,Fishing,gothenborg,1
57.70706,11.65928,0,201,205,6,FISKE PLATS,DK,47,0,STELLA NOVA,2,156348,9,25,5,0,43,1,2016-12-19T22:11:04.000Z,gothenborg,2016-12-19T00:00:00.000Z,51,Fishing,gothenborg,1
57.70707,11.65928,0,184,205,3,FISKE PLATS,DK,47,0,STELLA NOVA,2,156348,9,25,5,0,43,1,2016-12-19T22:13:04.000Z,gothenborg,2016-12-19T00:00:00.000Z,51,Fishing,gothenborg,1
57.70707,11.65928,0,184,205,5,FISKE PLATS,DK,47,0,STELLA NOVA,2,156348,9,25,5,0,43,1,2016-12-19T22:15:05.000Z,gothenborg,2016-12-19T00:00:00.000Z,51,Fishing,gothenborg,1
57.70707,11.65928,0,184,205,5,FISKE PLATS,DK,47,0,STELLA NOVA,2,156348,9,25,5,0,43,1,2016-12-19T22:17:04.000Z,gothenborg,2016-12-19T00:00:00.000Z,51,Fishing,gothenborg,1
57.70707,11.65928,0,189,205,5,FISKE PLATS,DK,47,0,STELLA NOVA,2,156348,9,25,5,0,43,1,2016-12-19T22:19:05.000Z,gothenborg,2016-12-19T00:00:00.000Z,51,Fishing,gothenborg,1
57.70706,11.65928,0,201,205,3,FISKE PLATS,DK,47,0,STELLA NOVA,2,156348,9,25,5,0,43,1,2016-12-19T22:21:13.000Z,gothenborg,2016-12-19T00:00:00.000Z,51,Fishing,gothenborg,1
57.70706,11.65928,0,201,205,3,FISKE PLATS,DK,47,0,STELLA NOVA,2,156348,9,25,5,0,43,1,2016-12-19T22:23:13.000Z,gothenborg,2016-12-19T00:00:00.000Z,51,Fishing,gothenborg,1
57.70704,11.65928,0,131,206,1,FISKE PLATS,DK,47,0,STELLA NOVA,2,156348,9,25,5,0,43,1,2016-12-19T22:25:05.000Z,gothenborg,2016-12-19T00:00:00.000Z,51,Fishing,gothenborg,1
57.70704,11.65928,0,131,206,5,FISKE PLATS,DK,47,0,STELLA NOVA,2,156348,9,25,5,0,43,1,2016-12-19T22:27:05.000Z,gothenborg,2016-12-19T00:00:00.000Z,51,Fishing,gothenborg,1
57.70705,11.65929,0,179,205,3,FISKE PLATS,DK,47,0,STELLA NOVA,2,156348,9,25,5,0,43,1,2016-12-19T22:29:04.000Z,gothenborg,2016-12-19T00:00:00.000Z,51,Fishing,gothenborg,1
57.70705,11.65929,0,179,205,5,FISKE PLATS,DK,47,0,STELLA NOVA,2,156348,9,25,5,0,43,1,2016-12-19T22:31:13.000Z,gothenborg,2016-12-19T00:00:00.000Z,51,Fishing,gothenborg,1
57.70705,11.65929,0,179,205,5,FISKE PLATS,DK,47,0,STELLA NOVA,2,156348,9,25,5,0,43,1,2016-12-19T22:33:05.000Z,gothenborg,2016-12-19T00:00:00.000Z,51,Fishing,gothenborg,1
57.70706,11.65928,0,29,206,3,FISKE PLATS,DK,47,0,STELLA NOVA,2,156348,9,25,5,0,43,1,2016-12-19T22:35:04.000Z,gothenborg,2016-12-19T00:00:00.000Z,51,Fishing,gothenborg,1
57.70707,11.65928,0,245,205,2,FISKE PLATS,DK,47,0,STELLA NOVA,2,156348,9,25,5,0,43,1,2016-12-19T22:37:05.000Z,gothenborg,2016-12-19T00:00:00.000Z,51,Fishing,gothenborg,1
57.70707,11.65928,0,245,205,4,FISKE PLATS,DK,47,0,STELLA NOVA,2,156348,9,25,5,0,43,1,2016-12-19T22:39:05.000Z,gothenborg,2016-12-19T00:00:00.000Z,51,Fishing,gothenborg,1
57.70707,11.65928,0,278,205,2,FISKE PLATS,DK,47,0,STELLA NOVA,2,156348,9,25,5,0,43,1,2016-12-19T22:41:05.000Z,gothenborg,2016-12-19T00:00:00.000Z,51,Fishing,gothenborg,1
57.70707,11.65928,0,278,205,4,FISKE PLATS,DK,47,0,STELLA NOVA,2,156348,9,25,5,0,43,1,2016-12-19T22:43:05.000Z,gothenborg,2016-12-19T00:00:00.000Z,51,Fishing,gothenborg,1
57.70709,11.65928,0,268,205,3,FISKE PLATS,DK,47,0,STELLA NOVA,2,156348,9,25,5,0,43,1,2016-12-19T22:45:04.000Z,gothenborg,2016-12-19T00:00:00.000Z,51,Fishing,gothenborg,1
57.70707,11.65928,0,161,204,2,FISKE PLATS,DK,47,0,STELLA NOVA,2,156348,9,25,5,0,43,1,2016-12-19T22:47:13.000Z,gothenborg,2016-12-19T00:00:00.000Z,51,Fishing,gothenborg,1
57.70707,11.65928,0,161,204,4,FISKE PLATS,DK,47,0,STELLA NOVA,2,156348,9,25,5,0,43,1,2016-12-19T22:49:13.000Z,gothenborg,2016-12-19T00:00:00.000Z,51,Fishing,gothenborg,1
57.70707,11.65928,0,161,204,6,FISKE PLATS,DK,47,0,STELLA NOVA,2,156348,9,25,5,0,43,1,2016-12-19T22:51:05.000Z,gothenborg,2016-12-19T00:00:00.000Z,51,Fishing,gothenborg,1
57.70705,11.65928,0,307,205,3,FISKE PLATS,DK,47,0,STELLA NOVA,2,156348,9,25,5,0,43,1,2016-12-19T22:53:05.000Z,gothenborg,2016-12-19T00:00:00.000Z,51,Fishing,gothenborg,1
57.70705,11.65928,0,307,205,5,FISKE PLATS,DK,47,0,STELLA NOVA,2,156348,9,25,5,0,43,1,2016-12-19T22:55:05.000Z,gothenborg,2016-12-19T00:00:00.000Z,51,Fishing,gothenborg,1
57.70707,11.65927,0,12,204,3,FISKE PLATS,DK,47,0,STELLA NOVA,2,156348,9,25,5,0,43,1,2016-12-19T22:57:04.000Z,gothenborg,2016-12-19T00:00:00.000Z,51,Fishing,gothenborg,1
57.70707,11.65927,0,12,204,5,FISKE PLATS,DK,47,0,STELLA NOVA,2,156348,9,25,5,0,43,1,2016-12-19T22:59:05.000Z,gothenborg,2016-12-19T00:00:00.000Z,51,Fishing,gothenborg,1
57.70708,11.65927,0,347,205,3,FISKE PLATS,DK,47,0,STELLA NOVA,2,156348,9,25,5,0,43,1,2016-12-19T23:01:05.000Z,gothenborg,2016-12-19T00:00:00.000Z,51,Fishing,gothenborg,1
57.70708,11.65927,0,347,205,5,FISKE PLATS,DK,47,0,STELLA NOVA,2,156348,9,25,5,0,43,1,2016-12-19T23:03:05.000Z,gothenborg,2016-12-19T00:00:00.000Z,51,Fishing,gothenborg,1
57.70707,11.65928,0,327,205,2,FISKE PLATS,DK,47,0,STELLA NOVA,2,156348,9,25,5,0,43,1,2016-12-19T23:05:05.000Z,gothenborg,2016-12-19T00:00:00.000Z,51,Fishing,gothenborg,1
57.70707,11.65928,0,327,205,4,FISKE PLATS,DK,47,0,STELLA NOVA,2,156348,9,25,5,0,43,1,2016-12-19T23:07:14.000Z,gothenborg,2016-12-19T00:00:00.000Z,51,Fishing,gothenborg,1
57.70708,11.65925,0,313,205,3,FISKE PLATS,DK,47,0,STELLA NOVA,2,156348,9,25,5,0,43,1,2016-12-19T23:09:04.000Z,gothenborg,2016-12-19T00:00:00.000Z,51,Fishing,gothenborg,1
57.70707,11.65927,0,319,206,2,FISKE PLATS,DK,47,0,STELLA NOVA,2,156348,9,25,5,0,43,1,2016-12-19T23:11:05.000Z,gothenborg,2016-12-19T00:00:00.000Z,51,Fishing,gothenborg,1
57.70707,11.65927,0,319,206,4,FISKE PLATS,DK,47,0,STELLA NOVA,2,156348,9,25,5,0,43,1,2016-12-19T23:13:05.000Z,gothenborg,2016-12-19T00:00:00.000Z,51,Fishing,gothenborg,1
57.70709,11.65925,0,341,205,1,FISKE PLATS,DK,47,0,STELLA NOVA,2,156348,9,25,5,0,43,1,2016-12-19T23:15:05.000Z,gothenborg,2016-12-19T00:00:00.000Z,51,Fishing,gothenborg,1
57.70709,11.65925,0,341,205,5,FISKE PLATS,DK,47,0,STELLA NOVA,2,156348,9,25,5,0,43,1,2016-12-19T23:17:05.000Z,gothenborg,2016-12-19T00:00:00.000Z,51,Fishing,gothenborg,1
57.70707,11.65927,0,343,206,3,FISKE PLATS,DK,47,0,STELLA NOVA,2,156348,9,25,5,0,43,1,2016-12-19T23:19:14.000Z,gothenborg,2016-12-19T00:00:00.000Z,51,Fishing,gothenborg,1
57.70707,11.65929,0,343,206,2,FISKE PLATS,DK,47,0,STELLA NOVA,2,156348,9,25,5,0,43,1,2016-12-19T23:21:05.000Z,gothenborg,2016-12-19T00:00:00.000Z,51,Fishing,gothenborg,1
57.70707,11.65929,0,343,206,4,FISKE PLATS,DK,47,0,STELLA NOVA,2,156348,9,25,5,0,43,0,2016-12-19T23:23:13.000Z,gothenborg,2016-12-19T00:00:00.000Z,51,Fishing,gothenborg,1
57.70706,11.65927,0,15,205,2,FISKE PLATS,DK,47,0,STELLA NOVA,2,156348,9,25,5,0,43,0,2016-12-19T23:25:05.000Z,gothenborg,2016-12-19T00:00:00.000Z,51,Fishing,gothenborg,1
57.70706,11.65927,0,15,205,4,FISKE PLATS,DK,47,0,STELLA NOVA,2,156348,9,25,5,0,43,1,2016-12-19T23:27:05.000Z,gothenborg,2016-12-19T00:00:00.000Z,51,Fishing,gothenborg,1
57.70706,11.65928,0,22,205,3,FISKE PLATS,DK,47,0,STELLA NOVA,2,156348,9,25,5,0,43,1,2016-12-19T23:29:05.000Z,gothenborg,2016-12-19T00:00:00.000Z,51,Fishing,gothenborg,1
57.70707,11.65927,0,327,206,2,FISKE PLATS,DK,47,0,STELLA NOVA,2,156348,9,25,5,0,43,1,2016-12-19T23:31:16.000Z,gothenborg,2016-12-19T00:00:00.000Z,51,Fishing,gothenborg,1
57.70707,11.65927,0,327,206,2,FISKE PLATS,DK,47,0,STELLA NOVA,2,156348,9,25,5,0,43,1,2016-12-19T23:33:05.000Z,gothenborg,2016-12-19T00:00:00.000Z,51,Fishing,gothenborg,1
57.70707,11.65927,0,327,206,4,FISKE PLATS,DK,47,0,STELLA NOVA,2,156348,9,25,5,0,43,1,2016-12-19T23:35:05.000Z,gothenborg,2016-12-19T00:00:00.000Z,51,Fishing,gothenborg,1
57.70707,11.65929,0,332,204,4,FISKE PLATS,DK,47,0,STELLA NOVA,2,156348,9,25,5,0,43,1,2016-12-19T23:37:05.000Z,gothenborg,2016-12-19T00:00:00.000Z,51,Fishing,gothenborg,1
57.70707,11.65927,0,337,204,2,FISKE PLATS,DK,47,0,STELLA NOVA,2,156348,9,25,5,0,43,1,2016-12-19T23:39:14.000Z,gothenborg,2016-12-19T00:00:00.000Z,51,Fishing,gothenborg,1
57.70707,11.65927,0,337,204,2,FISKE PLATS,DK,47,0,STELLA NOVA,2,156348,9,25,5,0,43,1,2016-12-19T23:41:05.000Z,gothenborg,2016-12-19T00:00:00.000Z,51,Fishing,gothenborg,1
57.70708,11.65928,0,342,205,2,FISKE PLATS,DK,47,0,STELLA NOVA,2,156348,9,25,5,0,43,1,2016-12-19T23:43:05.000Z,gothenborg,2016-12-19T00:00:00.000Z,51,Fishing,gothenborg,1
57.70708,11.65928,0,342,205,4,FISKE PLATS,DK,47,0,STELLA NOVA,2,156348,9,25,5,0,43,1,2016-12-19T23:45:05.000Z,gothenborg,2016-12-19T00:00:00.000Z,51,Fishing,gothenborg,1
57.70708,11.65929,0,340,205,3,FISKE PLATS,DK,47,0,STELLA NOVA,2,156348,9,25,5,0,43,1,2016-12-19T23:47:12.000Z,gothenborg,2016-12-19T00:00:00.000Z,51,Fishing,gothenborg,1
57.70708,11.65929,0,340,205,3,FISKE PLATS,DK,47,0,STELLA NOVA,2,156348,9,25,5,0,43,1,2016-12-19T23:49:04.000Z,gothenborg,2016-12-19T00:00:00.000Z,51,Fishing,gothenborg,1
57.70706,11.65928,0,208,205,3,FISKE PLATS,DK,47,0,STELLA NOVA,2,156348,9,25,5,0,43,1,2016-12-19T23:51:05.000Z,gothenborg,2016-12-19T00:00:00.000Z,51,Fishing,gothenborg,1
57.70706,11.65928,0,208,205,5,FISKE PLATS,DK,47,0,STELLA NOVA,2,156348,9,25,5,0,43,1,2016-12-19T23:53:05.000Z,gothenborg,2016-12-19T00:00:00.000Z,51,Fishing,gothenborg,1
57.70709,11.65927,0,305,206,3,FISKE PLATS,DK,47,0,STELLA NOVA,2,156348,9,25,5,0,43,1,2016-12-19T23:55:05.000Z,gothenborg,2016-12-19T00:00:00.000Z,51,Fishing,gothenborg,1
57.70705,11.65929,0,311,205,2,FISKE PLATS,DK,47,0,STELLA NOVA,2,156348,9,25,5,0,43,1,2016-12-19T23:57:13.000Z,gothenborg,2016-12-19T00:00:00.000Z,51,Fishing,gothenborg,1
57.70705,11.65929,0,311,205,4,FISKE PLATS,DK,47,0,STELLA NOVA,2,156348,9,25,5,0,43,1,2016-12-19T23:59:05.000Z,gothenborg,2016-12-19T00:00:00.000Z,51,Fishing,gothenborg,1
57.70707,11.65931,0,317,205,2,FISKE PLATS,DK,47,0,STELLA NOVA,2,156348,9,25,5,0,43,1,2016-12-20T00:01:05.000Z,gothenborg,2016-12-20T00:00:00.000Z,51,Fishing,gothenborg,1
57.70707,11.65931,0,317,205,5,FISKE PLATS,DK,47,0,STELLA NOVA,2,156348,9,25,5,0,43,1,2016-12-20T00:03:05.000Z,gothenborg,2016-12-20T00:00:00.000Z,51,Fishing,gothenborg,1
57.70706,11.65927,0,303,204,3,FISKE PLATS,DK,47,0,STELLA NOVA,2,156348,9,25,5,0,43,1,2016-12-20T00:05:06.000Z,gothenborg,2016-12-20T00:00:00.000Z,51,Fishing,gothenborg,1
57.70706,11.65927,0,303,204,5,FISKE PLATS,DK,47,0,STELLA NOVA,2,156348,9,25,5,0,43,1,2016-12-20T00:07:05.000Z,gothenborg,2016-12-20T00:00:00.000Z,51,Fishing,gothenborg,1
57.70708,11.65927,0,174,204,3,FISKE PLATS,DK,47,0,STELLA NOVA,2,156348,9,25,5,0,43,1,2016-12-20T00:09:05.000Z,gothenborg,2016-12-20T00:00:00.000Z,51,Fishing,gothenborg,1
57.70708,11.65928,0,293,205,2,FISKE PLATS,DK,47,0,STELLA NOVA,2,156348,9,25,5,0,43,1,2016-12-20T00:11:05.000Z,gothenborg,2016-12-20T00:00:00.000Z,51,Fishing,gothenborg,1
57.70708,11.65928,0,293,205,4,FISKE PLATS,DK,47,0,STELLA NOVA,2,156348,9,25,5,0,43,1,2016-12-20T00:13:05.000Z,gothenborg,2016-12-20T00:00:00.000Z,51,Fishing,gothenborg,1
57.70707,11.6593,0,288,205,3,FISKE PLATS,DK,47,0,STELLA NOVA,2,156348,9,25,5,0,43,1,2016-12-20T00:15:05.000Z,gothenborg,2016-12-20T00:00:00.000Z,51,Fishing,gothenborg,1
57.70707,11.6593,0,288,205,5,FISKE PLATS,DK,47,0,STELLA NOVA,2,156348,9,25,5,0,43,1,2016-12-20T00:17:05.000Z,gothenborg,2016-12-20T00:00:00.000Z,51,Fishing,gothenborg,1
57.70707,11.6593,0,288,205,5,FISKE PLATS,DK,47,0,STELLA NOVA,2,156348,9,25,5,0,43,1,2016-12-20T00:19:04.000Z,gothenborg,2016-12-20T00:00:00.000Z,51,Fishing,gothenborg,1
57.70707,11.65926,0,299,204,5,FISKE PLATS,DK,47,0,STELLA NOVA,2,156348,9,25,5,0,43,1,2016-12-20T00:21:05.000Z,gothenborg,2016-12-20T00:00:00.000Z,51,Fishing,gothenborg,1
57.70708,11.6593,0,231,205,3,FISKE PLATS,DK,47,0,STELLA NOVA,2,156348,9,25,5,0,43,1,2016-12-20T00:23:06.000Z,gothenborg,2016-12-20T00:00:00.000Z,51,Fishing,gothenborg,1
57.70708,11.6593,0,231,205,5,FISKE PLATS,DK,47,0,STELLA NOVA,2,156348,9,25,5,0,43,1,2016-12-20T00:25:12.000Z,gothenborg,2016-12-20T00:00:00.000Z,51,Fishing,gothenborg,1
57.70707,11.65931,0,316,205,2,FISKE PLATS,DK,47,0,STELLA NOVA,2,156348,9,25,5,0,43,1,2016-12-20T00:27:05.000Z,gothenborg,2016-12-20T00:00:00.000Z,51,Fishing,gothenborg,1
57.70707,11.65931,0,316,205,4,FISKE PLATS,DK,47,0,STELLA NOVA,2,156348,9,25,5,0,43,1,2016-12-20T00:29:05.000Z,gothenborg,2016-12-20T00:00:00.000Z,51,Fishing,gothenborg,1
57.70709,11.65928,0,337,205,2,FISKE PLATS,DK,47,0,STELLA NOVA,2,156348,9,25,5,0,43,1,2016-12-20T00:31:06.000Z,gothenborg,2016-12-20T00:00:00.000Z,51,Fishing,gothenborg,1
57.70709,11.65928,0,337,205,4,FISKE PLATS,DK,47,0,STELLA NOVA,2,156348,9,25,5,0,43,1,2016-12-20T00:33:05.000Z,gothenborg,2016-12-20T00:00:00.000Z,51,Fishing,gothenborg,1
57.70708,11.6593,0,253,205,2,FISKE PLATS,DK,47,0,STELLA NOVA,2,156348,9,25,5,0,43,1,2016-12-20T00:35:13.000Z,gothenborg,2016-12-20T00:00:00.000Z,51,Fishing,gothenborg,1
57.70708,11.6593,0,253,205,2,FISKE PLATS,DK,47,0,STELLA NOVA,2,156348,9,25,5,0,43,1,2016-12-20T00:37:05.000Z,gothenborg,2016-12-20T00:00:00.000Z,51,Fishing,gothenborg,1
57.70707,11.65932,0,259,205,3,FISKE PLATS,DK,47,0,STELLA NOVA,2,156348,9,25,5,0,43,1,2016-12-20T00:39:06.000Z,gothenborg,2016-12-20T00:00:00.000Z,51,Fishing,gothenborg,1
57.70709,11.65928,0,318,206,2,FISKE PLATS,DK,47,0,STELLA NOVA,2,156348,9,25,5,0,43,1,2016-12-20T00:41:04.000Z,gothenborg,2016-12-20T00:00:00.000Z,51,Fishing,gothenborg,1
57.70709,11.65928,0,318,206,4,FISKE PLATS,DK,47,0,STELLA NOVA,2,156348,9,25,5,0,43,1,2016-12-20T00:43:05.000Z,gothenborg,2016-12-20T00:00:00.000Z,51,Fishing,gothenborg,1
57.70708,11.65929,0,302,206,2,FISKE PLATS,DK,47,0,STELLA NOVA,2,156348,9,25,5,0,43,1,2016-12-20T00:45:05.000Z,gothenborg,2016-12-20T00:00:00.000Z,51,Fishing,gothenborg,1
57.70708,11.65929,0,302,206,4,FISKE PLATS,DK,47,0,STELLA NOVA,2,156348,9,25,5,0,43,1,2016-12-20T00:47:05.000Z,gothenborg,2016-12-20T00:00:00.000Z,51,Fishing,gothenborg,1
57.70708,11.6593,0,299,206,3,FISKE PLATS,DK,47,0,STELLA NOVA,2,156348,9,25,5,0,43,1,2016-12-20T00:49:05.000Z,gothenborg,2016-12-20T00:00:00.000Z,51,Fishing,gothenborg,1
57.70708,11.6593,0,299,206,5,FISKE PLATS,DK,47,0,STELLA NOVA,2,156348,9,25,5,0,43,1,2016-12-20T00:51:05.000Z,gothenborg,2016-12-20T00:00:00.000Z,51,Fishing,gothenborg,1
57.70707,11.65929,0,283,205,3,FISKE PLATS,DK,47,0,STELLA NOVA,2,156348,9,25,5,0,43,1,2016-12-20T00:53:05.000Z,gothenborg,2016-12-20T00:00:00.000Z,51,Fishing,gothenborg,1
57.70707,11.65929,0,283,205,5,FISKE PLATS,DK,47,0,STELLA NOVA,2,156348,9,25,5,0,43,1,2016-12-20T00:55:04.000Z,gothenborg,2016-12-20T00:00:00.000Z,51,Fishing,gothenborg,1
57.70707,11.65929,0,267,206,3,FISKE PLATS,DK,47,0,STELLA NOVA,2,156348,9,25,5,0,43,1,2016-12-20T00:57:13.000Z,gothenborg,2016-12-20T00:00:00.000Z,51,Fishing,gothenborg,1
57.70707,11.65929,0,267,206,5,FISKE PLATS,DK,47,0,STELLA NOVA,2,156348,9,25,5,0,43,1,2016-12-20T00:59:05.000Z,gothenborg,2016-12-20T00:00:00.000Z,51,Fishing,gothenborg,1
57.70707,11.6593,0,190,205,3,FISKE PLATS,DK,47,0,STELLA NOVA,2,156348,9,25,5,0,43,1,2016-12-20T01:01:07.000Z,gothenborg,2016-12-20T00:00:00.000Z,51,Fishing,gothenborg,1
57.70707,11.6593,0,190,205,5,FISKE PLATS,DK,47,0,STELLA NOVA,2,156348,9,25,5,0,43,1,2016-12-20T01:03:05.000Z,gothenborg,2016-12-20T00:00:00.000Z,51,Fishing,gothenborg,1
57.70707,11.65928,0,250,205,3,FISKE PLATS,DK,47,0,STELLA NOVA,2,156348,9,25,5,0,43,1,2016-12-20T01:05:05.000Z,gothenborg,2016-12-20T00:00:00.000Z,51,Fishing,gothenborg,1
57.70707,11.65928,0,250,205,5,FISKE PLATS,DK,47,0,STELLA NOVA,2,156348,9,25,5,0,43,1,2016-12-20T01:07:05.000Z,gothenborg,2016-12-20T00:00:00.000Z,51,Fishing,gothenborg,1
57.70707,11.65927,0,210,205,2,FISKE PLATS,DK,47,0,STELLA NOVA,2,156348,9,25,5,0,43,1,2016-12-20T01:09:04.000Z,gothenborg,2016-12-20T00:00:00.000Z,51,Fishing,gothenborg,1
57.70707,11.65927,0,210,205,4,FISKE PLATS,DK,47,0,STELLA NOVA,2,156348,9,25,5,0,43,1,2016-12-20T01:11:04.000Z,gothenborg,2016-12-20T00:00:00.000Z,51,Fishing,gothenborg,1
57.70706,11.65928,0,252,205,2,FISKE PLATS,DK,47,0,STELLA NOVA,2,156348,9,25,5,0,43,1,2016-12-20T01:13:14.000Z,gothenborg,2016-12-20T00:00:00.000Z,51,Fishing,gothenborg,1
57.70706,11.65928,0,252,205,4,FISKE PLATS,DK,47,0,STELLA NOVA,2,156348,9,25,5,0,43,1,2016-12-20T01:15:05.000Z,gothenborg,2016-12-20T00:00:00.000Z,51,Fishing,gothenborg,1
57.70706,11.65928,0,288,205,2,FISKE PLATS,DK,47,0,STELLA NOVA,2,156348,9,25,5,0,43,1,2016-12-20T01:17:05.000Z,gothenborg,2016-12-20T00:00:00.000Z,51,Fishing,gothenborg,1
57.70706,11.65928,0,288,205,4,FISKE PLATS,DK,47,0,STELLA NOVA,2,156348,9,25,5,0,43,1,2016-12-20T01:19:05.000Z,gothenborg,2016-12-20T00:00:00.000Z,51,Fishing,gothenborg,1
57.70707,11.65928,0,166,205,3,FISKE PLATS,DK,47,0,STELLA NOVA,2,156348,9,25,5,0,43,1,2016-12-20T01:21:06.000Z,gothenborg,2016-12-20T00:00:00.000Z,51,Fishing,gothenborg,1
57.70705,11.65928,0,334,205,2,FISKE PLATS,DK,47,0,STELLA NOVA,2,156348,9,25,5,0,43,1,2016-12-20T01:23:12.000Z,gothenborg,2016-12-20T00:00:00.000Z,51,Fishing,gothenborg,1
57.70705,11.65928,0,334,205,2,FISKE PLATS,DK,47,0,STELLA NOVA,2,156348,9,25,5,0,43,1,2016-12-20T01:25:06.000Z,gothenborg,2016-12-20T00:00:00.000Z,51,Fishing,gothenborg,1
57.70705,11.65928,0,167,205,3,FISKE PLATS,DK,47,0,STELLA NOVA,2,156348,9,25,5,0,43,1,2016-12-20T01:27:05.000Z,gothenborg,2016-12-20T00:00:00.000Z,51,Fishing,gothenborg,1
57.70705,11.65928,0,167,205,5,FISKE PLATS,DK,47,0,STELLA NOVA,2,156348,9,25,5,0,43,1,2016-12-20T01:29:05.000Z,gothenborg,2016-12-20T00:00:00.000Z,51,Fishing,gothenborg,1
57.70705,11.65926,0,292,205,5,FISKE PLATS,DK,47,0,STELLA NOVA,2,156348,9,25,5,0,43,1,2016-12-20T01:33:05.000Z,gothenborg,2016-12-20T00:00:00.000Z,51,Fishing,gothenborg,1
57.70707,11.65928,0,278,205,3,FISKE PLATS,DK,47,0,STELLA NOVA,2,156348,9,25,5,0,43,1,2016-12-20T01:35:05.000Z,gothenborg,2016-12-20T00:00:00.000Z,51,Fishing,gothenborg,1
57.70706,11.65926,0,17,205,4,FISKE PLATS,DK,47,0,STELLA NOVA,2,156348,9,25,5,0,43,1,2016-12-20T01:39:04.000Z,gothenborg,2016-12-20T00:00:00.000Z,51,Fishing,gothenborg,1
57.70707,11.6593,0,37,204,2,FISKE PLATS,DK,47,0,STELLA NOVA,2,156348,9,25,5,0,43,1,2016-12-20T01:41:04.000Z,gothenborg,2016-12-20T00:00:00.000Z,51,Fishing,gothenborg,1
57.70707,11.6593,0,37,204,4,FISKE PLATS,DK,47,0,STELLA NOVA,2,156348,9,25,5,0,43,1,2016-12-20T01:43:05.000Z,gothenborg,2016-12-20T00:00:00.000Z,51,Fishing,gothenborg,1
57.70707,11.65928,0,359,205,3,FISKE PLATS,DK,47,0,STELLA NOVA,2,156348,9,25,5,0,43,1,2016-12-20T01:45:05.000Z,gothenborg,2016-12-20T00:00:00.000Z,51,Fishing,gothenborg,1
57.70708,11.6593,0,85,205,2,FISKE PLATS,DK,47,0,STELLA NOVA,2,156348,9,25,5,0,43,1,2016-12-20T01:47:13.000Z,gothenborg,2016-12-20T00:00:00.000Z,51,Fishing,gothenborg,1
57.70708,11.6593,0,85,205,4,FISKE PLATS,DK,47,0,STELLA NOVA,2,156348,9,25,5,0,43,1,2016-12-20T01:49:05.000Z,gothenborg,2016-12-20T00:00:00.000Z,51,Fishing,gothenborg,1
57.70706,11.6593,0,11,204,3,FISKE PLATS,DK,47,0,STELLA NOVA,2,156348,9,25,5,0,43,1,2016-12-20T01:51:05.000Z,gothenborg,2016-12-20T00:00:00.000Z,51,Fishing,gothenborg,1
57.70706,11.6593,0,11,204,5,FISKE PLATS,DK,47,0,STELLA NOVA,2,156348,9,25,5,0,43,1,2016-12-20T01:53:05.000Z,gothenborg,2016-12-20T00:00:00.000Z,51,Fishing,gothenborg,1
57.70707,11.65932,0,278,205,3,FISKE PLATS,DK,47,0,STELLA NOVA,2,156348,9,25,5,0,43,1,2016-12-20T01:55:04.000Z,gothenborg,2016-12-20T00:00:00.000Z,51,Fishing,gothenborg,1
57.70707,11.65928,0,302,205,2,FISKE PLATS,DK,47,0,STELLA NOVA,2,156348,9,25,5,0,43,1,2016-12-20T01:57:05.000Z,gothenborg,2016-12-20T00:00:00.000Z,51,Fishing,gothenborg,1
57.70707,11.65928,0,302,205,4,FISKE PLATS,DK,47,0,STELLA NOVA,2,156348,9,25,5,0,43,1,2016-12-20T01:59:05.000Z,gothenborg,2016-12-20T00:00:00.000Z,51,Fishing,gothenborg,1
57.70706,11.6593,0,76,205,2,FISKE PLATS,DK,47,0,STELLA NOVA,2,156348,9,25,5,0,43,1,2016-12-20T02:01:05.000Z,gothenborg,2016-12-20T00:00:00.000Z,51,Fishing,gothenborg,1
57.70706,11.6593,0,76,205,4,FISKE PLATS,DK,47,0,STELLA NOVA,2,156348,9,25,5,0,43,1,2016-12-20T02:03:05.000Z,gothenborg,2016-12-20T00:00:00.000Z,51,Fishing,gothenborg,1
57.70707,11.65928,0,341,205,3,FISKE PLATS,DK,47,0,STELLA NOVA,2,156348,9,25,5,0,43,1,2016-12-20T02:05:05.000Z,gothenborg,2016-12-20T00:00:00.000Z,51,Fishing,gothenborg,1
57.70708,11.65929,0,275,205,2,FISKE PLATS,DK,47,0,STELLA NOVA,2,156348,9,25,5,0,43,1,2016-12-20T02:07:05.000Z,gothenborg,2016-12-20T00:00:00.000Z,51,Fishing,gothenborg,1
57.70708,11.65929,0,275,205,4,FISKE PLATS,DK,47,0,STELLA NOVA,2,156348,9,25,5,0,43,1,2016-12-20T02:09:04.000Z,gothenborg,2016-12-20T00:00:00.000Z,51,Fishing,gothenborg,1
57.70707,11.65928,0,316,205,3,FISKE PLATS,DK,47,0,STELLA NOVA,2,156348,9,25,5,0,43,1,2016-12-20T02:11:05.000Z,gothenborg,2016-12-20T00:00:00.000Z,51,Fishing,gothenborg,1
57.70707,11.65928,0,316,205,5,FISKE PLATS,DK,47,0,STELLA NOVA,2,156348,9,25,5,0,43,1,2016-12-20T02:13:05.000Z,gothenborg,2016-12-20T00:00:00.000Z,51,Fishing,gothenborg,1
57.70707,11.65928,0,174,205,3,FISKE PLATS,DK,47,0,STELLA NOVA,2,156348,9,25,5,0,43,1,2016-12-20T02:15:05.000Z,gothenborg,2016-12-20T00:00:00.000Z,51,Fishing,gothenborg,1
57.70707,11.65928,0,174,205,5,FISKE PLATS,DK,47,0,STELLA NOVA,2,156348,9,25,5,0,43,1,2016-12-20T02:17:05.000Z,gothenborg,2016-12-20T00:00:00.000Z,51,Fishing,gothenborg,1
57.70707,11.65928,0,252,205,3,FISKE PLATS,DK,47,0,STELLA NOVA,2,156348,9,25,5,0,43,1,2016-12-20T02:19:05.000Z,gothenborg,2016-12-20T00:00:00.000Z,51,Fishing,gothenborg,1
57.70707,11.65928,0,221,205,2,FISKE PLATS,DK,47,0,STELLA NOVA,2,156348,9,25,5,0,43,1,2016-12-20T02:21:14.000Z,gothenborg,2016-12-20T00:00:00.000Z,51,Fishing,gothenborg,1
57.70707,11.65928,0,221,205,4,FISKE PLATS,DK,47,0,STELLA NOVA,2,156348,9,25,5,0,43,1,2016-12-20T02:23:05.000Z,gothenborg,2016-12-20T00:00:00.000Z,51,Fishing,gothenborg,1
57.70708,11.65927,0,293,205,3,FISKE PLATS,DK,47,0,STELLA NOVA,2,156348,9,25,5,0,43,1,2016-12-20T02:25:05.000Z,gothenborg,2016-12-20T00:00:00.000Z,51,Fishing,gothenborg,1
57.70708,11.65927,0,293,205,5,FISKE PLATS,DK,47,0,STELLA NOVA,2,156348,9,25,5,0,43,1,2016-12-20T02:27:05.000Z,gothenborg,2016-12-20T00:00:00.000Z,51,Fishing,gothenborg,1
57.70708,11.65926,0,241,205,3,FISKE PLATS,DK,47,0,STELLA NOVA,2,156348,9,25,5,0,43,1,2016-12-20T02:29:05.000Z,gothenborg,2016-12-20T00:00:00.000Z,51,Fishing,gothenborg,1
57.70708,11.65926,0,241,205,5,FISKE PLATS,DK,47,0,STELLA NOVA,2,156348,9,25,5,0,43,1,2016-12-20T02:31:05.000Z,gothenborg,2016-12-20T00:00:00.000Z,51,Fishing,gothenborg,1
57.70705,11.65924,0,244,205,3,FISKE PLATS,DK,47,0,STELLA NOVA,2,156348,9,25,5,0,43,1,2016-12-20T02:33:05.000Z,gothenborg,2016-12-20T00:00:00.000Z,51,Fishing,gothenborg,1
57.70708,11.65924,0,210,205,2,FISKE PLATS,DK,47,0,STELLA NOVA,2,156348,9,25,5,0,43,1,2016-12-20T02:35:04.000Z,gothenborg,2016-12-20T00:00:00.000Z,51,Fishing,gothenborg,1
57.70708,11.65924,0,210,205,4,FISKE PLATS,DK,47,0,STELLA NOVA,2,156348,9,25,5,0,43,1,2016-12-20T02:37:05.000Z,gothenborg,2016-12-20T00:00:00.000Z,51,Fishing,gothenborg,1
57.70707,11.65925,0,1,205,3,FISKE PLATS,DK,47,0,STELLA NOVA,2,156348,9,25,5,0,43,1,2016-12-20T02:39:05.000Z,gothenborg,2016-12-20T00:00:00.000Z,51,Fishing,gothenborg,1
57.70708,11.65924,0,241,204,2,FISKE PLATS,DK,47,0,STELLA NOVA,2,156348,9,25,5,0,43,1,2016-12-20T02:41:07.000Z,gothenborg,2016-12-20T00:00:00.000Z,51,Fishing,gothenborg,1
57.70708,11.65924,0,241,204,4,FISKE PLATS,DK,47,0,STELLA NOVA,2,156348,9,25,5,0,43,1,2016-12-20T02:43:05.000Z,gothenborg,2016-12-20T00:00:00.000Z,51,Fishing,gothenborg,1
57.70708,11.65928,0,345,205,2,FISKE PLATS,DK,47,0,STELLA NOVA,2,156348,9,25,5,0,43,1,2016-12-20T02:45:05.000Z,gothenborg,2016-12-20T00:00:00.000Z,51,Fishing,gothenborg,1
57.70708,11.65928,0,345,205,4,FISKE PLATS,DK,47,0,STELLA NOVA,2,156348,9,25,5,0,43,1,2016-12-20T02:47:13.000Z,gothenborg,2016-12-20T00:00:00.000Z,51,Fishing,gothenborg,1
57.70708,11.65928,0,345,205,4,FISKE PLATS,DK,47,0,STELLA NOVA,2,156348,9,25,5,0,43,1,2016-12-20T02:49:05.000Z,gothenborg,2016-12-20T00:00:00.000Z,51,Fishing,gothenborg,1
57.70707,11.65928,0,325,205,5,FISKE PLATS,DK,47,0,STELLA NOVA,2,156348,9,25,5,0,43,0,2016-12-20T02:51:13.000Z,gothenborg,2016-12-20T00:00:00.000Z,51,Fishing,gothenborg,1
57.70707,11.65924,0,251,205,3,FISKE PLATS,DK,47,0,STELLA NOVA,2,156348,9,25,5,0,43,0,2016-12-20T02:53:05.000Z,gothenborg,2016-12-20T00:00:00.000Z,51,Fishing,gothenborg,1
57.70707,11.65924,0,251,205,5,FISKE PLATS,DK,47,0,STELLA NOVA,2,156348,9,25,5,0,43,1,2016-12-20T02:55:06.000Z,gothenborg,2016-12-20T00:00:00.000Z,51,Fishing,gothenborg,1
57.70705,11.65927,0,273,205,3,FISKE PLATS,DK,47,0,STELLA NOVA,2,156348,9,25,5,0,43,1,2016-12-20T02:57:05.000Z,gothenborg,2016-12-20T00:00:00.000Z,51,Fishing,gothenborg,1
57.70705,11.65927,0,273,205,5,FISKE PLATS,DK,47,0,STELLA NOVA,2,156348,9,25,5,0,43,1,2016-12-20T02:59:13.000Z,gothenborg,2016-12-20T00:00:00.000Z,51,Fishing,gothenborg,1
57.70704,11.65927,0,222,204,3,FISKE PLATS,DK,47,0,STELLA NOVA,2,156348,9,25,5,0,43,1,2016-12-20T03:01:13.000Z,gothenborg,2016-12-20T00:00:00.000Z,51,Fishing,gothenborg,1
57.70704,11.65927,0,222,204,3,FISKE PLATS,DK,47,0,STELLA NOVA,2,156348,9,25,5,0,43,1,2016-12-20T03:03:04.000Z,gothenborg,2016-12-20T00:00:00.000Z,51,Fishing,gothenborg,1
57.70707,11.65926,0,228,204,3,FISKE PLATS,DK,47,0,STELLA NOVA,2,156348,9,25,5,0,43,1,2016-12-20T03:05:05.000Z,gothenborg,2016-12-20T00:00:00.000Z,51,Fishing,gothenborg,1
57.70707,11.65926,0,228,204,5,FISKE PLATS,DK,47,0,STELLA NOVA,2,156348,9,25,5,0,43,1,2016-12-20T03:07:05.000Z,gothenborg,2016-12-20T00:00:00.000Z,51,Fishing,gothenborg,1
57.70708,11.65928,0,238,203,3,FISKE PLATS,DK,47,0,STELLA NOVA,2,156348,9,25,5,0,43,1,2016-12-20T03:09:05.000Z,gothenborg,2016-12-20T00:00:00.000Z,51,Fishing,gothenborg,1
57.70708,11.65928,0,238,203,4,FISKE PLATS,DK,47,0,STELLA NOVA,2,156348,9,25,5,0,43,1,2016-12-20T03:11:04.000Z,gothenborg,2016-12-20T00:00:00.000Z,51,Fishing,gothenborg,1
57.70706,11.65927,0,244,205,4,FISKE PLATS,DK,47,0,STELLA NOVA,2,156348,9,25,5,0,43,1,2016-12-20T03:13:04.000Z,gothenborg,2016-12-20T00:00:00.000Z,51,Fishing,gothenborg,1
57.70706,11.65927,0,227,205,2,FISKE PLATS,DK,47,0,STELLA NOVA,2,156348,9,25,5,0,43,1,2016-12-20T03:15:04.000Z,gothenborg,2016-12-20T00:00:00.000Z,51,Fishing,gothenborg,1
57.70706,11.65927,0,227,205,4,FISKE PLATS,DK,47,0,STELLA NOVA,2,156348,9,25,5,0,43,1,2016-12-20T03:17:05.000Z,gothenborg,2016-12-20T00:00:00.000Z,51,Fishing,gothenborg,1
57.70705,11.65926,0,215,205,2,FISKE PLATS,DK,47,0,STELLA NOVA,2,156348,9,25,5,0,43,1,2016-12-20T03:19:05.000Z,gothenborg,2016-12-20T00:00:00.000Z,51,Fishing,gothenborg,1
57.70705,11.65926,0,215,205,4,FISKE PLATS,DK,47,0,STELLA NOVA,2,156348,9,25,5,0,43,1,2016-12-20T03:21:05.000Z,gothenborg,2016-12-20T00:00:00.000Z,51,Fishing,gothenborg,1
57.70705,11.65924,0,234,204,3,FISKE PLATS,DK,47,0,STELLA NOVA,2,156348,9,25,5,0,43,1,2016-12-20T03:23:05.000Z,gothenborg,2016-12-20T00:00:00.000Z,51,Fishing,gothenborg,1
57.70705,11.65924,0,234,204,3,FISKE PLATS,DK,47,0,STELLA NOVA,2,156348,9,25,5,0,43,1,2016-12-20T03:25:04.000Z,gothenborg,2016-12-20T00:00:00.000Z,51,Fishing,gothenborg,1
57.70705,11.65927,0,249,204,3,FISKE PLATS,DK,47,0,STELLA NOVA,2,156348,9,25,5,0,43,1,2016-12-20T03:27:14.000Z,gothenborg,2016-12-20T00:00:00.000Z,51,Fishing,gothenborg,1
57.70705,11.65927,0,249,204,5,FISKE PLATS,DK,47,0,STELLA NOVA,2,156348,9,25,5,0,43,1,2016-12-20T03:29:05.000Z,gothenborg,2016-12-20T00:00:00.000Z,51,Fishing,gothenborg,1
57.70705,11.65927,0,321,205,3,FISKE PLATS,DK,47,0,STELLA NOVA,2,156348,9,25,5,0,43,1,2016-12-20T03:31:06.000Z,gothenborg,2016-12-20T00:00:00.000Z,51,Fishing,gothenborg,1
57.70705,11.65927,0,321,205,5,FISKE PLATS,DK,47,0,STELLA NOVA,2,156348,9,25,5,0,43,1,2016-12-20T03:33:05.000Z,gothenborg,2016-12-20T00:00:00.000Z,51,Fishing,gothenborg,1
57.70705,11.65927,0,321,205,5,FISKE PLATS,DK,47,0,STELLA NOVA,2,156348,9,25,5,0,43,1,2016-12-20T03:35:04.000Z,gothenborg,2016-12-20T00:00:00.000Z,51,Fishing,gothenborg,1
57.70705,11.65927,0,285,205,5,FISKE PLATS,DK,47,0,STELLA NOVA,2,156348,9,25,5,0,43,1,2016-12-20T03:37:04.000Z,gothenborg,2016-12-20T00:00:00.000Z,51,Fishing,gothenborg,1
57.70705,11.65927,0,274,205,2,FISKE PLATS,DK,47,0,STELLA NOVA,2,156348,9,25,5,0,43,1,2016-12-20T03:39:05.000Z,gothenborg,2016-12-20T00:00:00.000Z,51,Fishing,gothenborg,1
57.70705,11.65927,0,274,205,4,FISKE PLATS,DK,47,0,STELLA NOVA,2,156348,9,25,5,0,43,1,2016-12-20T03:41:05.000Z,gothenborg,2016-12-20T00:00:00.000Z,51,Fishing,gothenborg,1
57.70705,11.65927,0,275,205,3,FISKE PLATS,DK,47,0,STELLA NOVA,2,156348,9,25,5,0,43,1,2016-12-20T03:43:04.000Z,gothenborg,2016-12-20T00:00:00.000Z,51,Fishing,gothenborg,1
57.70705,11.65927,0,275,205,5,FISKE PLATS,DK,47,0,STELLA NOVA,2,156348,9,25,5,0,43,1,2016-12-20T03:45:05.000Z,gothenborg,2016-12-20T00:00:00.000Z,51,Fishing,gothenborg,1
57.70707,11.65929,0,318,205,3,FISKE PLATS,DK,47,0,STELLA NOVA,2,156348,9,25,5,0,43,1,2016-12-20T03:47:05.000Z,gothenborg,2016-12-20T00:00:00.000Z,51,Fishing,gothenborg,1
57.70707,11.65929,0,318,205,5,FISKE PLATS,DK,47,0,STELLA NOVA,2,156348,9,25,5,0,43,1,2016-12-20T03:49:05.000Z,gothenborg,2016-12-20T00:00:00.000Z,51,Fishing,gothenborg,1
57.70705,11.65927,0,152,205,3,FISKE PLATS,DK,47,0,STELLA NOVA,2,156348,9,25,5,0,43,1,2016-12-20T03:51:06.000Z,gothenborg,2016-12-20T00:00:00.000Z,51,Fishing,gothenborg,1
57.70705,11.65927,0,152,205,3,FISKE PLATS,DK,47,0,STELLA NOVA,2,156348,9,25,5,0,43,1,2016-12-20T03:53:12.000Z,gothenborg,2016-12-20T00:00:00.000Z,51,Fishing,gothenborg,1
57.70705,11.65928,0,328,206,4,FISKE PLATS,DK,47,0,STELLA NOVA,2,156348,9,25,5,0,43,1,2016-12-20T03:55:04.000Z,gothenborg,2016-12-20T00:00:00.000Z,51,Fishing,gothenborg,1
57.70706,11.65928,0,268,206,2,FISKE PLATS,DK,47,0,STELLA NOVA,2,156348,9,25,5,0,43,1,2016-12-20T03:57:05.000Z,gothenborg,2016-12-20T00:00:00.000Z,51,Fishing,gothenborg,1
57.70706,11.65928,0,268,206,4,FISKE PLATS,DK,47,0,STELLA NOVA,2,156348,9,25,5,0,43,1,2016-12-20T03:59:04.000Z,gothenborg,2016-12-20T00:00:00.000Z,51,Fishing,gothenborg,1
57.70706,11.6593,0,288,205,2,FISKE PLATS,DK,47,0,STELLA NOVA,2,156348,9,25,5,0,43,1,2016-12-20T04:01:11.000Z,gothenborg,2016-12-20T00:00:00.000Z,51,Fishing,gothenborg,1
57.70706,11.6593,0,288,205,4,FISKE PLATS,DK,47,0,STELLA NOVA,2,156348,9,25,5,0,43,1,2016-12-20T04:03:05.000Z,gothenborg,2016-12-20T00:00:00.000Z,51,Fishing,gothenborg,1
57.70706,11.6593,0,288,205,4,FISKE PLATS,DK,47,0,STELLA NOVA,2,156348,9,25,5,0,43,1,2016-12-20T04:05:13.000Z,gothenborg,2016-12-20T00:00:00.000Z,51,Fishing,gothenborg,1
57.70705,11.65929,0,222,205,4,FISKE PLATS,DK,47,0,STELLA NOVA,2,156348,9,25,5,0,43,1,2016-12-20T04:07:05.000Z,gothenborg,2016-12-20T00:00:00.000Z,51,Fishing,gothenborg,1
57.70705,11.65929,0,222,205,6,FISKE PLATS,DK,47,0,STELLA NOVA,2,156348,9,25,5,0,43,1,2016-12-20T04:09:05.000Z,gothenborg,2016-12-20T00:00:00.000Z,51,Fishing,gothenborg,1
57.70706,11.65928,0,349,205,3,FISKE PLATS,DK,47,0,STELLA NOVA,2,156348,9,25,5,0,43,1,2016-12-20T04:11:12.000Z,gothenborg,2016-12-20T00:00:00.000Z,51,Fishing,gothenborg,1
57.70706,11.65928,0,349,205,5,FISKE PLATS,DK,47,0,STELLA NOVA,2,156348,9,25,5,0,43,1,2016-12-20T04:13:05.000Z,gothenborg,2016-12-20T00:00:00.000Z,51,Fishing,gothenborg,1
57.70707,11.65926,0,177,205,3,FISKE PLATS,DK,47,0,STELLA NOVA,2,156348,9,25,5,0,43,1,2016-12-20T04:15:11.000Z,gothenborg,2016-12-20T00:00:00.000Z,51,Fishing,gothenborg,1
57.70707,11.65926,0,177,205,5,FISKE PLATS,DK,47,0,STELLA NOVA,2,156348,9,25,5,0,43,1,2016-12-20T04:17:05.000Z,gothenborg,2016-12-20T00:00:00.000Z,51,Fishing,gothenborg,1
57.70707,11.65927,0,243,206,3,FISKE PLATS,DK,47,0,STELLA NOVA,2,156348,9,25,5,0,43,1,2016-12-20T04:19:06.000Z,gothenborg,2016-12-20T00:00:00.000Z,51,Fishing,gothenborg,1
57.70707,11.65927,0,243,206,3,FISKE PLATS,DK,47,0,STELLA NOVA,2,156348,9,25,5,0,43,1,2016-12-20T04:21:04.000Z,gothenborg,2016-12-20T00:00:00.000Z,51,Fishing,gothenborg,1
57.70705,11.65928,0,353,206,3,FISKE PLATS,DK,47,0,STELLA NOVA,2,156348,9,25,5,0,43,1,2016-12-20T04:23:05.000Z,gothenborg,2016-12-20T00:00:00.000Z,51,Fishing,gothenborg,1
57.70705,11.65928,0,353,206,5,FISKE PLATS,DK,47,0,STELLA NOVA,2,156348,9,25,5,0,43,1,2016-12-20T04:25:05.000Z,gothenborg,2016-12-20T00:00:00.000Z,51,Fishing,gothenborg,1
57.70705,11.65928,0,316,205,3,FISKE PLATS,DK,47,0,STELLA NOVA,2,156348,9,25,5,0,43,1,2016-12-20T04:27:05.000Z,gothenborg,2016-12-20T00:00:00.000Z,51,Fishing,gothenborg,1
57.70705,11.65928,0,316,205,5,FISKE PLATS,DK,47,0,STELLA NOVA,2,156348,9,25,5,0,43,1,2016-12-20T04:29:13.000Z,gothenborg,2016-12-20T00:00:00.000Z,51,Fishing,gothenborg,1
57.70705,11.65928,0,316,205,5,FISKE PLATS,DK,47,0,STELLA NOVA,2,156348,9,25,5,0,43,1,2016-12-20T04:31:13.000Z,gothenborg,2016-12-20T00:00:00.000Z,51,Fishing,gothenborg,1
57.70706,11.65928,0,335,206,2,FISKE PLATS,DK,47,0,STELLA NOVA,2,156348,9,25,5,0,43,1,2016-12-20T04:33:13.000Z,gothenborg,2016-12-20T00:00:00.000Z,51,Fishing,gothenborg,1
57.70706,11.65928,0,335,206,4,FISKE PLATS,DK,47,0,STELLA NOVA,2,156348,9,25,5,0,43,1,2016-12-20T04:35:04.000Z,gothenborg,2016-12-20T00:00:00.000Z,51,Fishing,gothenborg,1
57.70707,11.65928,0,293,206,4,FISKE PLATS,DK,47,0,STELLA NOVA,2,156348,9,25,5,0,43,1,2016-12-20T04:39:13.000Z,gothenborg,2016-12-20T00:00:00.000Z,51,Fishing,gothenborg,1
57.70705,11.65927,0,307,206,2,FISKE PLATS,DK,47,0,STELLA NOVA,2,156348,9,25,5,0,43,1,2016-12-20T04:41:05.000Z,gothenborg,2016-12-20T00:00:00.000Z,51,Fishing,gothenborg,1
57.70705,11.65927,0,307,206,4,FISKE PLATS,DK,47,0,STELLA NOVA,2,156348,9,25,5,0,43,1,2016-12-20T04:43:05.000Z,gothenborg,2016-12-20T00:00:00.000Z,51,Fishing,gothenborg,1
57.70705,11.65926,0,341,206,2,FISKE PLATS,DK,47,0,STELLA NOVA,2,156348,9,25,5,0,43,1,2016-12-20T04:45:05.000Z,gothenborg,2016-12-20T00:00:00.000Z,51,Fishing,gothenborg,1
57.70705,11.65926,0,341,206,4,FISKE PLATS,DK,47,0,STELLA NOVA,2,156348,9,25,5,0,43,1,2016-12-20T04:47:12.000Z,gothenborg,2016-12-20T00:00:00.000Z,51,Fishing,gothenborg,1
57.70705,11.65926,0,341,206,4,FISKE PLATS,DK,47,0,STELLA NOVA,2,156348,9,25,5,0,43,1,2016-12-20T04:49:05.000Z,gothenborg,2016-12-20T00:00:00.000Z,51,Fishing,gothenborg,1
57.70706,11.65926,0,16,206,4,FISKE PLATS,DK,47,0,STELLA NOVA,2,156348,9,25,5,0,43,1,2016-12-20T04:51:05.000Z,gothenborg,2016-12-20T00:00:00.000Z,51,Fishing,gothenborg,1
57.70707,11.65929,0,341,206,2,FISKE PLATS,DK,47,0,STELLA NOVA,2,156348,9,25,5,0,43,1,2016-12-20T04:53:12.000Z,gothenborg,2016-12-20T00:00:00.000Z,51,Fishing,gothenborg,1
57.70707,11.65929,0,341,206,4,FISKE PLATS,DK,47,0,STELLA NOVA,2,156348,9,25,5,0,43,1,2016-12-20T04:55:05.000Z,gothenborg,2016-12-20T00:00:00.000Z,51,Fishing,gothenborg,1
57.70707,11.65929,0,341,206,6,FISKE PLATS,DK,47,0,STELLA NOVA,2,156348,9,25,5,0,43,1,2016-12-20T04:57:05.000Z,gothenborg,2016-12-20T00:00:00.000Z,51,Fishing,gothenborg,1
57.70705,11.65928,0,293,206,3,FISKE PLATS,DK,47,0,STELLA NOVA,2,156348,9,25,5,0,43,1,2016-12-20T04:59:06.000Z,gothenborg,2016-12-20T00:00:00.000Z,51,Fishing,gothenborg,1
57.70705,11.65928,0,293,206,5,FISKE PLATS,DK,47,0,STELLA NOVA,2,156348,9,25,5,0,43,1,2016-12-20T05:01:03.000Z,gothenborg,2016-12-20T00:00:00.000Z,51,Fishing,gothenborg,1
57.70707,11.65927,0,314,205,3,FISKE PLATS,DK,47,0,STELLA NOVA,2,156348,9,25,5,0,43,1,2016-12-20T05:03:06.000Z,gothenborg,2016-12-20T00:00:00.000Z,51,Fishing,gothenborg,1
57.70707,11.65927,0,314,205,5,FISKE PLATS,DK,47,0,STELLA NOVA,2,156348,9,25,5,0,43,1,2016-12-20T05:05:05.000Z,gothenborg,2016-12-20T00:00:00.000Z,51,Fishing,gothenborg,1
57.70707,11.65928,0,24,205,3,FISKE PLATS,DK,47,0,STELLA NOVA,2,156348,9,25,5,0,43,1,2016-12-20T05:07:05.000Z,gothenborg,2016-12-20T00:00:00.000Z,51,Fishing,gothenborg,1
57.70707,11.65928,0,24,205,5,FISKE PLATS,DK,47,0,STELLA NOVA,2,156348,9,25,5,0,43,1,2016-12-20T05:09:14.000Z,gothenborg,2016-12-20T00:00:00.000Z,51,Fishing,gothenborg,1
57.70707,11.65928,0,192,205,3,FISKE PLATS,DK,47,0,STELLA NOVA,2,156348,9,25,5,0,43,1,2016-12-20T05:11:05.000Z,gothenborg,2016-12-20T00:00:00.000Z,51,Fishing,gothenborg,1
57.70705,11.6593,0,338,205,2,FISKE PLATS,DK,47,0,STELLA NOVA,2,156348,9,25,5,0,43,1,2016-12-20T05:13:12.000Z,gothenborg,2016-12-20T00:00:00.000Z,51,Fishing,gothenborg,1
57.70705,11.6593,0,338,205,4,FISKE PLATS,DK,47,0,STELLA NOVA,2,156348,9,25,5,0,43,1,2016-12-20T05:15:05.000Z,gothenborg,2016-12-20T00:00:00.000Z,51,Fishing,gothenborg,1
57.70707,11.65929,0,343,205,3,FISKE PLATS,DK,47,0,STELLA NOVA,2,156348,9,25,5,0,43,1,2016-12-20T05:17:05.000Z,gothenborg,2016-12-20T00:00:00.000Z,51,Fishing,gothenborg,1
57.70706,11.65931,0,258,205,2,FISKE PLATS,DK,47,0,STELLA NOVA,2,156348,9,25,5,0,43,1,2016-12-20T05:19:05.000Z,gothenborg,2016-12-20T00:00:00.000Z,51,Fishing,gothenborg,1
57.70706,11.65931,0,258,205,4,FISKE PLATS,DK,47,0,STELLA NOVA,2,156348,9,25,5,0,43,1,2016-12-20T05:21:12.000Z,gothenborg,2016-12-20T00:00:00.000Z,51,Fishing,gothenborg,1
57.70706,11.65931,0,258,205,4,FISKE PLATS,DK,47,0,STELLA NOVA,2,156348,9,25,5,0,43,1,2016-12-20T05:23:05.000Z,gothenborg,2016-12-20T00:00:00.000Z,51,Fishing,gothenborg,1
57.70705,11.65927,0,299,205,2,FISKE PLATS,DK,47,0,STELLA NOVA,2,156348,9,25,5,0,43,1,2016-12-20T05:25:05.000Z,gothenborg,2016-12-20T00:00:00.000Z,51,Fishing,gothenborg,1
57.70705,11.65927,0,299,205,4,FISKE PLATS,DK,47,0,STELLA NOVA,2,156348,9,25,5,0,43,1,2016-12-20T05:27:05.000Z,gothenborg,2016-12-20T00:00:00.000Z,51,Fishing,gothenborg,1
57.70707,11.6593,0,304,205,2,FISKE PLATS,DK,47,0,STELLA NOVA,2,156348,9,25,5,0,43,1,2016-12-20T05:29:05.000Z,gothenborg,2016-12-20T00:00:00.000Z,51,Fishing,gothenborg,1
57.70707,11.6593,0,304,205,3,FISKE PLATS,DK,47,0,STELLA NOVA,2,156348,9,25,5,0,43,1,2016-12-20T05:31:06.000Z,gothenborg,2016-12-20T00:00:00.000Z,51,Fishing,gothenborg,1
57.70707,11.6593,0,304,205,4,FISKE PLATS,DK,47,0,STELLA NOVA,2,156348,9,25,5,0,43,1,2016-12-20T05:33:05.000Z,gothenborg,2016-12-20T00:00:00.000Z,51,Fishing,gothenborg,1
57.70705,11.65928,0,271,206,4,FISKE PLATS,DK,47,0,STELLA NOVA,2,156348,9,25,5,0,43,1,2016-12-20T05:35:05.000Z,gothenborg,2016-12-20T00:00:00.000Z,51,Fishing,gothenborg,1
57.70707,11.65929,0,217,205,3,FISKE PLATS,DK,47,0,STELLA NOVA,2,156348,9,25,5,0,43,1,2016-12-20T05:37:05.000Z,gothenborg,2016-12-20T00:00:00.000Z,51,Fishing,gothenborg,1
57.70707,11.65929,0,217,205,5,FISKE PLATS,DK,47,0,STELLA NOVA,2,156348,9,25,5,0,43,1,2016-12-20T05:39:05.000Z,gothenborg,2016-12-20T00:00:00.000Z,51,Fishing,gothenborg,1
57.70705,11.65925,0,230,205,3,FISKE PLATS,DK,47,0,STELLA NOVA,2,156348,9,25,5,0,43,1,2016-12-20T05:41:05.000Z,gothenborg,2016-12-20T00:00:00.000Z,51,Fishing,gothenborg,1
57.70705,11.65928,0,237,205,2,FISKE PLATS,DK,47,0,STELLA NOVA,2,156348,9,25,5,0,43,1,2016-12-20T05:43:05.000Z,gothenborg,2016-12-20T00:00:00.000Z,51,Fishing,gothenborg,1
57.70705,11.65928,0,237,205,4,FISKE PLATS,DK,47,0,STELLA NOVA,2,156348,9,25,5,0,43,1,2016-12-20T05:45:04.000Z,gothenborg,2016-12-20T00:00:00.000Z,51,Fishing,gothenborg,1
57.70705,11.65927,0,294,206,3,FISKE PLATS,DK,47,0,STELLA NOVA,2,156348,9,25,5,0,43,1,2016-12-20T05:47:05.000Z,gothenborg,2016-12-20T00:00:00.000Z,51,Fishing,gothenborg,1
57.70705,11.65927,0,294,206,5,FISKE PLATS,DK,47,0,STELLA NOVA,2,156348,9,25,5,0,43,1,2016-12-20T05:49:05.000Z,gothenborg,2016-12-20T00:00:00.000Z,51,Fishing,gothenborg,1
57.70705,11.65927,0,256,205,3,FISKE PLATS,DK,47,0,STELLA NOVA,2,156348,9,25,5,0,43,1,2016-12-20T05:51:04.000Z,gothenborg,2016-12-20T00:00:00.000Z,51,Fishing,gothenborg,1
57.70706,11.65928,0,231,205,2,FISKE PLATS,DK,47,0,STELLA NOVA,2,156348,9,25,5,0,43,1,2016-12-20T05:53:06.000Z,gothenborg,2016-12-20T00:00:00.000Z,51,Fishing,gothenborg,1
57.70706,11.65928,0,231,205,4,FISKE PLATS,DK,47,0,STELLA NOVA,2,156348,9,25,5,0,43,1,2016-12-20T05:55:05.000Z,gothenborg,2016-12-20T00:00:00.000Z,51,Fishing,gothenborg,1
57.70704,11.65926,0,246,205,2,FISKE PLATS,DK,47,0,STELLA NOVA,2,156348,9,25,5,0,43,1,2016-12-20T05:57:06.000Z,gothenborg,2016-12-20T00:00:00.000Z,51,Fishing,gothenborg,1
57.70704,11.65926,0,246,205,4,FISKE PLATS,DK,47,0,STELLA NOVA,2,156348,9,25,5,0,43,1,2016-12-20T05:59:05.000Z,gothenborg,2016-12-20T00:00:00.000Z,51,Fishing,gothenborg,1
57.70704,11.65924,0,271,205,3,FISKE PLATS,DK,47,0,STELLA NOVA,2,156348,9,25,5,0,43,1,2016-12-20T06:01:05.000Z,gothenborg,2016-12-20T00:00:00.000Z,51,Fishing,gothenborg,1
57.70704,11.65926,0,235,205,2,FISKE PLATS,DK,47,0,STELLA NOVA,2,156348,9,25,5,0,43,1,2016-12-20T06:03:05.000Z,gothenborg,2016-12-20T00:00:00.000Z,51,Fishing,gothenborg,1
57.70704,11.65926,0,235,205,4,FISKE PLATS,DK,47,0,STELLA NOVA,2,156348,9,25,5,0,43,1,2016-12-20T06:05:05.000Z,gothenborg,2016-12-20T00:00:00.000Z,51,Fishing,gothenborg,1
57.70707,11.65927,0,292,205,3,FISKE PLATS,DK,47,0,STELLA NOVA,2,156348,9,25,5,0,43,1,2016-12-20T06:07:05.000Z,gothenborg,2016-12-20T00:00:00.000Z,51,Fishing,gothenborg,1
57.70704,11.65927,0,250,205,2,FISKE PLATS,DK,47,0,STELLA NOVA,2,156348,9,25,5,0,43,1,2016-12-20T06:09:04.000Z,gothenborg,2016-12-20T00:00:00.000Z,51,Fishing,gothenborg,1
57.70704,11.65927,0,250,205,4,FISKE PLATS,DK,47,0,STELLA NOVA,2,156348,9,25,5,0,43,1,2016-12-20T06:11:05.000Z,gothenborg,2016-12-20T00:00:00.000Z,51,Fishing,gothenborg,1
57.70707,11.65927,0,5,205,2,FISKE PLATS,DK,47,0,STELLA NOVA,2,156348,9,25,5,0,43,1,2016-12-20T06:13:05.000Z,gothenborg,2016-12-20T00:00:00.000Z,51,Fishing,gothenborg,1
57.70705,11.65928,0,214,205,3,FISKE PLATS,DK,47,0,STELLA NOVA,2,156348,9,25,5,0,43,1,2016-12-20T06:17:06.000Z,gothenborg,2016-12-20T00:00:00.000Z,51,Fishing,gothenborg,1
57.70706,11.65928,0,178,205,2,FISKE PLATS,DK,47,0,STELLA NOVA,2,156348,9,25,5,0,43,1,2016-12-20T06:19:05.000Z,gothenborg,2016-12-20T00:00:00.000Z,51,Fishing,gothenborg,1
57.70706,11.65928,0,178,205,4,FISKE PLATS,DK,47,0,STELLA NOVA,2,156348,9,25,5,0,43,1,2016-12-20T06:21:13.000Z,gothenborg,2016-12-20T00:00:00.000Z,51,Fishing,gothenborg,1
57.70709,11.65929,0,266,205,2,FISKE PLATS,DK,47,0,STELLA NOVA,2,156348,9,25,5,0,43,1,2016-12-20T06:23:05.000Z,gothenborg,2016-12-20T00:00:00.000Z,51,Fishing,gothenborg,1
57.70709,11.65929,0,266,205,4,FISKE PLATS,DK,47,0,STELLA NOVA,2,156348,9,25,5,0,43,1,2016-12-20T06:25:06.000Z,gothenborg,2016-12-20T00:00:00.000Z,51,Fishing,gothenborg,1
57.70707,11.65928,0,309,205,3,FISKE PLATS,DK,47,0,STELLA NOVA,2,156348,9,25,5,0,43,1,2016-12-20T06:27:06.000Z,gothenborg,2016-12-20T00:00:00.000Z,51,Fishing,gothenborg,1
57.70707,11.65928,0,309,205,3,FISKE PLATS,DK,47,0,STELLA NOVA,2,156348,9,25,5,0,43,1,2016-12-20T06:29:05.000Z,gothenborg,2016-12-20T00:00:00.000Z,51,Fishing,gothenborg,1
57.70708,11.65929,0,218,205,3,FISKE PLATS,DK,47,0,STELLA NOVA,2,156348,9,25,5,0,43,1,2016-12-20T06:31:05.000Z,gothenborg,2016-12-20T00:00:00.000Z,51,Fishing,gothenborg,1
57.70708,11.65929,0,218,205,5,FISKE PLATS,DK,47,0,STELLA NOVA,2,156348,9,25,5,0,43,1,2016-12-20T06:33:05.000Z,gothenborg,2016-12-20T00:00:00.000Z,51,Fishing,gothenborg,1
57.70705,11.65924,0,297,205,1,FISKE PLATS,DK,47,0,STELLA NOVA,2,156348,9,25,5,0,43,1,2016-12-20T06:35:05.000Z,gothenborg,2016-12-20T00:00:00.000Z,51,Fishing,gothenborg,1
57.70704,11.65924,0,300,205,2,FISKE PLATS,DK,47,0,STELLA NOVA,2,156348,9,25,5,0,43,1,2016-12-20T06:37:15.000Z,gothenborg,2016-12-20T00:00:00.000Z,51,Fishing,gothenborg,1
57.70704,11.65924,0,300,205,4,FISKE PLATS,DK,47,0,STELLA NOVA,2,156348,9,25,5,0,43,1,2016-12-20T06:39:05.000Z,gothenborg,2016-12-20T00:00:00.000Z,51,Fishing,gothenborg,1
57.70706,11.6593,0,220,206,2,FISKE PLATS,DK,47,0,STELLA NOVA,2,156348,9,25,5,0,43,1,2016-12-20T06:41:05.000Z,gothenborg,2016-12-20T00:00:00.000Z,51,Fishing,gothenborg,1
57.70706,11.6593,0,220,206,4,FISKE PLATS,DK,47,0,STELLA NOVA,2,156348,9,25,5,0,43,1,2016-12-20T06:43:04.000Z,gothenborg,2016-12-20T00:00:00.000Z,51,Fishing,gothenborg,1
57.70708,11.6593,0,236,205,2,FISKE PLATS,DK,47,0,STELLA NOVA,2,156348,9,25,5,0,43,1,2016-12-20T06:45:05.000Z,gothenborg,2016-12-20T00:00:00.000Z,51,Fishing,gothenborg,1
57.70708,11.6593,0,236,205,4,FISKE PLATS,DK,47,0,STELLA NOVA,2,156348,9,25,5,0,43,1,2016-12-20T06:47:05.000Z,gothenborg,2016-12-20T00:00:00.000Z,51,Fishing,gothenborg,1
57.70706,11.65928,0,234,205,2,FISKE PLATS,DK,47,0,STELLA NOVA,2,156348,9,25,5,0,43,1,2016-12-20T06:49:05.000Z,gothenborg,2016-12-20T00:00:00.000Z,51,Fishing,gothenborg,1
57.70706,11.65928,0,234,205,3,FISKE PLATS,DK,47,0,STELLA NOVA,2,156348,9,25,5,0,43,1,2016-12-20T06:51:05.000Z,gothenborg,2016-12-20T00:00:00.000Z,51,Fishing,gothenborg,1
57.70706,11.65926,0,277,205,2,FISKE PLATS,DK,47,0,STELLA NOVA,2,156348,9,25,5,0,43,1,2016-12-20T06:53:05.000Z,gothenborg,2016-12-20T00:00:00.000Z,51,Fishing,gothenborg,1
57.70706,11.65926,0,277,205,4,FISKE PLATS,DK,47,0,STELLA NOVA,2,156348,9,25,5,0,43,1,2016-12-20T06:55:05.000Z,gothenborg,2016-12-20T00:00:00.000Z,51,Fishing,gothenborg,1
57.70708,11.6593,0,233,205,3,FISKE PLATS,DK,47,0,STELLA NOVA,2,156348,9,25,5,0,43,1,2016-12-20T06:57:05.000Z,gothenborg,2016-12-20T00:00:00.000Z,51,Fishing,gothenborg,1
57.70704,11.65926,0,233,205,2,FISKE PLATS,DK,47,0,STELLA NOVA,2,156348,9,25,5,0,43,1,2016-12-20T06:59:05.000Z,gothenborg,2016-12-20T00:00:00.000Z,51,Fishing,gothenborg,1
57.70704,11.65926,0,233,205,4,FISKE PLATS,DK,47,0,STELLA NOVA,2,156348,9,25,5,0,43,1,2016-12-20T07:01:06.000Z,gothenborg,2016-12-20T00:00:00.000Z,51,Fishing,gothenborg,1
57.70705,11.65925,0,236,205,3,FISKE PLATS,DK,47,0,STELLA NOVA,2,156348,9,25,5,0,43,1,2016-12-20T07:03:05.000Z,gothenborg,2016-12-20T00:00:00.000Z,51,Fishing,gothenborg,1
57.70707,11.65928,0,254,205,1,FISKE PLATS,DK,47,0,STELLA NOVA,2,156348,9,25,5,0,43,1,2016-12-20T07:05:05.000Z,gothenborg,2016-12-20T00:00:00.000Z,51,Fishing,gothenborg,1
57.70707,11.65928,0,254,205,4,FISKE PLATS,DK,47,0,STELLA NOVA,2,156348,9,25,5,0,43,1,2016-12-20T07:07:05.000Z,gothenborg,2016-12-20T00:00:00.000Z,51,Fishing,gothenborg,1
57.70708,11.65928,0,286,205,3,FISKE PLATS,DK,47,0,STELLA NOVA,2,156348,9,25,5,0,43,1,2016-12-20T07:09:06.000Z,gothenborg,2016-12-20T00:00:00.000Z,51,Fishing,gothenborg,1
57.70708,11.65928,0,286,205,5,FISKE PLATS,DK,47,0,STELLA NOVA,2,156348,9,25,5,0,43,1,2016-12-20T07:11:05.000Z,gothenborg,2016-12-20T00:00:00.000Z,51,Fishing,gothenborg,1
57.70705,11.65925,0,231,205,3,FISKE PLATS,DK,47,0,STELLA NOVA,2,156348,9,25,5,0,43,1,2016-12-20T07:13:04.000Z,gothenborg,2016-12-20T00:00:00.000Z,51,Fishing,gothenborg,1
57.70705,11.65925,0,231,205,5,FISKE PLATS,DK,47,0,STELLA NOVA,2,156348,9,25,5,0,43,1,2016-12-20T07:15:05.000Z,gothenborg,2016-12-20T00:00:00.000Z,51,Fishing,gothenborg,1
57.70707,11.65929,0,275,205,3,FISKE PLATS,DK,47,0,STELLA NOVA,2,156348,9,25,5,0,43,1,2016-12-20T07:17:05.000Z,gothenborg,2016-12-20T00:00:00.000Z,51,Fishing,gothenborg,1
57.70707,11.65929,0,275,205,5,FISKE PLATS,DK,47,0,STELLA NOVA,2,156348,9,25,5,0,43,1,2016-12-20T07:19:06.000Z,gothenborg,2016-12-20T00:00:00.000Z,51,Fishing,gothenborg,1
57.70707,11.65927,0,221,206,2,FISKE PLATS,DK,47,0,STELLA NOVA,2,156348,9,25,5,0,43,1,2016-12-20T07:21:05.000Z,gothenborg,2016-12-20T00:00:00.000Z,51,Fishing,gothenborg,1
57.70707,11.65927,0,221,206,4,FISKE PLATS,DK,47,0,STELLA NOVA,2,156348,9,25,5,0,43,1,2016-12-20T07:23:05.000Z,gothenborg,2016-12-20T00:00:00.000Z,51,Fishing,gothenborg,1
57.70707,11.65927,0,275,206,3,FISKE PLATS,DK,47,0,STELLA NOVA,2,156348,9,25,5,0,43,1,2016-12-20T07:25:05.000Z,gothenborg,2016-12-20T00:00:00.000Z,51,Fishing,gothenborg,1
57.70707,11.65928,0,270,206,2,FISKE PLATS,DK,47,0,STELLA NOVA,2,156348,9,25,5,0,43,1,2016-12-20T07:27:05.000Z,gothenborg,2016-12-20T00:00:00.000Z,51,Fishing,gothenborg,1
57.70707,11.65928,0,270,206,4,FISKE PLATS,DK,47,0,STELLA NOVA,2,156348,9,25,5,0,43,1,2016-12-20T07:29:05.000Z,gothenborg,2016-12-20T00:00:00.000Z,51,Fishing,gothenborg,1
57.70707,11.65929,0,328,206,1,FISKE PLATS,DK,47,0,STELLA NOVA,2,156348,9,25,5,0,43,1,2016-12-20T07:31:05.000Z,gothenborg,2016-12-20T00:00:00.000Z,51,Fishing,gothenborg,1
57.70707,11.65929,0,328,206,4,FISKE PLATS,DK,47,0,STELLA NOVA,2,156348,9,25,5,0,43,1,2016-12-20T07:33:05.000Z,gothenborg,2016-12-20T00:00:00.000Z,51,Fishing,gothenborg,1
57.70708,11.65926,0,278,206,3,FISKE PLATS,DK,47,0,STELLA NOVA,2,156348,9,25,5,0,43,1,2016-12-20T07:35:05.000Z,gothenborg,2016-12-20T00:00:00.000Z,51,Fishing,gothenborg,1
57.70708,11.65926,0,278,206,5,FISKE PLATS,DK,47,0,STELLA NOVA,2,156348,9,25,5,0,43,1,2016-12-20T07:37:05.000Z,gothenborg,2016-12-20T00:00:00.000Z,51,Fishing,gothenborg,1
57.70707,11.65929,0,307,204,2,FISKE PLATS,DK,47,0,STELLA NOVA,2,156348,9,25,5,0,43,1,2016-12-20T07:39:05.000Z,gothenborg,2016-12-20T00:00:00.000Z,51,Fishing,gothenborg,1
57.70707,11.65929,0,307,204,4,FISKE PLATS,DK,47,0,STELLA NOVA,2,156348,9,25,5,0,43,1,2016-12-20T07:41:05.000Z,gothenborg,2016-12-20T00:00:00.000Z,51,Fishing,gothenborg,1
57.70707,11.65927,0,326,206,1,FISKE PLATS,DK,47,0,STELLA NOVA,2,156348,9,25,5,0,43,1,2016-12-20T07:43:05.000Z,gothenborg,2016-12-20T00:00:00.000Z,51,Fishing,gothenborg,1
57.70707,11.65927,0,326,206,4,FISKE PLATS,DK,47,0,STELLA NOVA,2,156348,9,25,5,0,43,1,2016-12-20T07:45:05.000Z,gothenborg,2016-12-20T00:00:00.000Z,51,Fishing,gothenborg,1
57.70707,11.65926,0,313,206,2,FISKE PLATS,DK,47,0,STELLA NOVA,2,156348,9,25,5,0,43,1,2016-12-20T07:47:13.000Z,gothenborg,2016-12-20T00:00:00.000Z,51,Fishing,gothenborg,1
57.70707,11.65926,0,313,206,4,FISKE PLATS,DK,47,0,STELLA NOVA,2,156348,9,25,5,0,43,1,2016-12-20T07:49:05.000Z,gothenborg,2016-12-20T00:00:00.000Z,51,Fishing,gothenborg,1
57.70707,11.65928,0,320,206,2,FISKE PLATS,DK,47,0,STELLA NOVA,2,156348,9,25,5,0,43,1,2016-12-20T07:51:05.000Z,gothenborg,2016-12-20T00:00:00.000Z,51,Fishing,gothenborg,1
57.70707,11.65928,0,320,206,4,FISKE PLATS,DK,47,0,STELLA NOVA,2,156348,9,25,5,0,43,1,2016-12-20T07:53:05.000Z,gothenborg,2016-12-20T00:00:00.000Z,51,Fishing,gothenborg,1
57.70708,11.65926,0,315,205,3,FISKE PLATS,DK,47,0,STELLA NOVA,2,156348,9,25,5,0,43,1,2016-12-20T07:55:13.000Z,gothenborg,2016-12-20T00:00:00.000Z,51,Fishing,gothenborg,1
57.70708,11.65926,0,315,205,5,FISKE PLATS,DK,47,0,STELLA NOVA,2,156348,9,25,5,0,43,1,2016-12-20T07:57:05.000Z,gothenborg,2016-12-20T00:00:00.000Z,51,Fishing,gothenborg,1
57.70707,11.65923,0,288,205,2,FISKE PLATS,DK,47,0,STELLA NOVA,2,156348,9,25,5,0,43,1,2016-12-20T07:59:04.000Z,gothenborg,2016-12-20T00:00:00.000Z,51,Fishing,gothenborg,1
57.70707,11.65923,0,288,205,5,FISKE PLATS,DK,47,0,STELLA NOVA,2,156348,9,25,5,0,43,1,2016-12-20T08:01:05.000Z,gothenborg,2016-12-20T00:00:00.000Z,51,Fishing,gothenborg,1
57.70709,11.65925,0,287,205,3,FISKE PLATS,DK,47,0,STELLA NOVA,2,156348,9,25,5,0,43,1,2016-12-20T08:03:04.000Z,gothenborg,2016-12-20T00:00:00.000Z,51,Fishing,gothenborg,1
57.70708,11.65927,0,270,206,2,FISKE PLATS,DK,47,0,STELLA NOVA,2,156348,9,25,5,0,43,1,2016-12-20T08:05:05.000Z,gothenborg,2016-12-20T00:00:00.000Z,51,Fishing,gothenborg,1
57.70708,11.65927,0,270,206,4,FISKE PLATS,DK,47,0,STELLA NOVA,2,156348,9,25,5,0,43,1,2016-12-20T08:07:05.000Z,gothenborg,2016-12-20T00:00:00.000Z,51,Fishing,gothenborg,1
57.70709,11.65926,0,307,205,3,FISKE PLATS,DK,47,0,STELLA NOVA,2,156348,9,25,5,0,43,1,2016-12-20T08:09:06.000Z,gothenborg,2016-12-20T00:00:00.000Z,51,Fishing,gothenborg,1
57.70709,11.65926,0,307,205,5,FISKE PLATS,DK,47,0,STELLA NOVA,2,156348,9,25,5,0,43,1,2016-12-20T08:11:05.000Z,gothenborg,2016-12-20T00:00:00.000Z,51,Fishing,gothenborg,1
57.70707,11.65928,0,303,205,3,FISKE PLATS,DK,47,0,STELLA NOVA,2,156348,9,25,5,0,43,1,2016-12-20T08:13:05.000Z,gothenborg,2016-12-20T00:00:00.000Z,51,Fishing,gothenborg,1
57.70707,11.65927,0,310,206,2,FISKE PLATS,DK,47,0,STELLA NOVA,2,156348,9,25,5,0,43,1,2016-12-20T08:15:13.000Z,gothenborg,2016-12-20T00:00:00.000Z,51,Fishing,gothenborg,1
57.70707,11.65927,0,310,206,4,FISKE PLATS,DK,47,0,STELLA NOVA,2,156348,9,25,5,0,43,1,2016-12-20T08:17:05.000Z,gothenborg,2016-12-20T00:00:00.000Z,51,Fishing,gothenborg,1
57.70707,11.65929,0,300,206,2,FISKE PLATS,DK,47,0,STELLA NOVA,2,156348,9,25,5,0,43,1,2016-12-20T08:19:05.000Z,gothenborg,2016-12-20T00:00:00.000Z,51,Fishing,gothenborg,1
57.70709,11.65926,0,286,206,2,FISKE PLATS,DK,47,0,STELLA NOVA,2,156348,9,25,5,0,43,1,2016-12-20T08:21:04.000Z,gothenborg,2016-12-20T00:00:00.000Z,51,Fishing,gothenborg,1
57.70709,11.65926,0,286,206,4,FISKE PLATS,DK,47,0,STELLA NOVA,2,156348,9,25,5,0,43,1,2016-12-20T08:23:05.000Z,gothenborg,2016-12-20T00:00:00.000Z,51,Fishing,gothenborg,1
57.70708,11.6593,0,289,206,2,FISKE PLATS,DK,47,0,STELLA NOVA,2,156348,9,25,5,0,43,1,2016-12-20T08:25:05.000Z,gothenborg,2016-12-20T00:00:00.000Z,51,Fishing,gothenborg,1
57.70708,11.6593,0,289,206,4,FISKE PLATS,DK,47,0,STELLA NOVA,2,156348,9,25,5,0,43,1,2016-12-20T08:27:13.000Z,gothenborg,2016-12-20T00:00:00.000Z,51,Fishing,gothenborg,1
57.70708,11.65931,0,289,206,3,FISKE PLATS,DK,47,0,STELLA NOVA,2,156348,9,25,5,0,43,1,2016-12-20T08:29:05.000Z,gothenborg,2016-12-20T00:00:00.000Z,51,Fishing,gothenborg,1
57.70708,11.65931,0,289,206,5,FISKE PLATS,DK,47,0,STELLA NOVA,2,156348,9,25,5,0,43,1,2016-12-20T08:31:05.000Z,gothenborg,2016-12-20T00:00:00.000Z,51,Fishing,gothenborg,1
57.70706,11.65928,0,296,206,3,FISKE PLATS,DK,47,0,STELLA NOVA,2,156348,9,25,5,0,43,1,2016-12-20T08:33:04.000Z,gothenborg,2016-12-20T00:00:00.000Z,51,Fishing,gothenborg,1
57.70707,11.65929,0,346,206,2,FISKE PLATS,DK,47,0,STELLA NOVA,2,156348,9,25,5,0,43,1,2016-12-20T08:35:13.000Z,gothenborg,2016-12-20T00:00:00.000Z,51,Fishing,gothenborg,1
57.70707,11.65929,0,346,206,4,FISKE PLATS,DK,47,0,STELLA NOVA,2,156348,9,25,5,0,43,1,2016-12-20T08:37:05.000Z,gothenborg,2016-12-20T00:00:00.000Z,51,Fishing,gothenborg,1
57.70709,11.65927,0,18,205,3,FISKE PLATS,DK,47,0,STELLA NOVA,2,156348,9,25,5,0,43,1,2016-12-20T08:39:05.000Z,gothenborg,2016-12-20T00:00:00.000Z,51,Fishing,gothenborg,1
57.70709,11.65927,0,18,205,5,FISKE PLATS,DK,47,0,STELLA NOVA,2,156348,9,25,5,0,43,1,2016-12-20T08:41:05.000Z,gothenborg,2016-12-20T00:00:00.000Z,51,Fishing,gothenborg,1
57.70709,11.65928,0,185,205,3,FISKE PLATS,DK,47,0,STELLA NOVA,2,156348,9,25,5,0,43,1,2016-12-20T08:43:13.000Z,gothenborg,2016-12-20T00:00:00.000Z,51,Fishing,gothenborg,1
57.70709,11.65928,0,185,205,4,FISKE PLATS,DK,47,0,STELLA NOVA,2,156348,9,25,5,0,43,1,2016-12-20T08:45:05.000Z,gothenborg,2016-12-20T00:00:00.000Z,51,Fishing,gothenborg,1
57.70707,11.6593,0,331,205,3,FISKE PLATS,DK,47,0,STELLA NOVA,2,156348,9,25,5,0,43,1,2016-12-20T08:47:05.000Z,gothenborg,2016-12-20T00:00:00.000Z,51,Fishing,gothenborg,1
57.70707,11.6593,0,331,205,5,FISKE PLATS,DK,47,0,STELLA NOVA,2,156348,9,25,5,0,43,1,2016-12-20T08:49:06.000Z,gothenborg,2016-12-20T00:00:00.000Z,51,Fishing,gothenborg,1
57.70707,11.65928,0,293,205,3,FISKE PLATS,DK,47,0,STELLA NOVA,2,156348,9,25,5,0,43,1,2016-12-20T08:51:05.000Z,gothenborg,2016-12-20T00:00:00.000Z,51,Fishing,gothenborg,1
57.70707,11.65928,0,293,205,5,FISKE PLATS,DK,47,0,STELLA NOVA,2,156348,9,25,5,0,43,1,2016-12-20T08:53:05.000Z,gothenborg,2016-12-20T00:00:00.000Z,51,Fishing,gothenborg,1
57.70707,11.65928,0,285,205,1,FISKE PLATS,DK,47,0,STELLA NOVA,2,156348,9,25,5,0,43,1,2016-12-20T08:55:05.000Z,gothenborg,2016-12-20T00:00:00.000Z,51,Fishing,gothenborg,1
57.70706,11.65931,0,311,205,2,FISKE PLATS,DK,47,0,STELLA NOVA,2,156348,9,25,5,0,43,1,2016-12-20T08:57:05.000Z,gothenborg,2016-12-20T00:00:00.000Z,51,Fishing,gothenborg,1
57.70706,11.65931,0,311,205,4,FISKE PLATS,DK,47,0,STELLA NOVA,2,156348,9,25,5,0,43,1,2016-12-20T08:59:13.000Z,gothenborg,2016-12-20T00:00:00.000Z,51,Fishing,gothenborg,1
57.70706,11.65931,0,311,205,4,FISKE PLATS,DK,47,0,STELLA NOVA,2,156348,9,25,5,0,43,1,2016-12-20T09:01:03.000Z,gothenborg,2016-12-20T00:00:00.000Z,51,Fishing,gothenborg,1
57.70707,11.65928,0,24,205,4,FISKE PLATS,DK,47,0,STELLA NOVA,2,156348,9,25,5,0,43,1,2016-12-20T09:03:04.000Z,gothenborg,2016-12-20T00:00:00.000Z,51,Fishing,gothenborg,1
57.70707,11.6593,0,313,205,3,FISKE PLATS,DK,47,0,STELLA NOVA,2,156348,9,25,5,0,43,1,2016-12-20T09:05:05.000Z,gothenborg,2016-12-20T00:00:00.000Z,51,Fishing,gothenborg,1
57.70707,11.6593,0,313,205,5,FISKE PLATS,DK,47,0,STELLA NOVA,2,156348,9,25,5,0,43,1,2016-12-20T09:07:05.000Z,gothenborg,2016-12-20T00:00:00.000Z,51,Fishing,gothenborg,1
57.70705,11.65929,0,214,205,3,FISKE PLATS,DK,47,0,STELLA NOVA,2,156348,9,25,5,0,43,1,2016-12-20T09:09:13.000Z,gothenborg,2016-12-20T00:00:00.000Z,51,Fishing,gothenborg,1
57.70705,11.65929,0,214,205,5,FISKE PLATS,DK,47,0,STELLA NOVA,2,156348,9,25,5,0,43,1,2016-12-20T09:11:05.000Z,gothenborg,2016-12-20T00:00:00.000Z,51,Fishing,gothenborg,1
57.70705,11.65928,0,241,205,4,FISKE PLATS,DK,47,0,STELLA NOVA,2,156348,9,25,5,0,43,1,2016-12-20T09:31:05.000Z,gothenborg,2016-12-20T00:00:00.000Z,51,Fishing,gothenborg,1
57.70706,11.65928,0,229,205,2,FISKE PLATS,DK,47,0,STELLA NOVA,2,156348,9,25,5,0,43,1,2016-12-20T09:33:04.000Z,gothenborg,2016-12-20T00:00:00.000Z,51,Fishing,gothenborg,1
57.70705,11.65926,0,249,205,2,FISKE PLATS,DK,47,0,STELLA NOVA,2,156348,9,25,5,0,43,1,2016-12-20T09:37:05.000Z,gothenborg,2016-12-20T00:00:00.000Z,51,Fishing,gothenborg,1
57.70706,11.65929,0,244,205,5,FISKE PLATS,DK,47,0,STELLA NOVA,2,156348,9,25,5,0,43,1,2016-12-20T09:47:05.000Z,gothenborg,2016-12-20T00:00:00.000Z,51,Fishing,gothenborg,1
57.70705,11.65927,0,269,205,4,FISKE PLATS,DK,47,0,STELLA NOVA,2,156348,9,25,5,0,43,1,2016-12-20T09:55:05.000Z,gothenborg,2016-12-20T00:00:00.000Z,51,Fishing,gothenborg,1
57.70705,11.65928,0,311,205,2,FISKE PLATS,DK,47,0,STELLA NOVA,2,156348,9,25,5,0,43,1,2016-12-20T10:03:05.000Z,gothenborg,2016-12-20T00:00:00.000Z,51,Fishing,gothenborg,1
57.70707,11.65931,0,250,205,3,FISKE PLATS,DK,47,0,STELLA NOVA,2,156348,9,25,5,0,43,1,2016-12-20T10:11:05.000Z,gothenborg,2016-12-20T00:00:00.000Z,51,Fishing,gothenborg,1
57.70705,11.65928,0,281,205,5,FISKE PLATS,DK,47,0,STELLA NOVA,2,156348,9,25,5,0,43,1,2016-12-20T10:27:05.000Z,gothenborg,2016-12-20T00:00:00.000Z,51,Fishing,gothenborg,1
57.70705,11.65927,0,241,205,3,FISKE PLATS,DK,47,0,STELLA NOVA,2,156348,9,25,5,0,43,1,2016-12-20T10:29:05.000Z,gothenborg,2016-12-20T00:00:00.000Z,51,Fishing,gothenborg,1
57.70705,11.6593,0,301,205,3,FISKE PLATS,DK,47,0,STELLA NOVA,2,156348,9,25,5,0,43,1,2016-12-20T10:33:05.000Z,gothenborg,2016-12-20T00:00:00.000Z,51,Fishing,gothenborg,1
57.70706,11.6593,0,297,205,5,FISKE PLATS,DK,47,0,STELLA NOVA,2,156348,9,25,5,0,43,1,2016-12-20T10:41:05.000Z,gothenborg,2016-12-20T00:00:00.000Z,51,Fishing,gothenborg,1
57.70706,11.65927,0,274,205,2,FISKE PLATS,DK,47,0,STELLA NOVA,2,156348,9,25,5,0,43,1,2016-12-20T10:43:05.000Z,gothenborg,2016-12-20T00:00:00.000Z,51,Fishing,gothenborg,1
57.70706,11.65927,0,274,205,4,FISKE PLATS,DK,47,0,STELLA NOVA,2,156348,9,25,5,0,43,1,2016-12-20T10:45:05.000Z,gothenborg,2016-12-20T00:00:00.000Z,51,Fishing,gothenborg,1
57.70706,11.65927,0,252,205,5,FISKE PLATS,DK,47,0,STELLA NOVA,2,156348,9,25,5,0,43,1,2016-12-20T10:57:05.000Z,gothenborg,2016-12-20T00:00:00.000Z,51,Fishing,gothenborg,1
57.70707,11.65928,0,217,205,2,FISKE PLATS,DK,47,0,STELLA NOVA,2,156348,9,25,5,0,43,1,2016-12-20T10:59:05.000Z,gothenborg,2016-12-20T00:00:00.000Z,51,Fishing,gothenborg,1
57.70705,11.65927,0,284,205,4,FISKE PLATS,DK,47,0,STELLA NOVA,2,156348,9,25,5,0,43,1,2016-12-20T11:11:05.000Z,gothenborg,2016-12-20T00:00:00.000Z,51,Fishing,gothenborg,1
